perm_id	delta_ccd_draw	database_name	draw_type	bootstrap_id
1.0	0.22490645294002753	SEQC	permutation	
2.0	0.011773719147742057	SEQC	permutation	
3.0	-0.1181497883032252	SEQC	permutation	
4.0	-0.054817776910502936	SEQC	permutation	
5.0	0.09926849946667637	SEQC	permutation	
6.0	0.10156254040210122	SEQC	permutation	
7.0	0.11434817258635555	SEQC	permutation	
8.0	0.06741236905690862	SEQC	permutation	
9.0	0.05281810202931769	SEQC	permutation	
10.0	-0.20909025358919386	SEQC	permutation	
11.0	-0.14215718456301563	SEQC	permutation	
12.0	0.1895337915105868	SEQC	permutation	
13.0	-0.002925960466877875	SEQC	permutation	
14.0	0.1530906338231519	SEQC	permutation	
15.0	-0.007306567866016245	SEQC	permutation	
16.0	-0.1829771006296319	SEQC	permutation	
17.0	0.1632397241845247	SEQC	permutation	
18.0	0.19870105907559932	SEQC	permutation	
19.0	-0.2140997747332234	SEQC	permutation	
20.0	0.025934478903917757	SEQC	permutation	
21.0	-0.08064116204547922	SEQC	permutation	
22.0	0.10039342927750994	SEQC	permutation	
23.0	0.13723844167448807	SEQC	permutation	
24.0	-0.1519488993929654	SEQC	permutation	
25.0	0.020693234980177166	SEQC	permutation	
26.0	0.02479032118137159	SEQC	permutation	
27.0	0.19763092965726603	SEQC	permutation	
28.0	-0.09477062351948007	SEQC	permutation	
29.0	0.044347290422214414	SEQC	permutation	
30.0	0.047129515062445115	SEQC	permutation	
31.0	0.20221005983977935	SEQC	permutation	
32.0	0.28453219542886554	SEQC	permutation	
33.0	-0.08332359776515208	SEQC	permutation	
34.0	0.23900947112763227	SEQC	permutation	
35.0	0.0845915364325176	SEQC	permutation	
36.0	0.14918494301140672	SEQC	permutation	
37.0	-0.15282138657453537	SEQC	permutation	
38.0	-0.003595938204324689	SEQC	permutation	
39.0	0.018677081383335015	SEQC	permutation	
40.0	0.08358111823641323	SEQC	permutation	
41.0	0.1426838210697401	SEQC	permutation	
42.0	0.14045804417741348	SEQC	permutation	
43.0	0.0951488803694982	SEQC	permutation	
44.0	-0.05190475810772632	SEQC	permutation	
45.0	0.22194666576436806	SEQC	permutation	
46.0	-0.11414864441880113	SEQC	permutation	
47.0	-0.0977071612361593	SEQC	permutation	
48.0	-0.0307649059813766	SEQC	permutation	
49.0	0.14245598716635666	SEQC	permutation	
50.0	-0.1352605563879976	SEQC	permutation	
51.0	0.29618568717987426	SEQC	permutation	
52.0	-0.04201561132546505	SEQC	permutation	
53.0	0.26678660683777977	SEQC	permutation	
54.0	0.03823749407337562	SEQC	permutation	
55.0	0.041282450324606756	SEQC	permutation	
56.0	0.15641182748583038	SEQC	permutation	
57.0	0.0855339394697836	SEQC	permutation	
58.0	-0.2581972340302654	SEQC	permutation	
59.0	0.006938240972784726	SEQC	permutation	
60.0	-0.00627166167646287	SEQC	permutation	
61.0	-0.016800571973678124	SEQC	permutation	
62.0	0.14865343581043255	SEQC	permutation	
63.0	-0.193309530232451	SEQC	permutation	
64.0	-0.17821982624101906	SEQC	permutation	
65.0	-0.05487252392014952	SEQC	permutation	
66.0	0.14441932788942324	SEQC	permutation	
67.0	0.07301804797706524	SEQC	permutation	
68.0	-0.10033213329501667	SEQC	permutation	
69.0	0.03262522385221178	SEQC	permutation	
70.0	0.13468945461659043	SEQC	permutation	
71.0	-0.01426492517067146	SEQC	permutation	
72.0	0.014549807495715328	SEQC	permutation	
73.0	0.16879606114624313	SEQC	permutation	
74.0	0.10354007608557492	SEQC	permutation	
75.0	0.18405493389543093	SEQC	permutation	
76.0	0.21027440472307823	SEQC	permutation	
77.0	0.048409074115606465	SEQC	permutation	
78.0	-0.10086713008628401	SEQC	permutation	
79.0	0.11781304526555303	SEQC	permutation	
80.0	0.15601040550917045	SEQC	permutation	
81.0	-0.16120488775179442	SEQC	permutation	
82.0	0.19604647816364196	SEQC	permutation	
83.0	0.35530934468232367	SEQC	permutation	
84.0	0.25724365330852894	SEQC	permutation	
85.0	0.16685539974335217	SEQC	permutation	
86.0	-0.017841263170901733	SEQC	permutation	
87.0	-0.006796555159285234	SEQC	permutation	
88.0	-0.3022355938754213	SEQC	permutation	
89.0	0.25959958846817965	SEQC	permutation	
90.0	-0.013093603942103016	SEQC	permutation	
91.0	0.2825005792784143	SEQC	permutation	
92.0	-0.13362191412843316	SEQC	permutation	
93.0	0.17236563769796476	SEQC	permutation	
94.0	-0.3540679924175034	SEQC	permutation	
95.0	0.01575178068261973	SEQC	permutation	
96.0	0.10438775499427244	SEQC	permutation	
97.0	0.2509539112213943	SEQC	permutation	
98.0	0.14313231943988836	SEQC	permutation	
99.0	-0.09580072761709157	SEQC	permutation	
100.0	0.06145298935590837	SEQC	permutation	
101.0	0.29280464858102295	SEQC	permutation	
102.0	-0.033020470954395975	SEQC	permutation	
103.0	0.06107074388340816	SEQC	permutation	
104.0	0.1054585218813564	SEQC	permutation	
105.0	-0.19393827023557897	SEQC	permutation	
106.0	-0.011792011647276723	SEQC	permutation	
107.0	0.24674560566745107	SEQC	permutation	
108.0	-0.15072472157415362	SEQC	permutation	
109.0	0.01901038584716197	SEQC	permutation	
110.0	0.01164669248051986	SEQC	permutation	
111.0	0.04363908299729413	SEQC	permutation	
112.0	0.021639469354320262	SEQC	permutation	
113.0	0.21291587822218094	SEQC	permutation	
114.0	-0.06197029409967314	SEQC	permutation	
115.0	0.005172815171898826	SEQC	permutation	
116.0	-0.007493402282545247	SEQC	permutation	
117.0	0.042659964689548246	SEQC	permutation	
118.0	-0.08087304570565923	SEQC	permutation	
119.0	0.17543709476463842	SEQC	permutation	
120.0	0.1862770114920682	SEQC	permutation	
121.0	0.06408281999640941	SEQC	permutation	
122.0	-0.10029365427387482	SEQC	permutation	
123.0	-0.08731030729827616	SEQC	permutation	
124.0	0.09934060680457257	SEQC	permutation	
125.0	0.1306102892512877	SEQC	permutation	
126.0	-0.15485279466516833	SEQC	permutation	
127.0	0.22637457944925465	SEQC	permutation	
128.0	0.4048818789336801	SEQC	permutation	
129.0	0.04761543986901273	SEQC	permutation	
130.0	0.21034045081418018	SEQC	permutation	
131.0	0.09934553087641351	SEQC	permutation	
132.0	-0.11789271543100455	SEQC	permutation	
133.0	-0.04347036126408721	SEQC	permutation	
134.0	0.10228900027695431	SEQC	permutation	
135.0	0.3182177828508985	SEQC	permutation	
136.0	-0.04048757876738307	SEQC	permutation	
137.0	0.04655012292337002	SEQC	permutation	
138.0	0.32123868293173263	SEQC	permutation	
139.0	-0.2960493178592989	SEQC	permutation	
140.0	0.13902134219984763	SEQC	permutation	
141.0	0.2479546461661526	SEQC	permutation	
142.0	0.06400351565228579	SEQC	permutation	
143.0	0.18230593118942284	SEQC	permutation	
144.0	0.09755841286155231	SEQC	permutation	
145.0	0.16167022957547417	SEQC	permutation	
146.0	-0.35388804474737334	SEQC	permutation	
147.0	0.3248237201198272	SEQC	permutation	
148.0	-0.07810436305940271	SEQC	permutation	
149.0	-0.07258622475698662	SEQC	permutation	
150.0	0.22632173260825894	SEQC	permutation	
151.0	0.08959324106463384	SEQC	permutation	
152.0	-0.01952527506718127	SEQC	permutation	
153.0	0.32227471372660865	SEQC	permutation	
154.0	-0.1132293145959018	SEQC	permutation	
155.0	0.22282428247916108	SEQC	permutation	
156.0	-0.0012426921438981609	SEQC	permutation	
157.0	0.3367440634747396	SEQC	permutation	
158.0	0.0012975903760388263	SEQC	permutation	
159.0	-0.11974606380351993	SEQC	permutation	
160.0	0.05255088034406352	SEQC	permutation	
161.0	-0.023729972166870006	SEQC	permutation	
162.0	0.02308469203364716	SEQC	permutation	
163.0	0.08940343306165843	SEQC	permutation	
164.0	0.14728493177410318	SEQC	permutation	
165.0	0.10066783893487408	SEQC	permutation	
166.0	-0.06196692653945579	SEQC	permutation	
167.0	0.20171598497003984	SEQC	permutation	
168.0	-0.22563325676942725	SEQC	permutation	
169.0	0.14673879053435002	SEQC	permutation	
170.0	0.10787940410181651	SEQC	permutation	
171.0	-0.1058800240389699	SEQC	permutation	
172.0	0.012143363126754458	SEQC	permutation	
173.0	0.20882597295498684	SEQC	permutation	
174.0	0.10920366980556473	SEQC	permutation	
175.0	0.1598201021314134	SEQC	permutation	
176.0	-0.037896331381848114	SEQC	permutation	
177.0	-0.07951524982052582	SEQC	permutation	
178.0	-0.00421143090282694	SEQC	permutation	
179.0	-0.04617374407367425	SEQC	permutation	
180.0	0.046414771490535855	SEQC	permutation	
181.0	0.129365966091604	SEQC	permutation	
182.0	0.18717849714947832	SEQC	permutation	
183.0	0.061197270515640945	SEQC	permutation	
184.0	0.0969740256945606	SEQC	permutation	
185.0	0.05800274907164038	SEQC	permutation	
186.0	0.4033856719119955	SEQC	permutation	
187.0	0.1862605063541718	SEQC	permutation	
188.0	0.0628960934737659	SEQC	permutation	
189.0	0.16304680864536802	SEQC	permutation	
190.0	0.1781613895836074	SEQC	permutation	
191.0	0.03310356053335717	SEQC	permutation	
192.0	-0.010732837879091406	SEQC	permutation	
193.0	-0.18374358572156346	SEQC	permutation	
194.0	0.021920461439615124	SEQC	permutation	
195.0	-0.08517196031328478	SEQC	permutation	
196.0	0.16483824031709204	SEQC	permutation	
197.0	0.042769490608427496	SEQC	permutation	
198.0	0.07055889899725987	SEQC	permutation	
199.0	-0.22825685822519404	SEQC	permutation	
200.0	-0.07892430353188296	SEQC	permutation	
201.0	0.18831020341080862	SEQC	permutation	
202.0	0.16212072350381934	SEQC	permutation	
203.0	-0.2661533946756016	SEQC	permutation	
204.0	0.20300560760337216	SEQC	permutation	
205.0	0.007156530440235009	SEQC	permutation	
206.0	0.15071371209046713	SEQC	permutation	
207.0	-0.16596705809425227	SEQC	permutation	
208.0	-0.12559786994362732	SEQC	permutation	
209.0	0.25988597072839426	SEQC	permutation	
210.0	0.1949016537957764	SEQC	permutation	
211.0	0.23808655972453074	SEQC	permutation	
212.0	0.26866362440096214	SEQC	permutation	
213.0	-0.07154276090908418	SEQC	permutation	
214.0	-0.20174952409780644	SEQC	permutation	
215.0	-0.1293246064362732	SEQC	permutation	
216.0	0.03295268804235896	SEQC	permutation	
217.0	0.11231279159214314	SEQC	permutation	
218.0	0.008153024700438216	SEQC	permutation	
219.0	0.06506517264925815	SEQC	permutation	
220.0	0.14485517488372857	SEQC	permutation	
221.0	-0.06852828745816542	SEQC	permutation	
222.0	0.02274380399390541	SEQC	permutation	
223.0	0.11709212540021241	SEQC	permutation	
224.0	-0.1955344286704781	SEQC	permutation	
225.0	0.23378845478935517	SEQC	permutation	
226.0	-0.3173438447585717	SEQC	permutation	
227.0	0.09184837431077142	SEQC	permutation	
228.0	-0.025165662696970514	SEQC	permutation	
229.0	0.05374879615628014	SEQC	permutation	
230.0	0.17352190078468244	SEQC	permutation	
231.0	-0.1539560010173906	SEQC	permutation	
232.0	0.35782759736954706	SEQC	permutation	
233.0	-0.2109958981630955	SEQC	permutation	
234.0	0.01675849660026074	SEQC	permutation	
235.0	-0.22291735506779897	SEQC	permutation	
236.0	0.18127856301125966	SEQC	permutation	
237.0	-0.08624761952005233	SEQC	permutation	
238.0	-0.06722410524975952	SEQC	permutation	
239.0	-0.07756074517443867	SEQC	permutation	
240.0	0.05524248286705813	SEQC	permutation	
241.0	-0.014769261947235712	SEQC	permutation	
242.0	0.09442642961284697	SEQC	permutation	
243.0	0.27454652984672645	SEQC	permutation	
244.0	0.1239610652188281	SEQC	permutation	
245.0	-0.11110405626008912	SEQC	permutation	
246.0	0.3160400969159136	SEQC	permutation	
247.0	0.1651197562210136	SEQC	permutation	
248.0	-0.1273507465066528	SEQC	permutation	
249.0	0.19791121435607817	SEQC	permutation	
250.0	0.18831391859705615	SEQC	permutation	
251.0	0.01924619281234996	SEQC	permutation	
252.0	0.3765585095280448	SEQC	permutation	
253.0	-0.11846588937018421	SEQC	permutation	
254.0	0.0015832767007637472	SEQC	permutation	
255.0	0.1273852107134381	SEQC	permutation	
256.0	-0.005775066821102293	SEQC	permutation	
257.0	-0.007858849687568892	SEQC	permutation	
258.0	-0.013839423786457417	SEQC	permutation	
259.0	0.3583997393923877	SEQC	permutation	
260.0	0.020665360895642415	SEQC	permutation	
261.0	-0.18895372192418147	SEQC	permutation	
262.0	-0.1204509375354661	SEQC	permutation	
263.0	0.06930549746310444	SEQC	permutation	
264.0	-0.08203489998432278	SEQC	permutation	
265.0	-0.18417216918879564	SEQC	permutation	
266.0	0.010879484949366969	SEQC	permutation	
267.0	0.3009655196839436	SEQC	permutation	
268.0	-0.11942452555839811	SEQC	permutation	
269.0	-0.13308748074069587	SEQC	permutation	
270.0	-0.30224724421323224	SEQC	permutation	
271.0	-0.0973643298753748	SEQC	permutation	
272.0	0.12072978574554138	SEQC	permutation	
273.0	0.08540185760351449	SEQC	permutation	
274.0	-0.18671066805147607	SEQC	permutation	
275.0	0.0968468983806483	SEQC	permutation	
276.0	0.22411129898469628	SEQC	permutation	
277.0	0.18990338463707346	SEQC	permutation	
278.0	0.016498032789078465	SEQC	permutation	
279.0	0.26019548099932965	SEQC	permutation	
280.0	0.039804612977675013	SEQC	permutation	
281.0	-0.09894733769143471	SEQC	permutation	
282.0	0.10333728405669973	SEQC	permutation	
283.0	0.2642113923733227	SEQC	permutation	
284.0	0.034439187052539566	SEQC	permutation	
285.0	0.2015373462451553	SEQC	permutation	
286.0	-0.1255675205763671	SEQC	permutation	
287.0	0.08729704247711823	SEQC	permutation	
288.0	0.10467389708408525	SEQC	permutation	
289.0	0.08392651941210527	SEQC	permutation	
290.0	-0.14917186866997767	SEQC	permutation	
291.0	-0.03672975906509546	SEQC	permutation	
292.0	-0.20343273978540655	SEQC	permutation	
293.0	0.07738663204243501	SEQC	permutation	
294.0	-0.05235511568907736	SEQC	permutation	
295.0	0.033854602913725884	SEQC	permutation	
296.0	-0.1509042544616479	SEQC	permutation	
297.0	0.3477074699655809	SEQC	permutation	
298.0	-0.30847033534413093	SEQC	permutation	
299.0	-0.2950744039696147	SEQC	permutation	
300.0	0.08806331027288294	SEQC	permutation	
301.0	-0.05014459287083195	SEQC	permutation	
302.0	0.01776728646200798	SEQC	permutation	
303.0	-0.13460779143979273	SEQC	permutation	
304.0	0.14168906929613811	SEQC	permutation	
305.0	-0.07230403831174304	SEQC	permutation	
306.0	-0.030527817976960137	SEQC	permutation	
307.0	0.17944645837808704	SEQC	permutation	
308.0	0.14808907093415424	SEQC	permutation	
309.0	-0.08043534448584833	SEQC	permutation	
310.0	0.16060648252397414	SEQC	permutation	
311.0	0.19811448904972107	SEQC	permutation	
312.0	-0.0426706603232061	SEQC	permutation	
313.0	0.02281458653386803	SEQC	permutation	
314.0	0.2285019677509963	SEQC	permutation	
315.0	0.005688649259523615	SEQC	permutation	
316.0	-0.15245772507447253	SEQC	permutation	
317.0	0.015724219906509518	SEQC	permutation	
318.0	0.01648828926690804	SEQC	permutation	
319.0	-0.18580863390240587	SEQC	permutation	
320.0	0.12698556442525888	SEQC	permutation	
321.0	0.2614347715143772	SEQC	permutation	
322.0	-0.10957695570533765	SEQC	permutation	
323.0	0.12366596549138809	SEQC	permutation	
324.0	-0.02467033922162809	SEQC	permutation	
325.0	-0.04590403501893814	SEQC	permutation	
326.0	-0.1675718955269918	SEQC	permutation	
327.0	0.22741773258283615	SEQC	permutation	
328.0	-0.25291460075743544	SEQC	permutation	
329.0	0.23119670522800995	SEQC	permutation	
330.0	-0.21493362565995255	SEQC	permutation	
331.0	0.06194879073615844	SEQC	permutation	
332.0	-0.10676612876445102	SEQC	permutation	
333.0	0.18353605577663146	SEQC	permutation	
334.0	-0.03868772345774474	SEQC	permutation	
335.0	-0.29031593670635125	SEQC	permutation	
336.0	0.004216291070360256	SEQC	permutation	
337.0	0.05115650338022526	SEQC	permutation	
338.0	-0.27578799236166773	SEQC	permutation	
339.0	0.13788448910450057	SEQC	permutation	
340.0	0.11778581264508237	SEQC	permutation	
341.0	0.09914839761430994	SEQC	permutation	
342.0	-0.13081656551261034	SEQC	permutation	
343.0	-0.09253976144957576	SEQC	permutation	
344.0	0.07990889336019436	SEQC	permutation	
345.0	0.23697707355162034	SEQC	permutation	
346.0	0.09327985348133616	SEQC	permutation	
347.0	0.06019042142202036	SEQC	permutation	
348.0	0.13957366776918523	SEQC	permutation	
349.0	-0.09426400022076376	SEQC	permutation	
350.0	-0.23782729446735473	SEQC	permutation	
351.0	0.20388540017359258	SEQC	permutation	
352.0	-0.1523991624441141	SEQC	permutation	
353.0	-0.28452833147402856	SEQC	permutation	
354.0	0.09792301632950462	SEQC	permutation	
355.0	0.04509061803648873	SEQC	permutation	
356.0	-0.24308054550368485	SEQC	permutation	
357.0	0.1048391206557282	SEQC	permutation	
358.0	-0.21192335470408352	SEQC	permutation	
359.0	-0.07834466135691098	SEQC	permutation	
360.0	0.22288305167398725	SEQC	permutation	
361.0	0.18133343429648718	SEQC	permutation	
362.0	0.203214573408121	SEQC	permutation	
363.0	0.25777014127172126	SEQC	permutation	
364.0	0.1531053282926349	SEQC	permutation	
365.0	-0.028462618160033593	SEQC	permutation	
366.0	0.07684351551959256	SEQC	permutation	
367.0	-0.004414963726447674	SEQC	permutation	
368.0	0.09799005536060612	SEQC	permutation	
369.0	0.04036742916004599	SEQC	permutation	
370.0	0.08295697510967681	SEQC	permutation	
371.0	0.3977561177312854	SEQC	permutation	
372.0	0.08384719624884251	SEQC	permutation	
373.0	0.038316302333660346	SEQC	permutation	
374.0	0.10981256959384478	SEQC	permutation	
375.0	0.12088616626066173	SEQC	permutation	
376.0	-0.14920195342300513	SEQC	permutation	
377.0	0.1639619119533231	SEQC	permutation	
378.0	0.25448449019448294	SEQC	permutation	
379.0	0.1368141450516287	SEQC	permutation	
380.0	-0.07792430528845973	SEQC	permutation	
381.0	0.3507993824910276	SEQC	permutation	
382.0	0.3505389843188915	SEQC	permutation	
383.0	0.27828781121869195	SEQC	permutation	
384.0	0.1530072337321391	SEQC	permutation	
385.0	0.14546777528444732	SEQC	permutation	
386.0	0.11882658014209824	SEQC	permutation	
387.0	-0.012779159643923066	SEQC	permutation	
388.0	-0.0319646506835527	SEQC	permutation	
389.0	0.14927461300406009	SEQC	permutation	
390.0	-0.330416405269923	SEQC	permutation	
391.0	0.015470272123971007	SEQC	permutation	
392.0	-0.02716171192002914	SEQC	permutation	
393.0	-0.3453841470690815	SEQC	permutation	
394.0	0.41170387189573443	SEQC	permutation	
395.0	0.18908285294270222	SEQC	permutation	
396.0	-0.18995278251110115	SEQC	permutation	
397.0	0.07774000097867084	SEQC	permutation	
398.0	-0.08969062799757399	SEQC	permutation	
399.0	-0.047265243365595566	SEQC	permutation	
400.0	0.08597259716024563	SEQC	permutation	
401.0	0.012766242289645291	SEQC	permutation	
402.0	-0.04828693177146448	SEQC	permutation	
403.0	0.14125896241541902	SEQC	permutation	
404.0	-0.07551758530626529	SEQC	permutation	
405.0	-0.21269041702883573	SEQC	permutation	
406.0	-0.04350460545526147	SEQC	permutation	
407.0	-0.00486754960090785	SEQC	permutation	
408.0	0.12376061445131548	SEQC	permutation	
409.0	0.4301880556903912	SEQC	permutation	
410.0	0.16759925712334578	SEQC	permutation	
411.0	0.17794246905657296	SEQC	permutation	
412.0	0.15892758309597443	SEQC	permutation	
413.0	0.06907539518528427	SEQC	permutation	
414.0	0.2066477594818279	SEQC	permutation	
415.0	-0.014224152674631618	SEQC	permutation	
416.0	-0.16980646893294882	SEQC	permutation	
417.0	-0.10015817527007531	SEQC	permutation	
418.0	-0.03986709774529906	SEQC	permutation	
419.0	0.12002576812229471	SEQC	permutation	
420.0	0.1801127288515545	SEQC	permutation	
421.0	0.18189446103317053	SEQC	permutation	
422.0	0.12203043840294114	SEQC	permutation	
423.0	-0.08999245998099514	SEQC	permutation	
424.0	-0.002172531479383899	SEQC	permutation	
425.0	0.2458239184141675	SEQC	permutation	
426.0	-0.3483701666463288	SEQC	permutation	
427.0	0.2332015792199238	SEQC	permutation	
428.0	-0.08493912069336762	SEQC	permutation	
429.0	0.17415792125843588	SEQC	permutation	
430.0	0.044681417161642756	SEQC	permutation	
431.0	-0.044451856519542865	SEQC	permutation	
432.0	0.07911351163046731	SEQC	permutation	
433.0	-0.00015010661161429795	SEQC	permutation	
434.0	0.0862727668246226	SEQC	permutation	
435.0	-0.3031560735175649	SEQC	permutation	
436.0	-0.052762857389796025	SEQC	permutation	
437.0	0.25012014604780664	SEQC	permutation	
438.0	-0.07483994197021993	SEQC	permutation	
439.0	-0.11027954618232894	SEQC	permutation	
440.0	0.1254140117578686	SEQC	permutation	
441.0	0.22178869490981246	SEQC	permutation	
442.0	-0.009400368016034832	SEQC	permutation	
443.0	-0.016580722685550775	SEQC	permutation	
444.0	0.22590030314491116	SEQC	permutation	
445.0	-0.04129948836743669	SEQC	permutation	
446.0	-0.10740905332450446	SEQC	permutation	
447.0	0.3020680633224506	SEQC	permutation	
448.0	0.020785810965978868	SEQC	permutation	
449.0	0.22663454821827322	SEQC	permutation	
450.0	0.2667461241570859	SEQC	permutation	
451.0	-0.22203298798989746	SEQC	permutation	
452.0	0.04862555745993635	SEQC	permutation	
453.0	-0.34911969451987	SEQC	permutation	
454.0	0.048730616381833514	SEQC	permutation	
455.0	0.06951290275802346	SEQC	permutation	
456.0	-0.1682625114165992	SEQC	permutation	
457.0	0.11544174311094668	SEQC	permutation	
458.0	0.02312924899334412	SEQC	permutation	
459.0	0.21018895064073906	SEQC	permutation	
460.0	-0.11712312132747194	SEQC	permutation	
461.0	-0.1170146528214806	SEQC	permutation	
462.0	0.29274514787372397	SEQC	permutation	
463.0	-0.17072420470886662	SEQC	permutation	
464.0	0.23549276508742167	SEQC	permutation	
465.0	-0.08346405419912717	SEQC	permutation	
466.0	-0.07637373991999219	SEQC	permutation	
467.0	0.28078670576206655	SEQC	permutation	
468.0	0.04638547911647617	SEQC	permutation	
469.0	0.26583040949257963	SEQC	permutation	
470.0	0.14013256978440136	SEQC	permutation	
471.0	0.17833613710928287	SEQC	permutation	
472.0	0.022438780347340703	SEQC	permutation	
473.0	0.2529559974107185	SEQC	permutation	
474.0	0.1427022055994538	SEQC	permutation	
475.0	0.1329785098821734	SEQC	permutation	
476.0	0.2815028239286983	SEQC	permutation	
477.0	-0.08527692372159379	SEQC	permutation	
478.0	0.4976414153583706	SEQC	permutation	
479.0	-0.1343858053959357	SEQC	permutation	
480.0	0.1176104741787789	SEQC	permutation	
481.0	0.014352961266581588	SEQC	permutation	
482.0	0.027005057592102588	SEQC	permutation	
483.0	0.134471742051546	SEQC	permutation	
484.0	0.014961159747869601	SEQC	permutation	
485.0	0.21941217082819442	SEQC	permutation	
486.0	0.050980842407242655	SEQC	permutation	
487.0	-0.2270360255202828	SEQC	permutation	
488.0	-0.013753132225756026	SEQC	permutation	
489.0	0.012506749081660828	SEQC	permutation	
490.0	0.25979015814783146	SEQC	permutation	
491.0	-0.051407579397467096	SEQC	permutation	
492.0	0.3101898934066538	SEQC	permutation	
493.0	0.0669985546184435	SEQC	permutation	
494.0	0.057523225367507536	SEQC	permutation	
495.0	-0.027913588425235503	SEQC	permutation	
496.0	0.025169699932547474	SEQC	permutation	
497.0	0.021231463420417818	SEQC	permutation	
498.0	-0.043937612410530846	SEQC	permutation	
499.0	0.14008059959696073	SEQC	permutation	
500.0	0.012326155345655287	SEQC	permutation	
501.0	-0.01839982864137557	SEQC	permutation	
502.0	0.05839001864984272	SEQC	permutation	
503.0	-0.005454826535721935	SEQC	permutation	
504.0	0.12093622441020901	SEQC	permutation	
505.0	0.10271033136630336	SEQC	permutation	
506.0	0.2158828713935712	SEQC	permutation	
507.0	0.015029851311217257	SEQC	permutation	
508.0	-0.03933424670005614	SEQC	permutation	
509.0	0.008134979568687584	SEQC	permutation	
510.0	0.2312252790627225	SEQC	permutation	
511.0	0.03321343851322922	SEQC	permutation	
512.0	0.06686386106091469	SEQC	permutation	
513.0	0.07786171425100985	SEQC	permutation	
514.0	0.09104096962075481	SEQC	permutation	
515.0	0.2880963568132415	SEQC	permutation	
516.0	0.04598532743838657	SEQC	permutation	
517.0	0.11037614611254476	SEQC	permutation	
518.0	0.054042779366356264	SEQC	permutation	
519.0	0.09557167795100607	SEQC	permutation	
520.0	-0.010308898714458614	SEQC	permutation	
521.0	-0.1164195332050193	SEQC	permutation	
522.0	-0.06715933495743442	SEQC	permutation	
523.0	0.16012025641262717	SEQC	permutation	
524.0	0.15650327290053134	SEQC	permutation	
525.0	0.21663266243186374	SEQC	permutation	
526.0	-0.023926407613577005	SEQC	permutation	
527.0	0.11695619888679509	SEQC	permutation	
528.0	0.2582204715652816	SEQC	permutation	
529.0	-0.020299661831715277	SEQC	permutation	
530.0	-0.09633346425804312	SEQC	permutation	
531.0	0.1764357145238904	SEQC	permutation	
532.0	0.2016895891938839	SEQC	permutation	
533.0	0.1946455504104314	SEQC	permutation	
534.0	-0.08168846062608459	SEQC	permutation	
535.0	-0.0034391427466831104	SEQC	permutation	
536.0	0.09145658947249835	SEQC	permutation	
537.0	-0.05203997775872882	SEQC	permutation	
538.0	0.23596925653999445	SEQC	permutation	
539.0	0.20534096500370325	SEQC	permutation	
540.0	0.12372133881740055	SEQC	permutation	
541.0	0.11218636642498403	SEQC	permutation	
542.0	0.1074883628702814	SEQC	permutation	
543.0	-0.1497926061941124	SEQC	permutation	
544.0	0.13307817515329123	SEQC	permutation	
545.0	0.07457591590659174	SEQC	permutation	
546.0	0.18254304112226816	SEQC	permutation	
547.0	0.1688126770987255	SEQC	permutation	
548.0	-0.061851939619559815	SEQC	permutation	
549.0	0.17395219570333786	SEQC	permutation	
550.0	-0.01919426181070083	SEQC	permutation	
551.0	0.13537914665967055	SEQC	permutation	
552.0	0.09390996080098812	SEQC	permutation	
553.0	0.03952044614566219	SEQC	permutation	
554.0	0.06728511512544344	SEQC	permutation	
555.0	-0.06668772589902172	SEQC	permutation	
556.0	0.3107564579869804	SEQC	permutation	
557.0	0.3054178016842739	SEQC	permutation	
558.0	-0.1340299168148107	SEQC	permutation	
559.0	-0.12273470230674643	SEQC	permutation	
560.0	-0.07938756713870632	SEQC	permutation	
561.0	0.04722514360930319	SEQC	permutation	
562.0	-0.0720676277661898	SEQC	permutation	
563.0	-0.21523539191735885	SEQC	permutation	
564.0	0.22782826938024314	SEQC	permutation	
565.0	0.006934042720117439	SEQC	permutation	
566.0	-0.06142066471115992	SEQC	permutation	
567.0	0.09529460187536554	SEQC	permutation	
568.0	0.13248586350353886	SEQC	permutation	
569.0	0.04448065145176017	SEQC	permutation	
570.0	-0.1494281668577857	SEQC	permutation	
571.0	0.0445700218419276	SEQC	permutation	
572.0	0.10702910536626487	SEQC	permutation	
573.0	0.09864307027081853	SEQC	permutation	
574.0	-0.17755386909375215	SEQC	permutation	
575.0	-0.12511961501000446	SEQC	permutation	
576.0	0.2090575319320589	SEQC	permutation	
577.0	0.19947106489797584	SEQC	permutation	
578.0	0.0030702770898374254	SEQC	permutation	
579.0	0.0463118625368395	SEQC	permutation	
580.0	0.011539546822612046	SEQC	permutation	
581.0	-0.32218609203812676	SEQC	permutation	
582.0	0.19740127032865473	SEQC	permutation	
583.0	0.09942727569327214	SEQC	permutation	
584.0	0.191088126330059	SEQC	permutation	
585.0	0.28155773844492593	SEQC	permutation	
586.0	-0.03754406294980317	SEQC	permutation	
587.0	0.36355922399785534	SEQC	permutation	
588.0	0.0910898448311066	SEQC	permutation	
589.0	0.058528878608480106	SEQC	permutation	
590.0	0.07567055500907482	SEQC	permutation	
591.0	-0.13093011074662364	SEQC	permutation	
592.0	0.16508575064751696	SEQC	permutation	
593.0	-0.07903981297552054	SEQC	permutation	
594.0	0.22779034506376838	SEQC	permutation	
595.0	0.2074253061863116	SEQC	permutation	
596.0	0.051186253437579765	SEQC	permutation	
597.0	-0.032213718636396216	SEQC	permutation	
598.0	-0.16727612103605694	SEQC	permutation	
599.0	0.04186868428158519	SEQC	permutation	
600.0	0.03694642017212768	SEQC	permutation	
601.0	-0.1664409073952875	SEQC	permutation	
602.0	0.24545234191133414	SEQC	permutation	
603.0	0.14657835905419958	SEQC	permutation	
604.0	0.1989497682305581	SEQC	permutation	
605.0	-0.16637400394497703	SEQC	permutation	
606.0	-0.38452389085898275	SEQC	permutation	
607.0	-0.018345381254509796	SEQC	permutation	
608.0	-0.22224435157039046	SEQC	permutation	
609.0	-0.009994470661027322	SEQC	permutation	
610.0	-0.04239427870178414	SEQC	permutation	
611.0	0.04078679685028952	SEQC	permutation	
612.0	-0.08398093436037346	SEQC	permutation	
613.0	0.1834999338003076	SEQC	permutation	
614.0	0.15959469187462272	SEQC	permutation	
615.0	0.19026958929961424	SEQC	permutation	
616.0	-0.06854845418709399	SEQC	permutation	
617.0	-0.08186456520592689	SEQC	permutation	
618.0	-0.2315591411829585	SEQC	permutation	
619.0	0.11975151010378315	SEQC	permutation	
620.0	0.03689077950189379	SEQC	permutation	
621.0	-0.051850381558820935	SEQC	permutation	
622.0	-0.01478723603785248	SEQC	permutation	
623.0	0.2995003122991129	SEQC	permutation	
624.0	0.12211486399426352	SEQC	permutation	
625.0	0.014021306166625891	SEQC	permutation	
626.0	0.014172255491995855	SEQC	permutation	
627.0	-0.00929562047044108	SEQC	permutation	
628.0	-0.21826450661021912	SEQC	permutation	
629.0	0.022098261911180472	SEQC	permutation	
630.0	-0.17867887127161985	SEQC	permutation	
631.0	0.05671430437095282	SEQC	permutation	
632.0	0.04627948895428169	SEQC	permutation	
633.0	-0.1820295069261153	SEQC	permutation	
634.0	-0.10857111387210949	SEQC	permutation	
635.0	0.056342282097047836	SEQC	permutation	
636.0	-0.07444042783073801	SEQC	permutation	
637.0	-0.008678622760750265	SEQC	permutation	
638.0	0.24100187023562825	SEQC	permutation	
639.0	-0.04297845637762432	SEQC	permutation	
640.0	0.32958615860718155	SEQC	permutation	
641.0	0.027176827222231914	SEQC	permutation	
642.0	-0.010274011174112196	SEQC	permutation	
643.0	-0.20068036719094007	SEQC	permutation	
644.0	-0.4069328695361065	SEQC	permutation	
645.0	-0.0037750720300362417	SEQC	permutation	
646.0	-0.009955296965491911	SEQC	permutation	
647.0	-0.02636457190343844	SEQC	permutation	
648.0	0.015495337042866986	SEQC	permutation	
649.0	0.0968921720448801	SEQC	permutation	
650.0	-0.0007552612122134761	SEQC	permutation	
651.0	0.24137381345139186	SEQC	permutation	
652.0	0.06965150596110359	SEQC	permutation	
653.0	0.13578931775278136	SEQC	permutation	
654.0	-0.2789877229157032	SEQC	permutation	
655.0	-0.05813207913676699	SEQC	permutation	
656.0	0.04147834790246474	SEQC	permutation	
657.0	0.12450436476592941	SEQC	permutation	
658.0	-0.3094674538039266	SEQC	permutation	
659.0	0.24002040584193907	SEQC	permutation	
660.0	0.13449548987568605	SEQC	permutation	
661.0	0.13387843797649346	SEQC	permutation	
662.0	0.29791596602790626	SEQC	permutation	
663.0	-0.08270010671326045	SEQC	permutation	
664.0	0.03594914247232861	SEQC	permutation	
665.0	0.21776329281978857	SEQC	permutation	
666.0	-0.15278905505332308	SEQC	permutation	
667.0	0.21250162004935014	SEQC	permutation	
668.0	0.26087737602045014	SEQC	permutation	
669.0	0.08660637343282307	SEQC	permutation	
670.0	-0.13539942841842922	SEQC	permutation	
671.0	0.037694312879891	SEQC	permutation	
672.0	-0.17583137210838284	SEQC	permutation	
673.0	0.22165486253178646	SEQC	permutation	
674.0	0.15718954223844417	SEQC	permutation	
675.0	0.07146474684193382	SEQC	permutation	
676.0	-0.18816776843673821	SEQC	permutation	
677.0	-0.1464293023463652	SEQC	permutation	
678.0	0.024912977956585536	SEQC	permutation	
679.0	-0.21971339993624017	SEQC	permutation	
680.0	-0.04314771950192853	SEQC	permutation	
681.0	0.1346615598483467	SEQC	permutation	
682.0	-0.14206247405136008	SEQC	permutation	
683.0	0.32012224739722317	SEQC	permutation	
684.0	0.12083673037921283	SEQC	permutation	
685.0	-0.16286508904596175	SEQC	permutation	
686.0	0.2092831264544346	SEQC	permutation	
687.0	-0.01102610993370945	SEQC	permutation	
688.0	0.28907699911274953	SEQC	permutation	
689.0	0.14776857544080713	SEQC	permutation	
690.0	0.11724529371843406	SEQC	permutation	
691.0	-0.14044685052879124	SEQC	permutation	
692.0	-0.004722926859709098	SEQC	permutation	
693.0	-0.04154875213294851	SEQC	permutation	
694.0	-0.0070625736636067415	SEQC	permutation	
695.0	-0.01314966950375318	SEQC	permutation	
696.0	0.09904113571921513	SEQC	permutation	
697.0	0.2285011779567041	SEQC	permutation	
698.0	-0.06697898736117125	SEQC	permutation	
699.0	0.303220152407623	SEQC	permutation	
700.0	0.05248948786621099	SEQC	permutation	
701.0	-0.012247391278328301	SEQC	permutation	
702.0	-0.09540580260683384	SEQC	permutation	
703.0	0.20330359779854756	SEQC	permutation	
704.0	0.15177778891214722	SEQC	permutation	
705.0	0.008932899304857855	SEQC	permutation	
706.0	-0.0980404862166786	SEQC	permutation	
707.0	-0.12118446243412073	SEQC	permutation	
708.0	-0.11132088830424003	SEQC	permutation	
709.0	-0.06658606691102165	SEQC	permutation	
710.0	0.021390089473489304	SEQC	permutation	
711.0	0.03466740777469024	SEQC	permutation	
712.0	0.05804713455459076	SEQC	permutation	
713.0	0.05051151039024582	SEQC	permutation	
714.0	0.057770352709488826	SEQC	permutation	
715.0	0.15541218254902667	SEQC	permutation	
716.0	-0.08142393332661779	SEQC	permutation	
717.0	0.17726683044815683	SEQC	permutation	
718.0	-0.11002569068171208	SEQC	permutation	
719.0	-0.11311941804404846	SEQC	permutation	
720.0	0.019356873774031058	SEQC	permutation	
721.0	0.11879248038829093	SEQC	permutation	
722.0	0.16652981762690455	SEQC	permutation	
723.0	-0.2877320208267209	SEQC	permutation	
724.0	0.08143547148647379	SEQC	permutation	
725.0	-0.12130705906098171	SEQC	permutation	
726.0	0.07219474325266795	SEQC	permutation	
727.0	-0.010080494960855724	SEQC	permutation	
728.0	0.03934748491790785	SEQC	permutation	
729.0	0.0533133831604129	SEQC	permutation	
730.0	-0.1380855794346676	SEQC	permutation	
731.0	0.012604810971175162	SEQC	permutation	
732.0	-0.09241145080270385	SEQC	permutation	
733.0	0.20852117281347837	SEQC	permutation	
734.0	0.14113695501917167	SEQC	permutation	
735.0	0.13092525255507148	SEQC	permutation	
736.0	0.2810387440078843	SEQC	permutation	
737.0	-0.19519532533741657	SEQC	permutation	
738.0	-0.26144354128167535	SEQC	permutation	
739.0	-0.14629212877421072	SEQC	permutation	
740.0	-0.16463183859900887	SEQC	permutation	
741.0	0.021576973144082245	SEQC	permutation	
742.0	0.13068617739409838	SEQC	permutation	
743.0	0.1532813164876199	SEQC	permutation	
744.0	-0.0035087362808026157	SEQC	permutation	
745.0	0.32771118942012034	SEQC	permutation	
746.0	-0.16047266979929375	SEQC	permutation	
747.0	0.1803731460038165	SEQC	permutation	
748.0	0.023183213324684537	SEQC	permutation	
749.0	-0.09408465736369909	SEQC	permutation	
750.0	0.041998896544892084	SEQC	permutation	
751.0	-0.022603908154462893	SEQC	permutation	
752.0	0.23348901551373658	SEQC	permutation	
753.0	0.37597278604305107	SEQC	permutation	
754.0	0.06616862516655608	SEQC	permutation	
755.0	0.294905762961327	SEQC	permutation	
756.0	0.31218165717546587	SEQC	permutation	
757.0	-0.015469596600763857	SEQC	permutation	
758.0	-0.04540932872479608	SEQC	permutation	
759.0	-0.02475851417002506	SEQC	permutation	
760.0	-0.059470070058755375	SEQC	permutation	
761.0	0.00994747499969506	SEQC	permutation	
762.0	0.08441071150931112	SEQC	permutation	
763.0	-0.0013874560510398481	SEQC	permutation	
764.0	0.019869058146368523	SEQC	permutation	
765.0	0.112459317633542	SEQC	permutation	
766.0	0.14611901044468123	SEQC	permutation	
767.0	-0.07497379435736473	SEQC	permutation	
768.0	0.04126336615118831	SEQC	permutation	
769.0	0.009553647827725165	SEQC	permutation	
770.0	0.03425358315638771	SEQC	permutation	
771.0	0.09798929535500811	SEQC	permutation	
772.0	0.1378065821510397	SEQC	permutation	
773.0	-0.06839640048450946	SEQC	permutation	
774.0	0.1269725304379028	SEQC	permutation	
775.0	0.21984061729777427	SEQC	permutation	
776.0	0.28609318173561515	SEQC	permutation	
777.0	0.20587928076845774	SEQC	permutation	
778.0	0.20586694864783084	SEQC	permutation	
779.0	-0.002051317365115324	SEQC	permutation	
780.0	-0.09981033525398697	SEQC	permutation	
781.0	-0.003944173428981124	SEQC	permutation	
782.0	0.012748228803437733	SEQC	permutation	
783.0	-0.02432979777396671	SEQC	permutation	
784.0	0.121366813480555	SEQC	permutation	
785.0	0.09360659944221439	SEQC	permutation	
786.0	-0.1125685168416437	SEQC	permutation	
787.0	0.2726401379194101	SEQC	permutation	
788.0	0.13672588339837066	SEQC	permutation	
789.0	0.03373203280071113	SEQC	permutation	
790.0	0.14570141605944276	SEQC	permutation	
791.0	0.12165233047349755	SEQC	permutation	
792.0	0.19735453991687546	SEQC	permutation	
793.0	0.10859850553821371	SEQC	permutation	
794.0	-0.21086688599475778	SEQC	permutation	
795.0	-0.021223205797133105	SEQC	permutation	
796.0	-0.01135404129485007	SEQC	permutation	
797.0	0.04038767695608936	SEQC	permutation	
798.0	0.2924046822472759	SEQC	permutation	
799.0	-0.03890063071862837	SEQC	permutation	
800.0	0.12285495426919812	SEQC	permutation	
801.0	0.3660162748463307	SEQC	permutation	
802.0	-0.18033173289190785	SEQC	permutation	
803.0	0.13953445253471486	SEQC	permutation	
804.0	0.12769429759235962	SEQC	permutation	
805.0	-0.06671608602293322	SEQC	permutation	
806.0	0.2680823920630635	SEQC	permutation	
807.0	0.06558551241703103	SEQC	permutation	
808.0	-0.04548402920248851	SEQC	permutation	
809.0	0.04037901771594665	SEQC	permutation	
810.0	-0.1952736875899781	SEQC	permutation	
811.0	-0.16849631896852202	SEQC	permutation	
812.0	-0.03235056871468078	SEQC	permutation	
813.0	-0.052202209016234846	SEQC	permutation	
814.0	0.0826133798480857	SEQC	permutation	
815.0	0.1297645849209248	SEQC	permutation	
816.0	-0.14329530358248466	SEQC	permutation	
817.0	0.05839683699750342	SEQC	permutation	
818.0	0.043561279140797105	SEQC	permutation	
819.0	-0.04841285200278733	SEQC	permutation	
820.0	0.35760772602804103	SEQC	permutation	
821.0	-0.26427079024743527	SEQC	permutation	
822.0	0.35749518464266217	SEQC	permutation	
823.0	0.09205291209625965	SEQC	permutation	
824.0	-0.14738717235380072	SEQC	permutation	
825.0	0.005565672869016325	SEQC	permutation	
826.0	0.04166294697169537	SEQC	permutation	
827.0	0.0930670786746246	SEQC	permutation	
828.0	0.012365093190302545	SEQC	permutation	
829.0	0.07988489077453753	SEQC	permutation	
830.0	0.06467726738016655	SEQC	permutation	
831.0	0.12994690263561903	SEQC	permutation	
832.0	0.2651953072848654	SEQC	permutation	
833.0	0.035348446418304924	SEQC	permutation	
834.0	0.17303399570965894	SEQC	permutation	
835.0	-0.09374014378693563	SEQC	permutation	
836.0	-0.02196236722662892	SEQC	permutation	
837.0	-0.025747327955713217	SEQC	permutation	
838.0	-0.19585776987576864	SEQC	permutation	
839.0	-0.1913044384560001	SEQC	permutation	
840.0	-0.20040998835485624	SEQC	permutation	
841.0	0.184534791467021	SEQC	permutation	
842.0	0.04949996238120136	SEQC	permutation	
843.0	0.33839893560060297	SEQC	permutation	
844.0	-0.04218121336846181	SEQC	permutation	
845.0	0.053230896300520136	SEQC	permutation	
846.0	0.4529449887072534	SEQC	permutation	
847.0	-0.1375708847002235	SEQC	permutation	
848.0	0.04124498091545181	SEQC	permutation	
849.0	0.2749594325867024	SEQC	permutation	
850.0	0.3251983831474208	SEQC	permutation	
851.0	0.12819600253803198	SEQC	permutation	
852.0	0.047432570782707906	SEQC	permutation	
853.0	-0.0022411933490955604	SEQC	permutation	
854.0	-0.0543386762990572	SEQC	permutation	
855.0	0.2894626246245098	SEQC	permutation	
856.0	0.08225498832687173	SEQC	permutation	
857.0	-0.20682310423811856	SEQC	permutation	
858.0	-0.28634220160035273	SEQC	permutation	
859.0	-0.024603843868957753	SEQC	permutation	
860.0	0.23856665741479155	SEQC	permutation	
861.0	0.040767008224203316	SEQC	permutation	
862.0	0.190683692066405	SEQC	permutation	
863.0	0.4225800175638996	SEQC	permutation	
864.0	-0.05769800728952568	SEQC	permutation	
865.0	-0.022568341122050306	SEQC	permutation	
866.0	-0.01019374397997641	SEQC	permutation	
867.0	0.03599166113873942	SEQC	permutation	
868.0	-0.033294993954117835	SEQC	permutation	
869.0	-0.10487772079963698	SEQC	permutation	
870.0	0.19577500799504755	SEQC	permutation	
871.0	-0.15648689599809806	SEQC	permutation	
872.0	0.002204215049828484	SEQC	permutation	
873.0	0.2623622889611408	SEQC	permutation	
874.0	-0.07545246700498254	SEQC	permutation	
875.0	0.19983959007240948	SEQC	permutation	
876.0	0.1096636295431237	SEQC	permutation	
877.0	-0.19579856207878876	SEQC	permutation	
878.0	-0.07485881362387925	SEQC	permutation	
879.0	-0.14774074201588583	SEQC	permutation	
880.0	-0.18332155302460507	SEQC	permutation	
881.0	-0.03202658422190208	SEQC	permutation	
882.0	-0.03866372037984789	SEQC	permutation	
883.0	0.01605250703356731	SEQC	permutation	
884.0	-0.018929718485524383	SEQC	permutation	
885.0	0.1903733302508881	SEQC	permutation	
886.0	0.020705930635857683	SEQC	permutation	
887.0	0.011201687813811034	SEQC	permutation	
888.0	-0.05481999450421071	SEQC	permutation	
889.0	0.338731829045841	SEQC	permutation	
890.0	0.10152113567349108	SEQC	permutation	
891.0	0.08378836728078642	SEQC	permutation	
892.0	0.16969395577930246	SEQC	permutation	
893.0	0.14756679647337823	SEQC	permutation	
894.0	-0.12874930164163612	SEQC	permutation	
895.0	0.1415074747754952	SEQC	permutation	
896.0	-0.14704342204379195	SEQC	permutation	
897.0	0.08924180172121776	SEQC	permutation	
898.0	0.12480705918952761	SEQC	permutation	
899.0	-0.020389038564708528	SEQC	permutation	
900.0	-0.08388668580776404	SEQC	permutation	
901.0	-0.061456189712772336	SEQC	permutation	
902.0	-0.032776909236581275	SEQC	permutation	
903.0	0.019474927220941574	SEQC	permutation	
904.0	-0.12851186749083165	SEQC	permutation	
905.0	-0.09185390432153984	SEQC	permutation	
906.0	0.02150722116101278	SEQC	permutation	
907.0	0.16167915394308086	SEQC	permutation	
908.0	0.03831552922558146	SEQC	permutation	
909.0	0.20055605188048986	SEQC	permutation	
910.0	-0.056789095089858854	SEQC	permutation	
911.0	-0.06968939036974309	SEQC	permutation	
912.0	0.05450723902680199	SEQC	permutation	
913.0	0.196548898689195	SEQC	permutation	
914.0	0.03689846815377251	SEQC	permutation	
915.0	-0.05229287687716333	SEQC	permutation	
916.0	-0.052549667995439364	SEQC	permutation	
917.0	0.019937317036225366	SEQC	permutation	
918.0	0.3646953640704682	SEQC	permutation	
919.0	0.08478461313126395	SEQC	permutation	
920.0	0.3238299737000059	SEQC	permutation	
921.0	0.26488623909387066	SEQC	permutation	
922.0	-0.014897946641601045	SEQC	permutation	
923.0	-0.05867404560222056	SEQC	permutation	
924.0	0.2550822093895837	SEQC	permutation	
925.0	0.06639153525076313	SEQC	permutation	
926.0	0.12782858257360985	SEQC	permutation	
927.0	-0.11396634810072737	SEQC	permutation	
928.0	-0.08740728110155072	SEQC	permutation	
929.0	0.18921927536073824	SEQC	permutation	
930.0	0.2583883053587499	SEQC	permutation	
931.0	-0.1827670459250319	SEQC	permutation	
932.0	-0.17183853702728413	SEQC	permutation	
933.0	0.12908443680247128	SEQC	permutation	
934.0	0.12956813715165527	SEQC	permutation	
935.0	-0.08807851848412884	SEQC	permutation	
936.0	-0.18549515164389163	SEQC	permutation	
937.0	0.25129554635876516	SEQC	permutation	
938.0	0.13443609253143407	SEQC	permutation	
939.0	0.02723011808729936	SEQC	permutation	
940.0	0.1614570828259616	SEQC	permutation	
941.0	0.4574647738977031	SEQC	permutation	
942.0	0.06243583007775211	SEQC	permutation	
943.0	0.0756421611219178	SEQC	permutation	
944.0	-0.09237456875841676	SEQC	permutation	
945.0	-0.22352765112418194	SEQC	permutation	
946.0	0.2207569960768545	SEQC	permutation	
947.0	-0.27116022710653453	SEQC	permutation	
948.0	-0.14665347967510733	SEQC	permutation	
949.0	0.06301095832051562	SEQC	permutation	
950.0	0.1643724362952419	SEQC	permutation	
951.0	-0.021457383668361807	SEQC	permutation	
952.0	-0.06610404260476432	SEQC	permutation	
953.0	0.275075038210967	SEQC	permutation	
954.0	-0.23566859336018364	SEQC	permutation	
955.0	0.2157125106224882	SEQC	permutation	
956.0	-0.10128573984435985	SEQC	permutation	
957.0	-0.028203783097026758	SEQC	permutation	
958.0	-0.23627247514138006	SEQC	permutation	
959.0	-0.12609739412195697	SEQC	permutation	
960.0	-0.004818554054629054	SEQC	permutation	
961.0	0.005464286946168961	SEQC	permutation	
962.0	0.16675968876619418	SEQC	permutation	
963.0	-0.03694775005102535	SEQC	permutation	
964.0	-0.1829198093536446	SEQC	permutation	
965.0	0.3498184243674549	SEQC	permutation	
966.0	-0.02077492365037248	SEQC	permutation	
967.0	0.383373777325402	SEQC	permutation	
968.0	-0.15015612216193208	SEQC	permutation	
969.0	0.22504418441663976	SEQC	permutation	
970.0	0.35147903354146326	SEQC	permutation	
971.0	-0.12428048428016325	SEQC	permutation	
972.0	0.006730408488500927	SEQC	permutation	
973.0	0.1394596464062099	SEQC	permutation	
974.0	-0.10265986129996829	SEQC	permutation	
975.0	0.09104218554980115	SEQC	permutation	
976.0	0.2643873318409611	SEQC	permutation	
977.0	0.05142094255058538	SEQC	permutation	
978.0	0.15869221597423522	SEQC	permutation	
979.0	-0.03809380820574493	SEQC	permutation	
980.0	0.1201159853592868	SEQC	permutation	
981.0	0.05532116086432115	SEQC	permutation	
982.0	0.32692131191905993	SEQC	permutation	
983.0	0.10419491064948527	SEQC	permutation	
984.0	-0.10865966073744104	SEQC	permutation	
985.0	-0.08428775207759376	SEQC	permutation	
986.0	0.3823360977087278	SEQC	permutation	
987.0	-0.08334159448761458	SEQC	permutation	
988.0	-0.12920447228528698	SEQC	permutation	
989.0	0.10420656751171986	SEQC	permutation	
990.0	0.2221306753799901	SEQC	permutation	
991.0	0.11323427275381359	SEQC	permutation	
992.0	0.12441962522597105	SEQC	permutation	
993.0	0.11707463882880198	SEQC	permutation	
994.0	-0.1526156760373718	SEQC	permutation	
995.0	0.046707725708778014	SEQC	permutation	
996.0	0.19146337727505358	SEQC	permutation	
997.0	-0.3474458941151406	SEQC	permutation	
998.0	-0.18608616337458983	SEQC	permutation	
999.0	0.0031494471070594443	SEQC	permutation	
1000.0	0.22412881176218757	SEQC	permutation	
1001.0	0.215713221471181	SEQC	permutation	
1002.0	-0.09219046303782985	SEQC	permutation	
1003.0	0.15041840292847208	SEQC	permutation	
1004.0	0.057049972206878685	SEQC	permutation	
1005.0	0.044517808450848406	SEQC	permutation	
1006.0	0.24039289841649314	SEQC	permutation	
1007.0	-0.005810997159301223	SEQC	permutation	
1008.0	0.11093125297428141	SEQC	permutation	
1009.0	0.11524203219395357	SEQC	permutation	
1010.0	0.0797416605222363	SEQC	permutation	
1011.0	0.2429039046686592	SEQC	permutation	
1012.0	0.11134129375623925	SEQC	permutation	
1013.0	0.03748413767312453	SEQC	permutation	
1014.0	0.011458135286804172	SEQC	permutation	
1015.0	-0.08414597864153972	SEQC	permutation	
1016.0	-0.15978883221179352	SEQC	permutation	
1017.0	0.1880091698147064	SEQC	permutation	
1018.0	0.07964116153898093	SEQC	permutation	
1019.0	0.11562477871137311	SEQC	permutation	
1020.0	0.061383951688803506	SEQC	permutation	
1021.0	-0.11615910571027044	SEQC	permutation	
1022.0	0.033044798607972936	SEQC	permutation	
1023.0	0.052436640823752434	SEQC	permutation	
1024.0	-0.19006551705215102	SEQC	permutation	
1025.0	0.045759786735173336	SEQC	permutation	
1026.0	0.2466124014445965	SEQC	permutation	
1027.0	0.09370449637313971	SEQC	permutation	
1028.0	0.03761842873188748	SEQC	permutation	
1029.0	0.1493781787245414	SEQC	permutation	
1030.0	-0.05411241576928738	SEQC	permutation	
1031.0	0.06288672804205753	SEQC	permutation	
1032.0	0.22237791393307038	SEQC	permutation	
1033.0	-0.15368562139165043	SEQC	permutation	
1034.0	-0.10695389117613185	SEQC	permutation	
1035.0	-0.28821372450043636	SEQC	permutation	
1036.0	-0.054809413534570695	SEQC	permutation	
1037.0	-0.2294343764540594	SEQC	permutation	
1038.0	0.12418147508341093	SEQC	permutation	
1039.0	0.15556367007021077	SEQC	permutation	
1040.0	0.1103994013522609	SEQC	permutation	
1041.0	0.011283254328020575	SEQC	permutation	
1042.0	0.11567478105930196	SEQC	permutation	
1043.0	0.22065841408080278	SEQC	permutation	
1044.0	0.08273523229393831	SEQC	permutation	
1045.0	0.15156102603302202	SEQC	permutation	
1046.0	-0.0906627440942005	SEQC	permutation	
1047.0	0.0038305807681933146	SEQC	permutation	
1048.0	-0.10138707769196831	SEQC	permutation	
1049.0	0.2725205474418404	SEQC	permutation	
1050.0	-0.07661106556795527	SEQC	permutation	
1051.0	0.1615211235641718	SEQC	permutation	
1052.0	0.006714755536386008	SEQC	permutation	
1053.0	-0.06389767776055066	SEQC	permutation	
1054.0	0.13703776426580472	SEQC	permutation	
1055.0	-0.14105749405180035	SEQC	permutation	
1056.0	0.02521380561258546	SEQC	permutation	
1057.0	-0.1645527044400099	SEQC	permutation	
1058.0	0.23620462604079862	SEQC	permutation	
1059.0	0.30769676319495787	SEQC	permutation	
1060.0	0.11427671590874144	SEQC	permutation	
1061.0	0.1588623574103245	SEQC	permutation	
1062.0	0.19398350488560467	SEQC	permutation	
1063.0	-0.2919670598164954	SEQC	permutation	
1064.0	0.116504560626705	SEQC	permutation	
1065.0	0.0110412451677675	SEQC	permutation	
1066.0	0.08715403494450147	SEQC	permutation	
1067.0	-0.0651358933932995	SEQC	permutation	
1068.0	-0.06842780458953257	SEQC	permutation	
1069.0	0.2670790181392837	SEQC	permutation	
1070.0	-0.14008099206814428	SEQC	permutation	
1071.0	0.15462072926034587	SEQC	permutation	
1072.0	0.15403120356275046	SEQC	permutation	
1073.0	-0.0060229819296102605	SEQC	permutation	
1074.0	0.21578593836090665	SEQC	permutation	
1075.0	-0.12228135507512405	SEQC	permutation	
1076.0	0.054249603439874505	SEQC	permutation	
1077.0	0.2820206470781983	SEQC	permutation	
1078.0	0.1554290711047681	SEQC	permutation	
1079.0	0.07587311668937957	SEQC	permutation	
1080.0	0.1186192218784683	SEQC	permutation	
1081.0	0.029472664812954186	SEQC	permutation	
1082.0	0.10041887273018979	SEQC	permutation	
1083.0	0.1487977192367156	SEQC	permutation	
1084.0	0.11625159858662215	SEQC	permutation	
1085.0	0.21252475556742656	SEQC	permutation	
1086.0	-0.1372156559506834	SEQC	permutation	
1087.0	0.11815598545283645	SEQC	permutation	
1088.0	-0.2952341737137223	SEQC	permutation	
1089.0	0.030422417515962863	SEQC	permutation	
1090.0	0.2750538288457216	SEQC	permutation	
1091.0	-0.13643215307493506	SEQC	permutation	
1092.0	0.04639261070863654	SEQC	permutation	
1093.0	-0.17936939342859137	SEQC	permutation	
1094.0	0.01559350496659917	SEQC	permutation	
1095.0	0.0314113652233301	SEQC	permutation	
1096.0	0.16646872812762226	SEQC	permutation	
1097.0	-0.11184618061996954	SEQC	permutation	
1098.0	0.24899486711413665	SEQC	permutation	
1099.0	0.0798671391719914	SEQC	permutation	
1100.0	0.035465960950863185	SEQC	permutation	
1101.0	0.020969382402845405	SEQC	permutation	
1102.0	-0.028859730994112986	SEQC	permutation	
1103.0	0.24672586577733746	SEQC	permutation	
1104.0	-0.03283471517299663	SEQC	permutation	
1105.0	0.14539354648559577	SEQC	permutation	
1106.0	0.09094206626796009	SEQC	permutation	
1107.0	0.18693472746275397	SEQC	permutation	
1108.0	0.19073050891558552	SEQC	permutation	
1109.0	-0.03646868217692578	SEQC	permutation	
1110.0	0.189012659641576	SEQC	permutation	
1111.0	0.07399139415941658	SEQC	permutation	
1112.0	-0.07634101253499459	SEQC	permutation	
1113.0	0.18804662675784733	SEQC	permutation	
1114.0	-0.12763277743127954	SEQC	permutation	
1115.0	-0.0008599119651613307	SEQC	permutation	
1116.0	0.07702782121490603	SEQC	permutation	
1117.0	0.21344412736047413	SEQC	permutation	
1118.0	0.19751871429961287	SEQC	permutation	
1119.0	0.16697003500231844	SEQC	permutation	
1120.0	0.22962715736964867	SEQC	permutation	
1121.0	-0.05212046778999646	SEQC	permutation	
1122.0	0.1289222931845888	SEQC	permutation	
1123.0	0.3155626918421639	SEQC	permutation	
1124.0	-0.08484390906395678	SEQC	permutation	
1125.0	-0.007485568231730966	SEQC	permutation	
1126.0	-0.06949721846812817	SEQC	permutation	
1127.0	0.32533051457175155	SEQC	permutation	
1128.0	0.06334731033215402	SEQC	permutation	
1129.0	-0.1721631097402998	SEQC	permutation	
1130.0	0.08952504361649272	SEQC	permutation	
1131.0	-0.018397602365148202	SEQC	permutation	
1132.0	0.13470081459940353	SEQC	permutation	
1133.0	0.01211870695853623	SEQC	permutation	
1134.0	-0.0036454084232753203	SEQC	permutation	
1135.0	-0.025338783163156187	SEQC	permutation	
1136.0	0.15342666389753923	SEQC	permutation	
1137.0	-0.02928639380044995	SEQC	permutation	
1138.0	0.10303647392942139	SEQC	permutation	
1139.0	-0.03023753322315592	SEQC	permutation	
1140.0	0.020204549552201634	SEQC	permutation	
1141.0	-0.002255310304221325	SEQC	permutation	
1142.0	-0.11250796681929565	SEQC	permutation	
1143.0	0.07577892035802591	SEQC	permutation	
1144.0	-0.14759358235743214	SEQC	permutation	
1145.0	0.12776024806537034	SEQC	permutation	
1146.0	0.43601401120255545	SEQC	permutation	
1147.0	0.2008035382338349	SEQC	permutation	
1148.0	-0.13765974176144535	SEQC	permutation	
1149.0	0.07985534861409604	SEQC	permutation	
1150.0	0.08701639588592514	SEQC	permutation	
1151.0	0.01062479765568991	SEQC	permutation	
1152.0	0.010771401136967285	SEQC	permutation	
1153.0	-0.14993791207140728	SEQC	permutation	
1154.0	0.14144467718507148	SEQC	permutation	
1155.0	-0.11263391212986029	SEQC	permutation	
1156.0	-0.03246252657055937	SEQC	permutation	
1157.0	-0.28792175385523144	SEQC	permutation	
1158.0	-0.06754046129243907	SEQC	permutation	
1159.0	0.11754401168865503	SEQC	permutation	
1160.0	0.07605398172907485	SEQC	permutation	
1161.0	0.18464387340138533	SEQC	permutation	
1162.0	0.26382821965058145	SEQC	permutation	
1163.0	0.034870796944078464	SEQC	permutation	
1164.0	0.15013676006720367	SEQC	permutation	
1165.0	0.10101402049753627	SEQC	permutation	
1166.0	-0.44234210418716247	SEQC	permutation	
1167.0	0.4198508131134089	SEQC	permutation	
1168.0	-0.04775310449934622	SEQC	permutation	
1169.0	0.12984762673396322	SEQC	permutation	
1170.0	-0.006324644506905841	SEQC	permutation	
1171.0	0.32705057215660993	SEQC	permutation	
1172.0	-0.12818574571586439	SEQC	permutation	
1173.0	0.23336640621361138	SEQC	permutation	
1174.0	0.03757566070857532	SEQC	permutation	
1175.0	-0.08857144600309041	SEQC	permutation	
1176.0	0.25895628801913606	SEQC	permutation	
1177.0	-0.18284501008491016	SEQC	permutation	
1178.0	-0.21117394675059753	SEQC	permutation	
1179.0	-0.2905264528277378	SEQC	permutation	
1180.0	0.18079070972713573	SEQC	permutation	
1181.0	0.062083340413931154	SEQC	permutation	
1182.0	0.10357673608343987	SEQC	permutation	
1183.0	0.38225633177494966	SEQC	permutation	
1184.0	0.07340364587044235	SEQC	permutation	
1185.0	0.33114944203717833	SEQC	permutation	
1186.0	0.12873583108976838	SEQC	permutation	
1187.0	0.20776468524159508	SEQC	permutation	
1188.0	0.10498453280332676	SEQC	permutation	
1189.0	-0.05566655137320531	SEQC	permutation	
1190.0	-0.02827097102153253	SEQC	permutation	
1191.0	0.07048008163096142	SEQC	permutation	
1192.0	-0.28185076670722253	SEQC	permutation	
1193.0	-0.011834451103627686	SEQC	permutation	
1194.0	0.1018168790892684	SEQC	permutation	
1195.0	0.09650983115723921	SEQC	permutation	
1196.0	0.08863236445477973	SEQC	permutation	
1197.0	0.22721571747294345	SEQC	permutation	
1198.0	0.19692919886722926	SEQC	permutation	
1199.0	-0.2256174327575673	SEQC	permutation	
1200.0	0.1652082385749818	SEQC	permutation	
1201.0	0.021777842588400098	SEQC	permutation	
1202.0	-0.14238167738389773	SEQC	permutation	
1203.0	-0.23228257574113975	SEQC	permutation	
1204.0	0.06244963697313377	SEQC	permutation	
1205.0	0.030255011512243968	SEQC	permutation	
1206.0	0.07301555317751252	SEQC	permutation	
1207.0	-0.22230368826450153	SEQC	permutation	
1208.0	-0.23172586512830673	SEQC	permutation	
1209.0	-0.05618009373420296	SEQC	permutation	
1210.0	0.06225651921631137	SEQC	permutation	
1211.0	0.23713769213014846	SEQC	permutation	
1212.0	0.00917139449908344	SEQC	permutation	
1213.0	0.09663310516443246	SEQC	permutation	
1214.0	0.19742430517289034	SEQC	permutation	
1215.0	0.09247407636353966	SEQC	permutation	
1216.0	-0.11432288624943787	SEQC	permutation	
1217.0	-0.03923555270121426	SEQC	permutation	
1218.0	-0.005819902413808364	SEQC	permutation	
1219.0	0.010162838977534783	SEQC	permutation	
1220.0	-0.05529468073143651	SEQC	permutation	
1221.0	-0.021518363624576153	SEQC	permutation	
1222.0	0.040146106991652886	SEQC	permutation	
1223.0	-0.09207322262541862	SEQC	permutation	
1224.0	0.035320556185967966	SEQC	permutation	
1225.0	0.045670745437547566	SEQC	permutation	
1226.0	0.025662736126229824	SEQC	permutation	
1227.0	-0.10448029365220979	SEQC	permutation	
1228.0	-0.026123109955527468	SEQC	permutation	
1229.0	-0.00120089118099731	SEQC	permutation	
1230.0	0.22874320734707876	SEQC	permutation	
1231.0	0.18495498580295422	SEQC	permutation	
1232.0	0.10471567346307875	SEQC	permutation	
1233.0	-0.011861042386852816	SEQC	permutation	
1234.0	0.008488029174448464	SEQC	permutation	
1235.0	0.1515510723904958	SEQC	permutation	
1236.0	-0.005018116220776747	SEQC	permutation	
1237.0	0.01636644334619497	SEQC	permutation	
1238.0	0.295595768222384	SEQC	permutation	
1239.0	0.24624276180616622	SEQC	permutation	
1240.0	-0.15637343496220435	SEQC	permutation	
1241.0	0.3408541530762186	SEQC	permutation	
1242.0	0.20978912774543002	SEQC	permutation	
1243.0	-0.003193724380732732	SEQC	permutation	
1244.0	-0.12106624465933002	SEQC	permutation	
1245.0	-0.01672120762665319	SEQC	permutation	
1246.0	0.010222898609459463	SEQC	permutation	
1247.0	0.1452913398696305	SEQC	permutation	
1248.0	0.23185628982554984	SEQC	permutation	
1249.0	-0.38711285269676843	SEQC	permutation	
1250.0	0.23557917957359287	SEQC	permutation	
1251.0	-0.18314056083245767	SEQC	permutation	
1252.0	0.05434825585124958	SEQC	permutation	
1253.0	-0.040530038026068915	SEQC	permutation	
1254.0	0.24179642048801941	SEQC	permutation	
1255.0	0.10822217002347934	SEQC	permutation	
1256.0	-0.01651837623497432	SEQC	permutation	
1257.0	0.01853036173438749	SEQC	permutation	
1258.0	0.22262052781874253	SEQC	permutation	
1259.0	0.12137302876979206	SEQC	permutation	
1260.0	-0.05037008373359608	SEQC	permutation	
1261.0	-0.1409210571794377	SEQC	permutation	
1262.0	0.20454788174962513	SEQC	permutation	
1263.0	0.20125908740629228	SEQC	permutation	
1264.0	0.29466840906968983	SEQC	permutation	
1265.0	-0.21431580681213713	SEQC	permutation	
1266.0	0.027713238182648148	SEQC	permutation	
1267.0	0.06308856993057965	SEQC	permutation	
1268.0	0.04452756497895205	SEQC	permutation	
1269.0	0.12366175874054441	SEQC	permutation	
1270.0	0.08380519290461219	SEQC	permutation	
1271.0	-0.03696862195895534	SEQC	permutation	
1272.0	-0.1831263206099143	SEQC	permutation	
1273.0	0.22363938862224586	SEQC	permutation	
1274.0	-0.31741859958372043	SEQC	permutation	
1275.0	-0.17456949569237334	SEQC	permutation	
1276.0	0.4123689941203823	SEQC	permutation	
1277.0	0.015605250254823844	SEQC	permutation	
1278.0	0.15450580375702838	SEQC	permutation	
1279.0	0.18786715592940606	SEQC	permutation	
1280.0	-0.1291377654467354	SEQC	permutation	
1281.0	-0.03163012944422139	SEQC	permutation	
1282.0	0.15318183385334816	SEQC	permutation	
1283.0	0.20443538190734944	SEQC	permutation	
1284.0	-0.08985054233123879	SEQC	permutation	
1285.0	-0.05814368377194512	SEQC	permutation	
1286.0	0.31227285039719543	SEQC	permutation	
1287.0	-0.011399051563998341	SEQC	permutation	
1288.0	0.1938025634169378	SEQC	permutation	
1289.0	0.1403434425600496	SEQC	permutation	
1290.0	0.07277749357922048	SEQC	permutation	
1291.0	-0.05766043857209979	SEQC	permutation	
1292.0	-0.11035255343254935	SEQC	permutation	
1293.0	-0.12064748133974401	SEQC	permutation	
1294.0	0.16810253139881137	SEQC	permutation	
1295.0	-0.14121355999316254	SEQC	permutation	
1296.0	-0.352231700457609	SEQC	permutation	
1297.0	0.21568437338782864	SEQC	permutation	
1298.0	0.055358905926374824	SEQC	permutation	
1299.0	-0.025010074087477463	SEQC	permutation	
1300.0	0.07055016117849888	SEQC	permutation	
1301.0	0.2529724131705464	SEQC	permutation	
1302.0	0.1011382585870555	SEQC	permutation	
1303.0	0.12956723230167988	SEQC	permutation	
1304.0	-0.04334100775169869	SEQC	permutation	
1305.0	0.17420040904917844	SEQC	permutation	
1306.0	0.058455153337706456	SEQC	permutation	
1307.0	0.053550649772505565	SEQC	permutation	
1308.0	0.008605862217716087	SEQC	permutation	
1309.0	-0.0263523930693772	SEQC	permutation	
1310.0	0.052578538135695574	SEQC	permutation	
1311.0	-0.14575813484160083	SEQC	permutation	
1312.0	0.13777539818183016	SEQC	permutation	
1313.0	-0.05647975474116951	SEQC	permutation	
1314.0	0.13667439395774394	SEQC	permutation	
1315.0	0.1590294746253189	SEQC	permutation	
1316.0	-0.2631224276363957	SEQC	permutation	
1317.0	-0.19107755134943094	SEQC	permutation	
1318.0	-0.2149971187658659	SEQC	permutation	
1319.0	0.02737243626102792	SEQC	permutation	
1320.0	0.020634981506071348	SEQC	permutation	
1321.0	0.036309457894663666	SEQC	permutation	
1322.0	0.3841644379703615	SEQC	permutation	
1323.0	-0.10259934800816861	SEQC	permutation	
1324.0	0.02134653028143152	SEQC	permutation	
1325.0	0.15330237727695373	SEQC	permutation	
1326.0	-0.06416091869034535	SEQC	permutation	
1327.0	0.06382839668870854	SEQC	permutation	
1328.0	0.07417782683815499	SEQC	permutation	
1329.0	0.13262746770765954	SEQC	permutation	
1330.0	0.04258968987633338	SEQC	permutation	
1331.0	0.06659935838334707	SEQC	permutation	
1332.0	-0.033834321771013975	SEQC	permutation	
1333.0	-0.12093048507720994	SEQC	permutation	
1334.0	0.035734653313296505	SEQC	permutation	
1335.0	0.11883262172519427	SEQC	permutation	
1336.0	0.07388806152745264	SEQC	permutation	
1337.0	0.02131448914773948	SEQC	permutation	
1338.0	-0.047995137843215296	SEQC	permutation	
1339.0	0.13113414573408555	SEQC	permutation	
1340.0	0.180759842127161	SEQC	permutation	
1341.0	0.1787581038126227	SEQC	permutation	
1342.0	0.151880242331921	SEQC	permutation	
1343.0	0.11694932187079932	SEQC	permutation	
1344.0	0.3363269524312624	SEQC	permutation	
1345.0	-0.16983788569352498	SEQC	permutation	
1346.0	0.14582688003217825	SEQC	permutation	
1347.0	0.16057317970664275	SEQC	permutation	
1348.0	-0.026662984488669217	SEQC	permutation	
1349.0	0.23201805256640373	SEQC	permutation	
1350.0	-0.07823476184354927	SEQC	permutation	
1351.0	0.049578331710805834	SEQC	permutation	
1352.0	-0.027775752758249617	SEQC	permutation	
1353.0	0.037130937611893344	SEQC	permutation	
1354.0	0.15784313212346746	SEQC	permutation	
1355.0	0.19038544043229866	SEQC	permutation	
1356.0	-0.09571157458048596	SEQC	permutation	
1357.0	0.21704053296324055	SEQC	permutation	
1358.0	0.1463212024858942	SEQC	permutation	
1359.0	0.07383415340281552	SEQC	permutation	
1360.0	0.42407443493224406	SEQC	permutation	
1361.0	0.19313667332579953	SEQC	permutation	
1362.0	0.0076705111268751125	SEQC	permutation	
1363.0	-0.03572160851797701	SEQC	permutation	
1364.0	0.08867913340348199	SEQC	permutation	
1365.0	-0.12446819422974276	SEQC	permutation	
1366.0	0.03723654977696267	SEQC	permutation	
1367.0	0.20233737760600334	SEQC	permutation	
1368.0	0.33483268619152273	SEQC	permutation	
1369.0	-0.15282335430254257	SEQC	permutation	
1370.0	0.027852670115986022	SEQC	permutation	
1371.0	-0.05721720352618931	SEQC	permutation	
1372.0	0.04794784359292148	SEQC	permutation	
1373.0	0.2748924215151707	SEQC	permutation	
1374.0	0.1895574856956035	SEQC	permutation	
1375.0	0.35138150248086486	SEQC	permutation	
1376.0	0.0801441712410238	SEQC	permutation	
1377.0	0.141211636877407	SEQC	permutation	
1378.0	0.15777670073166306	SEQC	permutation	
1379.0	0.08975729056164017	SEQC	permutation	
1380.0	0.28543858792743304	SEQC	permutation	
1381.0	0.27999901338619715	SEQC	permutation	
1382.0	-0.01755102614675952	SEQC	permutation	
1383.0	0.035769275014007285	SEQC	permutation	
1384.0	0.0903645074890731	SEQC	permutation	
1385.0	0.06113193031662245	SEQC	permutation	
1386.0	-0.014273393828669434	SEQC	permutation	
1387.0	0.26286773517719375	SEQC	permutation	
1388.0	0.03143458711206648	SEQC	permutation	
1389.0	-0.033538102199501374	SEQC	permutation	
1390.0	0.2124078306390098	SEQC	permutation	
1391.0	-0.03722957076922029	SEQC	permutation	
1392.0	0.20624694434947521	SEQC	permutation	
1393.0	0.07635346715188884	SEQC	permutation	
1394.0	-0.01831858939279485	SEQC	permutation	
1395.0	0.004412609545696	SEQC	permutation	
1396.0	0.09337457583333375	SEQC	permutation	
1397.0	0.12015025228256437	SEQC	permutation	
1398.0	0.046662991958334565	SEQC	permutation	
1399.0	-0.17891168416104986	SEQC	permutation	
1400.0	0.34845181793612046	SEQC	permutation	
1401.0	-0.11276714076681227	SEQC	permutation	
1402.0	0.03146146674873851	SEQC	permutation	
1403.0	0.2122763861475283	SEQC	permutation	
1404.0	-0.12494201321548726	SEQC	permutation	
1405.0	0.4493366756111099	SEQC	permutation	
1406.0	0.11313568908182337	SEQC	permutation	
1407.0	0.09786483368013688	SEQC	permutation	
1408.0	0.08135837035199067	SEQC	permutation	
1409.0	-0.06505481491603948	SEQC	permutation	
1410.0	-0.053571735773183526	SEQC	permutation	
1411.0	0.07905322716013963	SEQC	permutation	
1412.0	0.1761358493864309	SEQC	permutation	
1413.0	-0.07907017815778605	SEQC	permutation	
1414.0	0.20881257180485946	SEQC	permutation	
1415.0	0.30660173688890335	SEQC	permutation	
1416.0	0.14430286745129006	SEQC	permutation	
1417.0	-0.013460662751429098	SEQC	permutation	
1418.0	-0.06455952319533154	SEQC	permutation	
1419.0	0.021726573190406384	SEQC	permutation	
1420.0	0.05325632608536779	SEQC	permutation	
1421.0	0.17355348536658166	SEQC	permutation	
1422.0	-0.1953860497313924	SEQC	permutation	
1423.0	0.14954155955304493	SEQC	permutation	
1424.0	-0.21661035174708143	SEQC	permutation	
1425.0	0.05034478087350891	SEQC	permutation	
1426.0	0.23310614510172112	SEQC	permutation	
1427.0	0.20218001809378183	SEQC	permutation	
1428.0	0.2746316358847629	SEQC	permutation	
1429.0	-0.3298281533448897	SEQC	permutation	
1430.0	-0.12049207939443018	SEQC	permutation	
1431.0	-0.05625835320945871	SEQC	permutation	
1432.0	-0.3779270048224337	SEQC	permutation	
1433.0	0.21048340331068172	SEQC	permutation	
1434.0	-0.03162500234787924	SEQC	permutation	
1435.0	0.017741923713221475	SEQC	permutation	
1436.0	0.03831772323900129	SEQC	permutation	
1437.0	0.22087331201662241	SEQC	permutation	
1438.0	-0.11140847422913591	SEQC	permutation	
1439.0	-0.039086860081926744	SEQC	permutation	
1440.0	0.3672596744627299	SEQC	permutation	
1441.0	0.2015212635515642	SEQC	permutation	
1442.0	0.07763107742209208	SEQC	permutation	
1443.0	-0.0727511636457896	SEQC	permutation	
1444.0	0.19123398885917542	SEQC	permutation	
1445.0	0.10546280793208762	SEQC	permutation	
1446.0	0.003032188813525849	SEQC	permutation	
1447.0	0.04521496205630715	SEQC	permutation	
1448.0	0.1967793573280021	SEQC	permutation	
1449.0	-0.4073548315241444	SEQC	permutation	
1450.0	0.08455995216568901	SEQC	permutation	
1451.0	0.35321740498730314	SEQC	permutation	
1452.0	-0.07430664946765475	SEQC	permutation	
1453.0	0.225025594498808	SEQC	permutation	
1454.0	0.21075715751534752	SEQC	permutation	
1455.0	-0.018627319566886236	SEQC	permutation	
1456.0	-0.09969324092960097	SEQC	permutation	
1457.0	0.08598035969743556	SEQC	permutation	
1458.0	-0.011575772618010127	SEQC	permutation	
1459.0	-0.3408265655458722	SEQC	permutation	
1460.0	0.12193692463665151	SEQC	permutation	
1461.0	0.19543793514961383	SEQC	permutation	
1462.0	0.12058209145332643	SEQC	permutation	
1463.0	-0.044331688478533415	SEQC	permutation	
1464.0	-0.08525344431956139	SEQC	permutation	
1465.0	0.03721058603259042	SEQC	permutation	
1466.0	0.026845064325997647	SEQC	permutation	
1467.0	0.27458409056323063	SEQC	permutation	
1468.0	0.04379598832314269	SEQC	permutation	
1469.0	0.16789523493490321	SEQC	permutation	
1470.0	-0.15065068353321376	SEQC	permutation	
1471.0	-0.22891382491856493	SEQC	permutation	
1472.0	0.21015544821473142	SEQC	permutation	
1473.0	0.3122071618327311	SEQC	permutation	
1474.0	0.23026921187527005	SEQC	permutation	
1475.0	0.1418582905026966	SEQC	permutation	
1476.0	0.41016277147579583	SEQC	permutation	
1477.0	0.19540528908547472	SEQC	permutation	
1478.0	-0.08271438399517983	SEQC	permutation	
1479.0	0.45362263122528823	SEQC	permutation	
1480.0	0.2813847395331619	SEQC	permutation	
1481.0	0.16332522920597903	SEQC	permutation	
1482.0	0.21518788642348952	SEQC	permutation	
1483.0	-0.09265292219012	SEQC	permutation	
1484.0	0.009117305027722011	SEQC	permutation	
1485.0	0.2738395951060486	SEQC	permutation	
1486.0	0.017430237491878664	SEQC	permutation	
1487.0	0.2672020059757152	SEQC	permutation	
1488.0	0.1430093863386741	SEQC	permutation	
1489.0	-0.034429783763004096	SEQC	permutation	
1490.0	0.14873533190718824	SEQC	permutation	
1491.0	-0.012721570627704182	SEQC	permutation	
1492.0	0.18672132937234043	SEQC	permutation	
1493.0	-0.19306220610916025	SEQC	permutation	
1494.0	0.11224131946406235	SEQC	permutation	
1495.0	0.21193307907084158	SEQC	permutation	
1496.0	0.12447529653050271	SEQC	permutation	
1497.0	0.01923156355308997	SEQC	permutation	
1498.0	0.30231521043140486	SEQC	permutation	
1499.0	-0.012610456033109507	SEQC	permutation	
1500.0	-0.07892761280004024	SEQC	permutation	
1501.0	0.0358470149172625	SEQC	permutation	
1502.0	0.09410034423056857	SEQC	permutation	
1503.0	-0.21660381371140325	SEQC	permutation	
1504.0	0.09001155414364526	SEQC	permutation	
1505.0	0.25199033665931037	SEQC	permutation	
1506.0	0.07318543564841296	SEQC	permutation	
1507.0	0.3102620721119562	SEQC	permutation	
1508.0	-0.12639165908007843	SEQC	permutation	
1509.0	0.12637183424556486	SEQC	permutation	
1510.0	0.3357233393959689	SEQC	permutation	
1511.0	-0.06258524617417827	SEQC	permutation	
1512.0	-0.20303236166476513	SEQC	permutation	
1513.0	0.11512043161431684	SEQC	permutation	
1514.0	0.35135512869465657	SEQC	permutation	
1515.0	-0.14616493843887302	SEQC	permutation	
1516.0	0.006619239617620565	SEQC	permutation	
1517.0	0.12418411791685635	SEQC	permutation	
1518.0	0.20291521547963676	SEQC	permutation	
1519.0	0.038332736844717274	SEQC	permutation	
1520.0	0.0833715580969967	SEQC	permutation	
1521.0	-0.00985272654367364	SEQC	permutation	
1522.0	0.018677769166271396	SEQC	permutation	
1523.0	-0.11717610392470323	SEQC	permutation	
1524.0	-0.08665434919525605	SEQC	permutation	
1525.0	0.137024662132184	SEQC	permutation	
1526.0	0.20976137770203707	SEQC	permutation	
1527.0	-0.23393521211807222	SEQC	permutation	
1528.0	-0.29584153933547963	SEQC	permutation	
1529.0	-0.08023828343823958	SEQC	permutation	
1530.0	-0.06560658301412392	SEQC	permutation	
1531.0	0.20048736828831437	SEQC	permutation	
1532.0	-0.2054535410981302	SEQC	permutation	
1533.0	-0.018137590017929917	SEQC	permutation	
1534.0	-0.12823583128574967	SEQC	permutation	
1535.0	-0.03852748351051627	SEQC	permutation	
1536.0	0.20131096513587998	SEQC	permutation	
1537.0	-0.07272411159818137	SEQC	permutation	
1538.0	0.051718029464242754	SEQC	permutation	
1539.0	0.3435025746792526	SEQC	permutation	
1540.0	0.02776813930772004	SEQC	permutation	
1541.0	0.05539304369483222	SEQC	permutation	
1542.0	0.07772446334147887	SEQC	permutation	
1543.0	0.05988998596020512	SEQC	permutation	
1544.0	0.11292343207413058	SEQC	permutation	
1545.0	0.06460770856843823	SEQC	permutation	
1546.0	0.41819701111522	SEQC	permutation	
1547.0	0.08135818932230343	SEQC	permutation	
1548.0	-0.1696797043179199	SEQC	permutation	
1549.0	0.16281331589575387	SEQC	permutation	
1550.0	-0.06884562584937726	SEQC	permutation	
1551.0	0.20390338245886408	SEQC	permutation	
1552.0	0.35851415779686135	SEQC	permutation	
1553.0	0.11262726023120084	SEQC	permutation	
1554.0	-0.17522257085356863	SEQC	permutation	
1555.0	0.11332586567786063	SEQC	permutation	
1556.0	0.1388741418417787	SEQC	permutation	
1557.0	0.194223200504676	SEQC	permutation	
1558.0	-0.23313092916509337	SEQC	permutation	
1559.0	-0.011890774802330029	SEQC	permutation	
1560.0	-0.10946242614889545	SEQC	permutation	
1561.0	0.17854176097605912	SEQC	permutation	
1562.0	0.06128170575804326	SEQC	permutation	
1563.0	0.11913853101564431	SEQC	permutation	
1564.0	0.03317077599789631	SEQC	permutation	
1565.0	-0.0959065144425173	SEQC	permutation	
1566.0	0.11581259393186816	SEQC	permutation	
1567.0	0.15736329633092883	SEQC	permutation	
1568.0	0.25204693267217504	SEQC	permutation	
1569.0	-0.025114271799585808	SEQC	permutation	
1570.0	-0.014304917642741444	SEQC	permutation	
1571.0	0.24342277773810927	SEQC	permutation	
1572.0	0.09683993839485527	SEQC	permutation	
1573.0	0.11858867204246426	SEQC	permutation	
1574.0	0.03321004932391247	SEQC	permutation	
1575.0	0.026154449816890413	SEQC	permutation	
1576.0	-0.03707629973569482	SEQC	permutation	
1577.0	-0.10722245647433937	SEQC	permutation	
1578.0	-0.004598883849526558	SEQC	permutation	
1579.0	-0.03412874807242172	SEQC	permutation	
1580.0	0.3110948298710401	SEQC	permutation	
1581.0	-0.07328151793830173	SEQC	permutation	
1582.0	-0.035314568237161836	SEQC	permutation	
1583.0	0.05392734123628795	SEQC	permutation	
1584.0	0.20430497483630905	SEQC	permutation	
1585.0	-0.17159557407301218	SEQC	permutation	
1586.0	-0.13329399282362964	SEQC	permutation	
1587.0	-0.06041640485302402	SEQC	permutation	
1588.0	0.09124057268194274	SEQC	permutation	
1589.0	0.0068432586868203416	SEQC	permutation	
1590.0	0.26191746306600727	SEQC	permutation	
1591.0	0.06299910016393007	SEQC	permutation	
1592.0	0.012197166670506299	SEQC	permutation	
1593.0	0.1924704433980029	SEQC	permutation	
1594.0	0.21799542336693722	SEQC	permutation	
1595.0	0.023021743972742037	SEQC	permutation	
1596.0	0.14029550333680962	SEQC	permutation	
1597.0	-0.07533897855052896	SEQC	permutation	
1598.0	0.4356154428412218	SEQC	permutation	
1599.0	0.1709648874450025	SEQC	permutation	
1600.0	0.2669642521514106	SEQC	permutation	
1601.0	-0.08600236975773345	SEQC	permutation	
1602.0	-0.1683419805382078	SEQC	permutation	
1603.0	-0.0806941913743282	SEQC	permutation	
1604.0	0.023017658778020866	SEQC	permutation	
1605.0	0.17966358719371023	SEQC	permutation	
1606.0	-0.0932959193389804	SEQC	permutation	
1607.0	-0.22840050253767608	SEQC	permutation	
1608.0	-0.003068116561573575	SEQC	permutation	
1609.0	0.17732862586444664	SEQC	permutation	
1610.0	0.23578072661640448	SEQC	permutation	
1611.0	0.08609903249858597	SEQC	permutation	
1612.0	0.33314944034301863	SEQC	permutation	
1613.0	0.19786057310044036	SEQC	permutation	
1614.0	0.018557869098787094	SEQC	permutation	
1615.0	0.13539807447334784	SEQC	permutation	
1616.0	-0.14881891214235843	SEQC	permutation	
1617.0	0.1055321211774185	SEQC	permutation	
1618.0	0.010331856549588458	SEQC	permutation	
1619.0	0.20662142594031518	SEQC	permutation	
1620.0	-0.11295322698501487	SEQC	permutation	
1621.0	0.27239251770657447	SEQC	permutation	
1622.0	-0.0907000547785195	SEQC	permutation	
1623.0	-0.1002805982891255	SEQC	permutation	
1624.0	-0.15920783657190807	SEQC	permutation	
1625.0	0.01097017905082076	SEQC	permutation	
1626.0	0.003291014726586994	SEQC	permutation	
1627.0	-0.030579621083587583	SEQC	permutation	
1628.0	-0.17457194999177617	SEQC	permutation	
1629.0	0.05828015761591043	SEQC	permutation	
1630.0	0.24665651267957678	SEQC	permutation	
1631.0	-0.006058542391999211	SEQC	permutation	
1632.0	-0.049666469131985025	SEQC	permutation	
1633.0	0.024977471124406847	SEQC	permutation	
1634.0	0.36280202751543644	SEQC	permutation	
1635.0	0.22392655374292492	SEQC	permutation	
1636.0	-0.012966819801723872	SEQC	permutation	
1637.0	-0.019511948245477306	SEQC	permutation	
1638.0	0.08695500048261451	SEQC	permutation	
1639.0	-0.31469439976801894	SEQC	permutation	
1640.0	-0.2088071284633708	SEQC	permutation	
1641.0	-0.0540815912461019	SEQC	permutation	
1642.0	0.22528905157158619	SEQC	permutation	
1643.0	0.17844961840786766	SEQC	permutation	
1644.0	0.07264544683846186	SEQC	permutation	
1645.0	-0.06309425082161635	SEQC	permutation	
1646.0	-0.04796603449321957	SEQC	permutation	
1647.0	0.12652950360591664	SEQC	permutation	
1648.0	-0.26264541839384226	SEQC	permutation	
1649.0	0.0018157713916426843	SEQC	permutation	
1650.0	0.08677800436015914	SEQC	permutation	
1651.0	0.2207251897695217	SEQC	permutation	
1652.0	-0.04869428585628466	SEQC	permutation	
1653.0	0.11915660841694375	SEQC	permutation	
1654.0	0.0572426696637498	SEQC	permutation	
1655.0	0.10555744375276	SEQC	permutation	
1656.0	0.1856456263005981	SEQC	permutation	
1657.0	-0.026855834057728067	SEQC	permutation	
1658.0	-0.11910018794889687	SEQC	permutation	
1659.0	0.14927321990829157	SEQC	permutation	
1660.0	0.047316378404699044	SEQC	permutation	
1661.0	0.06293025331897617	SEQC	permutation	
1662.0	-0.2157849107757155	SEQC	permutation	
1663.0	0.27661251602227654	SEQC	permutation	
1664.0	-0.13872848856591347	SEQC	permutation	
1665.0	-0.22122053278087161	SEQC	permutation	
1666.0	-0.07882295879482903	SEQC	permutation	
1667.0	0.046942520144443556	SEQC	permutation	
1668.0	-0.002447108343308635	SEQC	permutation	
1669.0	0.09235644639730012	SEQC	permutation	
1670.0	0.05248111666794042	SEQC	permutation	
1671.0	0.0549233098125228	SEQC	permutation	
1672.0	-0.08078310227626684	SEQC	permutation	
1673.0	0.4181686350206455	SEQC	permutation	
1674.0	-0.34287893607705033	SEQC	permutation	
1675.0	0.15701900738273356	SEQC	permutation	
1676.0	-0.06230075491782383	SEQC	permutation	
1677.0	-0.009283664471461783	SEQC	permutation	
1678.0	0.08661674155704358	SEQC	permutation	
1679.0	0.188515229956022	SEQC	permutation	
1680.0	0.34066342071192945	SEQC	permutation	
1681.0	0.18639651955990022	SEQC	permutation	
1682.0	0.22250533564314345	SEQC	permutation	
1683.0	0.18389933504815925	SEQC	permutation	
1684.0	-0.06609631166699614	SEQC	permutation	
1685.0	0.3070480609899855	SEQC	permutation	
1686.0	0.07665998691922749	SEQC	permutation	
1687.0	0.20462529419077136	SEQC	permutation	
1688.0	0.08874890765468813	SEQC	permutation	
1689.0	-0.1439083409359334	SEQC	permutation	
1690.0	-0.06440624724304289	SEQC	permutation	
1691.0	0.011602792170295473	SEQC	permutation	
1692.0	-0.13787248392889673	SEQC	permutation	
1693.0	-0.1053188055053127	SEQC	permutation	
1694.0	0.18157019539633712	SEQC	permutation	
1695.0	0.05199355252453497	SEQC	permutation	
1696.0	0.14653443225923368	SEQC	permutation	
1697.0	-0.15977610970112277	SEQC	permutation	
1698.0	-0.09275278028232314	SEQC	permutation	
1699.0	-0.1307369305240611	SEQC	permutation	
1700.0	0.008239955645359842	SEQC	permutation	
1701.0	0.004068840312113409	SEQC	permutation	
1702.0	0.16649115872527886	SEQC	permutation	
1703.0	-0.1910824442468666	SEQC	permutation	
1704.0	0.1926720963049373	SEQC	permutation	
1705.0	0.17991852121374663	SEQC	permutation	
1706.0	0.054266584450458843	SEQC	permutation	
1707.0	0.2625597737662355	SEQC	permutation	
1708.0	0.08902170301407342	SEQC	permutation	
1709.0	-0.02787282366640209	SEQC	permutation	
1710.0	0.062228115583022436	SEQC	permutation	
1711.0	-0.05701868633341256	SEQC	permutation	
1712.0	0.3901765432192521	SEQC	permutation	
1713.0	0.030631847917583777	SEQC	permutation	
1714.0	0.23737059685250816	SEQC	permutation	
1715.0	0.36120240085327815	SEQC	permutation	
1716.0	-0.10673664986874964	SEQC	permutation	
1717.0	0.04827736886672973	SEQC	permutation	
1718.0	0.048996289804382975	SEQC	permutation	
1719.0	-0.021803797675343795	SEQC	permutation	
1720.0	0.06537000488374112	SEQC	permutation	
1721.0	-0.060573701747880904	SEQC	permutation	
1722.0	0.19564580423416178	SEQC	permutation	
1723.0	-0.0637294371163648	SEQC	permutation	
1724.0	0.10332780191678559	SEQC	permutation	
1725.0	-0.07701668396995665	SEQC	permutation	
1726.0	0.23567043339721572	SEQC	permutation	
1727.0	0.07755358316113625	SEQC	permutation	
1728.0	-0.06168629311073648	SEQC	permutation	
1729.0	0.2170695586130149	SEQC	permutation	
1730.0	-0.149932801084387	SEQC	permutation	
1731.0	-0.0022414693195580426	SEQC	permutation	
1732.0	0.019720886615148814	SEQC	permutation	
1733.0	0.35479991266752364	SEQC	permutation	
1734.0	0.014974119392092256	SEQC	permutation	
1735.0	0.2749759325725716	SEQC	permutation	
1736.0	0.08899436249227399	SEQC	permutation	
1737.0	0.05127269237281773	SEQC	permutation	
1738.0	0.030290871101796846	SEQC	permutation	
1739.0	-0.07458820138373667	SEQC	permutation	
1740.0	0.06271514512142229	SEQC	permutation	
1741.0	0.030501000611111273	SEQC	permutation	
1742.0	0.21794527952295972	SEQC	permutation	
1743.0	0.05278325569770992	SEQC	permutation	
1744.0	0.18327044294262507	SEQC	permutation	
1745.0	-0.09843207318864522	SEQC	permutation	
1746.0	0.022158225420011668	SEQC	permutation	
1747.0	0.05647408179677971	SEQC	permutation	
1748.0	0.10434183171833222	SEQC	permutation	
1749.0	0.26237805591159447	SEQC	permutation	
1750.0	0.10534537937422783	SEQC	permutation	
1751.0	-0.06980136448220531	SEQC	permutation	
1752.0	0.0780215505956372	SEQC	permutation	
1753.0	-0.11920754571460801	SEQC	permutation	
1754.0	0.04812921094817124	SEQC	permutation	
1755.0	-0.01649568651117317	SEQC	permutation	
1756.0	0.1425830910232575	SEQC	permutation	
1757.0	0.027218245033324706	SEQC	permutation	
1758.0	0.2901703264420501	SEQC	permutation	
1759.0	-0.2001713494112094	SEQC	permutation	
1760.0	0.017708539863750872	SEQC	permutation	
1761.0	0.035772352274927144	SEQC	permutation	
1762.0	0.4113174733121179	SEQC	permutation	
1763.0	0.11202058490221578	SEQC	permutation	
1764.0	0.14506894138020776	SEQC	permutation	
1765.0	0.1969733706453587	SEQC	permutation	
1766.0	-0.21733985030544822	SEQC	permutation	
1767.0	-0.06656766724967778	SEQC	permutation	
1768.0	-0.013955500871615456	SEQC	permutation	
1769.0	0.10260390509154327	SEQC	permutation	
1770.0	0.2478367186830175	SEQC	permutation	
1771.0	0.10425181225565794	SEQC	permutation	
1772.0	-0.03459533093984124	SEQC	permutation	
1773.0	0.12523443728828632	SEQC	permutation	
1774.0	0.331471500618167	SEQC	permutation	
1775.0	-0.0019481449290710273	SEQC	permutation	
1776.0	0.19563841800528614	SEQC	permutation	
1777.0	0.20426328629863733	SEQC	permutation	
1778.0	0.13642185997067635	SEQC	permutation	
1779.0	-0.2517949347188777	SEQC	permutation	
1780.0	0.38372764206692	SEQC	permutation	
1781.0	0.06217318255727733	SEQC	permutation	
1782.0	0.10690686736357335	SEQC	permutation	
1783.0	0.3432860165328764	SEQC	permutation	
1784.0	0.18793819195156125	SEQC	permutation	
1785.0	-0.1267198151623239	SEQC	permutation	
1786.0	0.0805410040487029	SEQC	permutation	
1787.0	0.06039983315004349	SEQC	permutation	
1788.0	-0.13684092745247156	SEQC	permutation	
1789.0	0.0951478459770767	SEQC	permutation	
1790.0	0.06843201991309567	SEQC	permutation	
1791.0	-0.05807790494786058	SEQC	permutation	
1792.0	0.28872339046187623	SEQC	permutation	
1793.0	0.1693352372271999	SEQC	permutation	
1794.0	-0.012993810732971234	SEQC	permutation	
1795.0	0.24914635654728023	SEQC	permutation	
1796.0	0.05133944356235176	SEQC	permutation	
1797.0	0.04061297885108495	SEQC	permutation	
1798.0	0.017569414302924358	SEQC	permutation	
1799.0	-0.20044909535910804	SEQC	permutation	
1800.0	-0.029462654238066044	SEQC	permutation	
1801.0	0.2790512334910744	SEQC	permutation	
1802.0	0.021334014555320913	SEQC	permutation	
1803.0	0.10934366469092005	SEQC	permutation	
1804.0	0.15506980411662674	SEQC	permutation	
1805.0	0.005025197687037242	SEQC	permutation	
1806.0	0.2118974081302234	SEQC	permutation	
1807.0	0.23067838702787036	SEQC	permutation	
1808.0	0.008320265509205171	SEQC	permutation	
1809.0	-0.1785887823298511	SEQC	permutation	
1810.0	0.20895972478120406	SEQC	permutation	
1811.0	0.07948674574620451	SEQC	permutation	
1812.0	0.1657257880508638	SEQC	permutation	
1813.0	0.19935884988995678	SEQC	permutation	
1814.0	-0.13869835386783613	SEQC	permutation	
1815.0	-0.1668378860268982	SEQC	permutation	
1816.0	-0.03304976551502925	SEQC	permutation	
1817.0	-0.14340142105838627	SEQC	permutation	
1818.0	0.28942733930387554	SEQC	permutation	
1819.0	0.030009796677327394	SEQC	permutation	
1820.0	-0.1101934238804736	SEQC	permutation	
1821.0	-0.1337400106662887	SEQC	permutation	
1822.0	0.06200654651293114	SEQC	permutation	
1823.0	-0.0974884918003589	SEQC	permutation	
1824.0	0.08894334055811992	SEQC	permutation	
1825.0	0.18926554614930957	SEQC	permutation	
1826.0	0.1566998802199855	SEQC	permutation	
1827.0	0.043810732437475686	SEQC	permutation	
1828.0	0.12695207450585144	SEQC	permutation	
1829.0	0.1063931423554525	SEQC	permutation	
1830.0	0.2121286707043497	SEQC	permutation	
1831.0	0.0697808997587197	SEQC	permutation	
1832.0	0.21614030136093731	SEQC	permutation	
1833.0	-0.005497896100453481	SEQC	permutation	
1834.0	-0.011235946634699623	SEQC	permutation	
1835.0	0.04707366430675464	SEQC	permutation	
1836.0	0.007837646450541413	SEQC	permutation	
1837.0	0.0035057757452179317	SEQC	permutation	
1838.0	0.24278051408592738	SEQC	permutation	
1839.0	-0.05264886579086081	SEQC	permutation	
1840.0	0.13051499643346176	SEQC	permutation	
1841.0	-0.054968572080555056	SEQC	permutation	
1842.0	-0.039769849801376544	SEQC	permutation	
1843.0	-0.02618654320211533	SEQC	permutation	
1844.0	-0.14119229842236614	SEQC	permutation	
1845.0	0.017997630014165544	SEQC	permutation	
1846.0	-0.054975804346321766	SEQC	permutation	
1847.0	-0.0881661379601093	SEQC	permutation	
1848.0	0.1913702294947992	SEQC	permutation	
1849.0	0.25347181000247687	SEQC	permutation	
1850.0	0.15609699053249138	SEQC	permutation	
1851.0	-0.040028793998421186	SEQC	permutation	
1852.0	-0.07676808171368776	SEQC	permutation	
1853.0	0.21577054354314296	SEQC	permutation	
1854.0	0.06056740421251927	SEQC	permutation	
1855.0	0.17824589544721814	SEQC	permutation	
1856.0	0.20085497186095402	SEQC	permutation	
1857.0	-0.04733316363219853	SEQC	permutation	
1858.0	0.07104157102173847	SEQC	permutation	
1859.0	-0.005733054778285229	SEQC	permutation	
1860.0	-0.05399923435160048	SEQC	permutation	
1861.0	-0.15061031422747728	SEQC	permutation	
1862.0	0.18004401026798345	SEQC	permutation	
1863.0	0.24156365382261402	SEQC	permutation	
1864.0	0.24205620737349598	SEQC	permutation	
1865.0	-0.052282584410003	SEQC	permutation	
1866.0	0.01729295757102811	SEQC	permutation	
1867.0	-0.053521493440358725	SEQC	permutation	
1868.0	-0.19829238663098003	SEQC	permutation	
1869.0	0.014323035852584987	SEQC	permutation	
1870.0	0.11204458506649129	SEQC	permutation	
1871.0	-0.005328867511948943	SEQC	permutation	
1872.0	0.2574857384876301	SEQC	permutation	
1873.0	0.03185263851679565	SEQC	permutation	
1874.0	0.0929627223413414	SEQC	permutation	
1875.0	0.025428929827201685	SEQC	permutation	
1876.0	-0.05968343275118926	SEQC	permutation	
1877.0	-0.11892261465262877	SEQC	permutation	
1878.0	0.06792064332303394	SEQC	permutation	
1879.0	0.13303974356674164	SEQC	permutation	
1880.0	-0.020559952783140822	SEQC	permutation	
1881.0	0.21518946535532102	SEQC	permutation	
1882.0	-0.01522079866512005	SEQC	permutation	
1883.0	-0.07315765832902521	SEQC	permutation	
1884.0	-0.04730368283482278	SEQC	permutation	
1885.0	0.09379024021475058	SEQC	permutation	
1886.0	-0.06993517753200962	SEQC	permutation	
1887.0	-0.19770085659071768	SEQC	permutation	
1888.0	-0.029064077180054326	SEQC	permutation	
1889.0	0.19072113989899897	SEQC	permutation	
1890.0	-0.10871053304958878	SEQC	permutation	
1891.0	-0.0069306981577366145	SEQC	permutation	
1892.0	-0.023539937332159866	SEQC	permutation	
1893.0	0.10428717360019402	SEQC	permutation	
1894.0	-0.14526690271064613	SEQC	permutation	
1895.0	-0.12059357499532464	SEQC	permutation	
1896.0	-0.19197172078357472	SEQC	permutation	
1897.0	-0.05359450606943561	SEQC	permutation	
1898.0	-0.03419506279434792	SEQC	permutation	
1899.0	0.12385600371710481	SEQC	permutation	
1900.0	0.2294549153141201	SEQC	permutation	
1901.0	-0.059997659236392664	SEQC	permutation	
1902.0	-0.02929962213177717	SEQC	permutation	
1903.0	0.15138457301875263	SEQC	permutation	
1904.0	-0.09513750874209048	SEQC	permutation	
1905.0	0.24525417879551537	SEQC	permutation	
1906.0	0.1353158148927589	SEQC	permutation	
1907.0	0.028822444351706444	SEQC	permutation	
1908.0	-0.12855757380656474	SEQC	permutation	
1909.0	0.07978866389357187	SEQC	permutation	
1910.0	-0.057854925758205056	SEQC	permutation	
1911.0	-0.03347745944458147	SEQC	permutation	
1912.0	-0.025538754405697084	SEQC	permutation	
1913.0	0.09249226889399953	SEQC	permutation	
1914.0	0.01790548026999872	SEQC	permutation	
1915.0	-0.03817298708514105	SEQC	permutation	
1916.0	-0.0739425676776655	SEQC	permutation	
1917.0	0.1470406973544245	SEQC	permutation	
1918.0	0.10857266335879867	SEQC	permutation	
1919.0	-0.23556951233642298	SEQC	permutation	
1920.0	-0.09485560476606203	SEQC	permutation	
1921.0	-0.1673073795939004	SEQC	permutation	
1922.0	0.5080367769137828	SEQC	permutation	
1923.0	0.3197867686449136	SEQC	permutation	
1924.0	0.052350856537169754	SEQC	permutation	
1925.0	-0.12745938724802652	SEQC	permutation	
1926.0	-0.25536532134199863	SEQC	permutation	
1927.0	-0.15326487886465756	SEQC	permutation	
1928.0	0.1085724327653903	SEQC	permutation	
1929.0	-0.1795863902539505	SEQC	permutation	
1930.0	0.05020607179072378	SEQC	permutation	
1931.0	0.1415161519293351	SEQC	permutation	
1932.0	-0.008434445891182918	SEQC	permutation	
1933.0	-0.1770421279070531	SEQC	permutation	
1934.0	-0.052930908322313286	SEQC	permutation	
1935.0	-0.06212550497062619	SEQC	permutation	
1936.0	-0.03216450034218976	SEQC	permutation	
1937.0	0.028609976801496018	SEQC	permutation	
1938.0	-0.06913353903055786	SEQC	permutation	
1939.0	0.24184852634216014	SEQC	permutation	
1940.0	0.11741508001527201	SEQC	permutation	
1941.0	-0.12289454838875535	SEQC	permutation	
1942.0	-0.12552481554987693	SEQC	permutation	
1943.0	-0.03988448172722059	SEQC	permutation	
1944.0	-0.05113798875710174	SEQC	permutation	
1945.0	0.0984482534306732	SEQC	permutation	
1946.0	0.03621715973312156	SEQC	permutation	
1947.0	0.11534960828766483	SEQC	permutation	
1948.0	-0.13874310543824908	SEQC	permutation	
1949.0	0.06634145373281797	SEQC	permutation	
1950.0	0.04578835832361161	SEQC	permutation	
1951.0	-0.12556481138366404	SEQC	permutation	
1952.0	0.17628282680147667	SEQC	permutation	
1953.0	0.14328821090444954	SEQC	permutation	
1954.0	0.26479563127275796	SEQC	permutation	
1955.0	0.33544006657434977	SEQC	permutation	
1956.0	0.2267987784259038	SEQC	permutation	
1957.0	-0.17136712300339685	SEQC	permutation	
1958.0	0.14812215058548084	SEQC	permutation	
1959.0	-0.024738462447446707	SEQC	permutation	
1960.0	0.06865287452374069	SEQC	permutation	
1961.0	0.3569205665162061	SEQC	permutation	
1962.0	0.407512415837358	SEQC	permutation	
1963.0	0.24588022788998742	SEQC	permutation	
1964.0	0.07236321502835796	SEQC	permutation	
1965.0	0.08495380597228852	SEQC	permutation	
1966.0	0.11666492969127873	SEQC	permutation	
1967.0	0.05447357945556863	SEQC	permutation	
1968.0	-0.12296679420091738	SEQC	permutation	
1969.0	-0.01624346268844068	SEQC	permutation	
1970.0	0.0395678770898531	SEQC	permutation	
1971.0	-0.08428849600161659	SEQC	permutation	
1972.0	-0.05237310435916154	SEQC	permutation	
1973.0	0.013854248054596674	SEQC	permutation	
1974.0	0.0862057046630138	SEQC	permutation	
1975.0	-0.18084221303453685	SEQC	permutation	
1976.0	0.16446269233339272	SEQC	permutation	
1977.0	0.18833106603488403	SEQC	permutation	
1978.0	-0.08502313835744602	SEQC	permutation	
1979.0	0.04961526723905596	SEQC	permutation	
1980.0	-0.09959781599969464	SEQC	permutation	
1981.0	-0.010560875220969379	SEQC	permutation	
1982.0	0.11317556663066952	SEQC	permutation	
1983.0	-0.13905570241378928	SEQC	permutation	
1984.0	-0.07425959795723269	SEQC	permutation	
1985.0	0.24620190612937964	SEQC	permutation	
1986.0	0.09972594733686169	SEQC	permutation	
1987.0	0.07359597773406179	SEQC	permutation	
1988.0	0.16894146142094346	SEQC	permutation	
1989.0	0.27640202698318017	SEQC	permutation	
1990.0	0.297223152236862	SEQC	permutation	
1991.0	0.0485530898821942	SEQC	permutation	
1992.0	-0.005110852493894313	SEQC	permutation	
1993.0	0.12741234195907136	SEQC	permutation	
1994.0	0.20539559716330125	SEQC	permutation	
1995.0	0.09127560139153434	SEQC	permutation	
1996.0	0.02161077958430102	SEQC	permutation	
1997.0	0.16641796023315436	SEQC	permutation	
1998.0	-0.08195791934168195	SEQC	permutation	
1999.0	-0.05381745570117413	SEQC	permutation	
2000.0	0.04068388263692224	SEQC	permutation	
2001.0	0.08793269682586935	SEQC	permutation	
2002.0	0.2693184611874617	SEQC	permutation	
2003.0	-0.0712622781398844	SEQC	permutation	
2004.0	0.16963403486928552	SEQC	permutation	
2005.0	0.022387652845850425	SEQC	permutation	
2006.0	0.09514573685816519	SEQC	permutation	
2007.0	0.1013234900428781	SEQC	permutation	
2008.0	-0.10747086560943675	SEQC	permutation	
2009.0	0.08909227026828326	SEQC	permutation	
2010.0	0.13828675883022612	SEQC	permutation	
2011.0	-0.14614076567369594	SEQC	permutation	
2012.0	0.23856863819801166	SEQC	permutation	
2013.0	-0.054718708782363734	SEQC	permutation	
2014.0	0.1429860536085119	SEQC	permutation	
2015.0	0.11324153805833514	SEQC	permutation	
2016.0	0.14317326995018753	SEQC	permutation	
2017.0	0.08138909812191297	SEQC	permutation	
2018.0	-0.21272097212205043	SEQC	permutation	
2019.0	0.30984208170236194	SEQC	permutation	
2020.0	-0.1728600145879513	SEQC	permutation	
2021.0	-0.28909008080784737	SEQC	permutation	
2022.0	0.11156597029765081	SEQC	permutation	
2023.0	0.3252275983594233	SEQC	permutation	
2024.0	-0.03027449262104298	SEQC	permutation	
2025.0	0.24214024428502867	SEQC	permutation	
2026.0	0.12696936799954806	SEQC	permutation	
2027.0	0.23774459738342824	SEQC	permutation	
2028.0	0.22184890661067147	SEQC	permutation	
2029.0	-0.011829092862997825	SEQC	permutation	
2030.0	0.006576111641184212	SEQC	permutation	
2031.0	0.1391316067023194	SEQC	permutation	
2032.0	0.4023585933056042	SEQC	permutation	
2033.0	-0.01394445762186347	SEQC	permutation	
2034.0	-0.09388872613777988	SEQC	permutation	
2035.0	0.3040057911407317	SEQC	permutation	
2036.0	0.004218983217707972	SEQC	permutation	
2037.0	0.3699419962349504	SEQC	permutation	
2038.0	0.12154549563785189	SEQC	permutation	
2039.0	0.06059830217779183	SEQC	permutation	
2040.0	-0.15677971621397457	SEQC	permutation	
2041.0	0.06790852837024364	SEQC	permutation	
2042.0	0.007737660865653417	SEQC	permutation	
2043.0	0.06526230020411372	SEQC	permutation	
2044.0	0.05930056223819591	SEQC	permutation	
2045.0	-0.1597594855552975	SEQC	permutation	
2046.0	0.20155277339348387	SEQC	permutation	
2047.0	0.09822753495942482	SEQC	permutation	
2048.0	-0.17309442487866367	SEQC	permutation	
2049.0	-0.008139692300175305	SEQC	permutation	
2050.0	0.01996990592047876	SEQC	permutation	
2051.0	0.38824665318173945	SEQC	permutation	
2052.0	0.022451350617419763	SEQC	permutation	
2053.0	-0.25685615154526964	SEQC	permutation	
2054.0	0.195077035403858	SEQC	permutation	
2055.0	0.11942496395165136	SEQC	permutation	
2056.0	0.09924968301389825	SEQC	permutation	
2057.0	0.17199455532681363	SEQC	permutation	
2058.0	0.2189150700272613	SEQC	permutation	
2059.0	0.052227276083217866	SEQC	permutation	
2060.0	-0.12356460555146942	SEQC	permutation	
2061.0	0.22372633388339747	SEQC	permutation	
2062.0	0.19721584118383273	SEQC	permutation	
2063.0	0.06949356499912085	SEQC	permutation	
2064.0	-0.04871788234022478	SEQC	permutation	
2065.0	0.047631707962978	SEQC	permutation	
2066.0	0.10434606230616694	SEQC	permutation	
2067.0	-0.23453443310168964	SEQC	permutation	
2068.0	0.14539293426300137	SEQC	permutation	
2069.0	0.04790569363181696	SEQC	permutation	
2070.0	0.14023646462534334	SEQC	permutation	
2071.0	-0.09049389637351801	SEQC	permutation	
2072.0	0.18315696705956963	SEQC	permutation	
2073.0	0.20950772642617022	SEQC	permutation	
2074.0	0.07018515375094125	SEQC	permutation	
2075.0	0.14730956103518889	SEQC	permutation	
2076.0	-0.5552298707120515	SEQC	permutation	
2077.0	0.1094435051924334	SEQC	permutation	
2078.0	0.14105844076801155	SEQC	permutation	
2079.0	0.12565017349258145	SEQC	permutation	
2080.0	-0.05193588133422189	SEQC	permutation	
2081.0	0.04145842540407685	SEQC	permutation	
2082.0	0.04457640644986682	SEQC	permutation	
2083.0	0.1300185604014077	SEQC	permutation	
2084.0	-0.010117306328852216	SEQC	permutation	
2085.0	0.47578000446005486	SEQC	permutation	
2086.0	-0.2902475517718175	SEQC	permutation	
2087.0	-0.21179591358203176	SEQC	permutation	
2088.0	0.2380062266086611	SEQC	permutation	
2089.0	-0.08514578867012013	SEQC	permutation	
2090.0	0.08120420480147672	SEQC	permutation	
2091.0	0.0422686700173589	SEQC	permutation	
2092.0	0.11167179257476523	SEQC	permutation	
2093.0	0.27532151028296425	SEQC	permutation	
2094.0	-0.06762394953593986	SEQC	permutation	
2095.0	0.04641637977073465	SEQC	permutation	
2096.0	0.1693431982154774	SEQC	permutation	
2097.0	0.017596755975954004	SEQC	permutation	
2098.0	-0.09724884552429813	SEQC	permutation	
2099.0	0.2839565123530212	SEQC	permutation	
2100.0	0.24589495756031443	SEQC	permutation	
2101.0	0.057305996064355824	SEQC	permutation	
2102.0	-0.21035979262852678	SEQC	permutation	
2103.0	0.016207103053006655	SEQC	permutation	
2104.0	0.039006434574025306	SEQC	permutation	
2105.0	0.11244496405492654	SEQC	permutation	
2106.0	0.16610983977130545	SEQC	permutation	
2107.0	-0.09371608106450413	SEQC	permutation	
2108.0	0.042019121610826105	SEQC	permutation	
2109.0	0.14700359952334185	SEQC	permutation	
2110.0	0.11960832007340283	SEQC	permutation	
2111.0	0.09505972204445268	SEQC	permutation	
2112.0	-0.006042064197990804	SEQC	permutation	
2113.0	-0.09570239663969637	SEQC	permutation	
2114.0	0.22187654867595707	SEQC	permutation	
2115.0	0.14751147759037142	SEQC	permutation	
2116.0	0.13489040694551324	SEQC	permutation	
2117.0	0.07831416994102725	SEQC	permutation	
2118.0	0.18097770113390244	SEQC	permutation	
2119.0	-0.08053839473634294	SEQC	permutation	
2120.0	0.029656842051889676	SEQC	permutation	
2121.0	-0.052261789033448025	SEQC	permutation	
2122.0	0.0829452832434665	SEQC	permutation	
2123.0	0.31751085489107655	SEQC	permutation	
2124.0	-0.10110645375873606	SEQC	permutation	
2125.0	0.11424780729547823	SEQC	permutation	
2126.0	-0.019287814270514403	SEQC	permutation	
2127.0	-0.11260386571625336	SEQC	permutation	
2128.0	0.027686841216929103	SEQC	permutation	
2129.0	-0.26023249178246566	SEQC	permutation	
2130.0	0.1345385561314787	SEQC	permutation	
2131.0	0.004679149368281621	SEQC	permutation	
2132.0	-0.1004635513243306	SEQC	permutation	
2133.0	-0.019677022208301587	SEQC	permutation	
2134.0	0.05367130004216847	SEQC	permutation	
2135.0	-0.052794928346487247	SEQC	permutation	
2136.0	-0.3756251726152522	SEQC	permutation	
2137.0	-0.1626279466175511	SEQC	permutation	
2138.0	-0.026488894143159136	SEQC	permutation	
2139.0	0.09787226486059986	SEQC	permutation	
2140.0	0.17547711897772	SEQC	permutation	
2141.0	0.29177421547187254	SEQC	permutation	
2142.0	-0.05732601806999682	SEQC	permutation	
2143.0	-0.10743200487098115	SEQC	permutation	
2144.0	0.20039139977510523	SEQC	permutation	
2145.0	0.04027961949667169	SEQC	permutation	
2146.0	0.10005915304551571	SEQC	permutation	
2147.0	0.18085125349558062	SEQC	permutation	
2148.0	0.04961729093115075	SEQC	permutation	
2149.0	-0.08978849086200835	SEQC	permutation	
2150.0	-0.040500668977327514	SEQC	permutation	
2151.0	0.03379052679347794	SEQC	permutation	
2152.0	-0.04715921311764326	SEQC	permutation	
2153.0	0.03935000532281219	SEQC	permutation	
2154.0	-0.11467853746776058	SEQC	permutation	
2155.0	0.0025190139811650525	SEQC	permutation	
2156.0	0.08354228794236374	SEQC	permutation	
2157.0	-0.005797578007238791	SEQC	permutation	
2158.0	-0.047484839894792685	SEQC	permutation	
2159.0	-0.06159190850227958	SEQC	permutation	
2160.0	-0.0035146730722335207	SEQC	permutation	
2161.0	0.04081453828547321	SEQC	permutation	
2162.0	-0.020251336608509973	SEQC	permutation	
2163.0	0.00991312949114942	SEQC	permutation	
2164.0	0.25439952548758615	SEQC	permutation	
2165.0	-0.03517150419416559	SEQC	permutation	
2166.0	-0.008687456885355438	SEQC	permutation	
2167.0	0.27762823866163533	SEQC	permutation	
2168.0	0.25217271700573285	SEQC	permutation	
2169.0	0.2447839561670282	SEQC	permutation	
2170.0	0.11899067052594603	SEQC	permutation	
2171.0	-0.08982218673777442	SEQC	permutation	
2172.0	0.19247583843124794	SEQC	permutation	
2173.0	-0.05726646561984161	SEQC	permutation	
2174.0	0.23185587004769204	SEQC	permutation	
2175.0	-0.21329883218964962	SEQC	permutation	
2176.0	-0.14981237674677583	SEQC	permutation	
2177.0	-0.014113202293547289	SEQC	permutation	
2178.0	-0.14068650949410255	SEQC	permutation	
2179.0	0.13432107909995317	SEQC	permutation	
2180.0	0.1334528714957175	SEQC	permutation	
2181.0	-0.1815707244553293	SEQC	permutation	
2182.0	-0.09912948020099321	SEQC	permutation	
2183.0	0.12153661064629606	SEQC	permutation	
2184.0	-0.008063267597287371	SEQC	permutation	
2185.0	0.01105959483935326	SEQC	permutation	
2186.0	0.24056682059414936	SEQC	permutation	
2187.0	-0.028764173292405104	SEQC	permutation	
2188.0	0.0116408176995062	SEQC	permutation	
2189.0	-0.04674614513612063	SEQC	permutation	
2190.0	0.016849945337315653	SEQC	permutation	
2191.0	0.27850199771214523	SEQC	permutation	
2192.0	0.04982523816493245	SEQC	permutation	
2193.0	-0.09948848164562207	SEQC	permutation	
2194.0	0.1277547684646052	SEQC	permutation	
2195.0	0.04806927285082807	SEQC	permutation	
2196.0	-0.03547782198039151	SEQC	permutation	
2197.0	0.0023104663617443677	SEQC	permutation	
2198.0	0.1912983616991708	SEQC	permutation	
2199.0	-0.16942672244904777	SEQC	permutation	
2200.0	0.2997113376610674	SEQC	permutation	
2201.0	0.0022453909778032966	SEQC	permutation	
2202.0	-0.029909553476306527	SEQC	permutation	
2203.0	0.26870344191207085	SEQC	permutation	
2204.0	-0.18850960244337234	SEQC	permutation	
2205.0	0.14931161219060485	SEQC	permutation	
2206.0	-0.2526758867723746	SEQC	permutation	
2207.0	0.1148158152223635	SEQC	permutation	
2208.0	-0.20442204792412078	SEQC	permutation	
2209.0	0.13703457809415198	SEQC	permutation	
2210.0	0.0761170962838662	SEQC	permutation	
2211.0	0.04292459371849677	SEQC	permutation	
2212.0	0.19149678791513214	SEQC	permutation	
2213.0	0.09804426528261168	SEQC	permutation	
2214.0	0.1637258466268552	SEQC	permutation	
2215.0	-0.041974219045269656	SEQC	permutation	
2216.0	0.17610795296324788	SEQC	permutation	
2217.0	-0.0380106365182904	SEQC	permutation	
2218.0	0.14760922483637984	SEQC	permutation	
2219.0	-0.09416025718691401	SEQC	permutation	
2220.0	0.18694325382866062	SEQC	permutation	
2221.0	-0.023048905099809502	SEQC	permutation	
2222.0	-0.10809370921490036	SEQC	permutation	
2223.0	0.174997642061391	SEQC	permutation	
2224.0	-0.13609306397147947	SEQC	permutation	
2225.0	-0.095378141265412	SEQC	permutation	
2226.0	-0.05739003153066946	SEQC	permutation	
2227.0	0.10446249853441181	SEQC	permutation	
2228.0	-0.0886327644750482	SEQC	permutation	
2229.0	0.1477382415046602	SEQC	permutation	
2230.0	0.01171095443243697	SEQC	permutation	
2231.0	0.048310579991635016	SEQC	permutation	
2232.0	-0.13533814028831603	SEQC	permutation	
2233.0	0.1652995365406067	SEQC	permutation	
2234.0	0.0960195926643097	SEQC	permutation	
2235.0	0.092267713248539	SEQC	permutation	
2236.0	0.14865451551544595	SEQC	permutation	
2237.0	0.0651108300221992	SEQC	permutation	
2238.0	-0.08472555317821762	SEQC	permutation	
2239.0	-0.09727602524643686	SEQC	permutation	
2240.0	0.10691886095048897	SEQC	permutation	
2241.0	0.004201819067497503	SEQC	permutation	
2242.0	-0.13982431663732964	SEQC	permutation	
2243.0	-0.0449865088361312	SEQC	permutation	
2244.0	0.11123110622660537	SEQC	permutation	
2245.0	0.29537972534130486	SEQC	permutation	
2246.0	0.12159270515747966	SEQC	permutation	
2247.0	0.29852258409639987	SEQC	permutation	
2248.0	-0.10649104097002038	SEQC	permutation	
2249.0	0.2477499229415061	SEQC	permutation	
2250.0	-0.16773016616639147	SEQC	permutation	
2251.0	0.180858953223888	SEQC	permutation	
2252.0	0.026773189839898848	SEQC	permutation	
2253.0	0.06892189097779777	SEQC	permutation	
2254.0	-0.09707140973023254	SEQC	permutation	
2255.0	-0.023211270784825544	SEQC	permutation	
2256.0	-0.06988081472008822	SEQC	permutation	
2257.0	0.29273287006224624	SEQC	permutation	
2258.0	0.2233822028671799	SEQC	permutation	
2259.0	0.15599503008774906	SEQC	permutation	
2260.0	0.09389224165641252	SEQC	permutation	
2261.0	-0.12111352414625909	SEQC	permutation	
2262.0	-0.12814698996442608	SEQC	permutation	
2263.0	0.22862439624374264	SEQC	permutation	
2264.0	-0.009668288835968042	SEQC	permutation	
2265.0	-0.28558310973457424	SEQC	permutation	
2266.0	-0.11413459286275618	SEQC	permutation	
2267.0	0.2852326284724205	SEQC	permutation	
2268.0	0.06589521207419935	SEQC	permutation	
2269.0	-0.0856358986642185	SEQC	permutation	
2270.0	0.04766827214129332	SEQC	permutation	
2271.0	-0.15739048365166486	SEQC	permutation	
2272.0	-0.27511302719312436	SEQC	permutation	
2273.0	0.07117156513210432	SEQC	permutation	
2274.0	-0.07373872756225452	SEQC	permutation	
2275.0	0.06061632607820755	SEQC	permutation	
2276.0	0.06041120053030191	SEQC	permutation	
2277.0	0.10403900738351535	SEQC	permutation	
2278.0	-0.11755083308684089	SEQC	permutation	
2279.0	0.0011973385108827728	SEQC	permutation	
2280.0	-0.08065822485708107	SEQC	permutation	
2281.0	0.00429994760618424	SEQC	permutation	
2282.0	0.34078694860016334	SEQC	permutation	
2283.0	0.13698888369594897	SEQC	permutation	
2284.0	0.30923399239371374	SEQC	permutation	
2285.0	0.017097813551147922	SEQC	permutation	
2286.0	0.34839917373121754	SEQC	permutation	
2287.0	0.2868157358498937	SEQC	permutation	
2288.0	0.03935363450818752	SEQC	permutation	
2289.0	0.07426066903415673	SEQC	permutation	
2290.0	-0.026229840617864042	SEQC	permutation	
2291.0	-0.04691724957543819	SEQC	permutation	
2292.0	-0.36222113082503604	SEQC	permutation	
2293.0	0.090512503104617	SEQC	permutation	
2294.0	-0.09666454358078891	SEQC	permutation	
2295.0	0.04283200678841226	SEQC	permutation	
2296.0	0.2601817630444492	SEQC	permutation	
2297.0	-0.24742141502422932	SEQC	permutation	
2298.0	0.13154084817265765	SEQC	permutation	
2299.0	0.2085026770905527	SEQC	permutation	
2300.0	0.12377022687670447	SEQC	permutation	
2301.0	0.16876919109149924	SEQC	permutation	
2302.0	0.08902026872945079	SEQC	permutation	
2303.0	0.12608388888894773	SEQC	permutation	
2304.0	0.05701050509496053	SEQC	permutation	
2305.0	-0.12060514058452032	SEQC	permutation	
2306.0	-0.29782118400767743	SEQC	permutation	
2307.0	0.03257701163912596	SEQC	permutation	
2308.0	-0.057057546219400734	SEQC	permutation	
2309.0	0.047293381768563236	SEQC	permutation	
2310.0	0.3203426316648361	SEQC	permutation	
2311.0	0.024234966376154077	SEQC	permutation	
2312.0	0.27714202438157276	SEQC	permutation	
2313.0	-0.08513277586374546	SEQC	permutation	
2314.0	0.014870373831912254	SEQC	permutation	
2315.0	-0.02269365656473976	SEQC	permutation	
2316.0	0.04100469209731905	SEQC	permutation	
2317.0	0.007117047441616009	SEQC	permutation	
2318.0	0.07514495060913262	SEQC	permutation	
2319.0	-0.07414003454964213	SEQC	permutation	
2320.0	-0.017803291340858785	SEQC	permutation	
2321.0	0.1861789288758846	SEQC	permutation	
2322.0	0.24636145098835716	SEQC	permutation	
2323.0	0.08408163654652778	SEQC	permutation	
2324.0	-0.16503625634213304	SEQC	permutation	
2325.0	0.018936561348477987	SEQC	permutation	
2326.0	0.1920634162505923	SEQC	permutation	
2327.0	0.004760181580242495	SEQC	permutation	
2328.0	0.06133415421111632	SEQC	permutation	
2329.0	0.3301205178901636	SEQC	permutation	
2330.0	0.3009710006658439	SEQC	permutation	
2331.0	-0.11569934953211014	SEQC	permutation	
2332.0	0.38409820030791675	SEQC	permutation	
2333.0	-0.01678465505477167	SEQC	permutation	
2334.0	0.025110044648410934	SEQC	permutation	
2335.0	0.05773864072939361	SEQC	permutation	
2336.0	-0.08201758524912073	SEQC	permutation	
2337.0	0.02502001596487613	SEQC	permutation	
2338.0	0.015537405563928353	SEQC	permutation	
2339.0	0.10773652292773139	SEQC	permutation	
2340.0	0.08870027650392664	SEQC	permutation	
2341.0	0.17760050134046956	SEQC	permutation	
2342.0	0.24012424522582076	SEQC	permutation	
2343.0	0.18856395842780493	SEQC	permutation	
2344.0	-0.08278766795307924	SEQC	permutation	
2345.0	0.02250843587134277	SEQC	permutation	
2346.0	-0.10770888484259	SEQC	permutation	
2347.0	0.19732923635369826	SEQC	permutation	
2348.0	-0.005822076029184942	SEQC	permutation	
2349.0	-0.0546721360009057	SEQC	permutation	
2350.0	0.1932379033143654	SEQC	permutation	
2351.0	-0.03517274252604263	SEQC	permutation	
2352.0	0.06721948641441244	SEQC	permutation	
2353.0	-0.13484538802833246	SEQC	permutation	
2354.0	0.2852880738771155	SEQC	permutation	
2355.0	-0.3342202808649235	SEQC	permutation	
2356.0	-0.1413750452041409	SEQC	permutation	
2357.0	0.020765248489530208	SEQC	permutation	
2358.0	-0.0023844345872179318	SEQC	permutation	
2359.0	0.15240668965112825	SEQC	permutation	
2360.0	0.07881099611182485	SEQC	permutation	
2361.0	0.017597405252037568	SEQC	permutation	
2362.0	0.07722796525448317	SEQC	permutation	
2363.0	-0.008631772452525333	SEQC	permutation	
2364.0	0.05323282725608536	SEQC	permutation	
2365.0	0.23703296944410113	SEQC	permutation	
2366.0	0.39560607808372694	SEQC	permutation	
2367.0	0.0005539947896355812	SEQC	permutation	
2368.0	-0.0788690396875742	SEQC	permutation	
2369.0	0.10484640656728583	SEQC	permutation	
2370.0	0.19031435975842204	SEQC	permutation	
2371.0	-0.14185590180677998	SEQC	permutation	
2372.0	0.043662281071668474	SEQC	permutation	
2373.0	-0.03390756371228587	SEQC	permutation	
2374.0	0.04169669032054646	SEQC	permutation	
2375.0	0.0013515198542179974	SEQC	permutation	
2376.0	-0.05452120465786514	SEQC	permutation	
2377.0	0.4573490003854648	SEQC	permutation	
2378.0	0.13908323309110227	SEQC	permutation	
2379.0	-0.04460526693631195	SEQC	permutation	
2380.0	0.23865780508419832	SEQC	permutation	
2381.0	0.06753019998922571	SEQC	permutation	
2382.0	0.2078228927280783	SEQC	permutation	
2383.0	-0.13427483356197456	SEQC	permutation	
2384.0	0.19956843036246852	SEQC	permutation	
2385.0	-0.028565067027707336	SEQC	permutation	
2386.0	-0.0330943894176281	SEQC	permutation	
2387.0	0.3441873230596757	SEQC	permutation	
2388.0	0.00999538400367328	SEQC	permutation	
2389.0	0.11015124608958349	SEQC	permutation	
2390.0	-0.036989285560770746	SEQC	permutation	
2391.0	-0.2485302602194741	SEQC	permutation	
2392.0	0.03720258812768851	SEQC	permutation	
2393.0	0.17337101662164134	SEQC	permutation	
2394.0	0.053154328761666925	SEQC	permutation	
2395.0	-0.0829908551994416	SEQC	permutation	
2396.0	0.05431570992133672	SEQC	permutation	
2397.0	-0.06983254032404673	SEQC	permutation	
2398.0	-0.15364878368221113	SEQC	permutation	
2399.0	-0.010149004677651341	SEQC	permutation	
2400.0	0.3057956713053702	SEQC	permutation	
2401.0	-0.1442383504324658	SEQC	permutation	
2402.0	0.1349449207426181	SEQC	permutation	
2403.0	0.00995589209308445	SEQC	permutation	
2404.0	0.10109136361839433	SEQC	permutation	
2405.0	-0.1339172559296422	SEQC	permutation	
2406.0	-0.01663931009073405	SEQC	permutation	
2407.0	-0.13886089656063394	SEQC	permutation	
2408.0	0.07586531798349672	SEQC	permutation	
2409.0	0.31996709553854163	SEQC	permutation	
2410.0	0.13012229390427787	SEQC	permutation	
2411.0	-0.03688999995274855	SEQC	permutation	
2412.0	0.10765195409581096	SEQC	permutation	
2413.0	0.03619657635914386	SEQC	permutation	
2414.0	0.3958255070793557	SEQC	permutation	
2415.0	0.348578000713883	SEQC	permutation	
2416.0	0.29111976830238984	SEQC	permutation	
2417.0	0.058626128311434655	SEQC	permutation	
2418.0	0.05378317307823721	SEQC	permutation	
2419.0	0.2857347578394336	SEQC	permutation	
2420.0	-0.11975086429644666	SEQC	permutation	
2421.0	0.2958997469826494	SEQC	permutation	
2422.0	0.34318544786259686	SEQC	permutation	
2423.0	0.20349681180018386	SEQC	permutation	
2424.0	-0.1753092397229672	SEQC	permutation	
2425.0	0.3078612975109367	SEQC	permutation	
2426.0	-0.1587372286769284	SEQC	permutation	
2427.0	0.08042309607413678	SEQC	permutation	
2428.0	-0.09350038681796669	SEQC	permutation	
2429.0	0.10517898553031646	SEQC	permutation	
2430.0	0.20633251745774395	SEQC	permutation	
2431.0	-0.31804509954580507	SEQC	permutation	
2432.0	0.1567558727280698	SEQC	permutation	
2433.0	0.2321805381942399	SEQC	permutation	
2434.0	0.013014847796655182	SEQC	permutation	
2435.0	-0.20593592195083588	SEQC	permutation	
2436.0	0.0006587134989368693	SEQC	permutation	
2437.0	0.05702920952341639	SEQC	permutation	
2438.0	0.04766089414807606	SEQC	permutation	
2439.0	-0.09393030208920017	SEQC	permutation	
2440.0	0.20081796407914076	SEQC	permutation	
2441.0	-0.04044551790597506	SEQC	permutation	
2442.0	0.04144102564081997	SEQC	permutation	
2443.0	0.051630965624062775	SEQC	permutation	
2444.0	0.054325899681555434	SEQC	permutation	
2445.0	-0.2146836803812997	SEQC	permutation	
2446.0	0.11013358098040182	SEQC	permutation	
2447.0	0.20285941729444446	SEQC	permutation	
2448.0	0.03090771922473401	SEQC	permutation	
2449.0	0.09210174063657295	SEQC	permutation	
2450.0	0.06121393645710427	SEQC	permutation	
2451.0	0.03509059158269334	SEQC	permutation	
2452.0	0.04961524831202002	SEQC	permutation	
2453.0	0.09171480204749116	SEQC	permutation	
2454.0	0.25002915568938455	SEQC	permutation	
2455.0	0.21079617002090334	SEQC	permutation	
2456.0	-0.18911684399214757	SEQC	permutation	
2457.0	-0.0890061570151417	SEQC	permutation	
2458.0	0.1623613053189379	SEQC	permutation	
2459.0	0.06207125710651251	SEQC	permutation	
2460.0	0.0737900072699853	SEQC	permutation	
2461.0	0.08910469161125079	SEQC	permutation	
2462.0	0.059837560338703355	SEQC	permutation	
2463.0	0.08002406151137986	SEQC	permutation	
2464.0	-0.1271579688109732	SEQC	permutation	
2465.0	-0.04647144449004692	SEQC	permutation	
2466.0	0.12871440194963757	SEQC	permutation	
2467.0	-0.15419928498795166	SEQC	permutation	
2468.0	-0.15548966159193256	SEQC	permutation	
2469.0	-0.04759542231069602	SEQC	permutation	
2470.0	0.2283000848821688	SEQC	permutation	
2471.0	0.21438259660733205	SEQC	permutation	
2472.0	-0.34648368133771434	SEQC	permutation	
2473.0	-0.07119948721241531	SEQC	permutation	
2474.0	-0.08294634819220992	SEQC	permutation	
2475.0	0.004958617905117535	SEQC	permutation	
2476.0	0.0894114933767689	SEQC	permutation	
2477.0	-0.037712561956408486	SEQC	permutation	
2478.0	0.12272880601712366	SEQC	permutation	
2479.0	-0.23456133811762747	SEQC	permutation	
2480.0	0.01107807835562813	SEQC	permutation	
2481.0	-0.07254890427782534	SEQC	permutation	
2482.0	0.08980215220069976	SEQC	permutation	
2483.0	0.46473971913077783	SEQC	permutation	
2484.0	-0.13143750149254974	SEQC	permutation	
2485.0	0.003822148169645878	SEQC	permutation	
2486.0	-0.18442107323265322	SEQC	permutation	
2487.0	0.18633563685430765	SEQC	permutation	
2488.0	0.1103643492999522	SEQC	permutation	
2489.0	-0.1708512828139801	SEQC	permutation	
2490.0	0.16570979904981442	SEQC	permutation	
2491.0	-0.20352340889173792	SEQC	permutation	
2492.0	0.042015506936075475	SEQC	permutation	
2493.0	-0.05150089630567756	SEQC	permutation	
2494.0	0.1294692666043158	SEQC	permutation	
2495.0	-0.03363464356596246	SEQC	permutation	
2496.0	-0.17573887763415197	SEQC	permutation	
2497.0	0.18499983017296362	SEQC	permutation	
2498.0	0.005337262026400502	SEQC	permutation	
2499.0	-0.0534710570841197	SEQC	permutation	
2500.0	-0.035295393188422786	SEQC	permutation	
2501.0	0.1548905238015701	SEQC	permutation	
2502.0	0.07153142843996907	SEQC	permutation	
2503.0	-0.023755201054220798	SEQC	permutation	
2504.0	0.16702341401530774	SEQC	permutation	
2505.0	-0.0104813515738158	SEQC	permutation	
2506.0	0.06516990454225002	SEQC	permutation	
2507.0	0.04176800100235223	SEQC	permutation	
2508.0	-0.04507851786725148	SEQC	permutation	
2509.0	0.27879838077946406	SEQC	permutation	
2510.0	-0.2290809545637824	SEQC	permutation	
2511.0	0.10640351624340116	SEQC	permutation	
2512.0	-0.03299138916141242	SEQC	permutation	
2513.0	0.3742617979776428	SEQC	permutation	
2514.0	0.09475465419732831	SEQC	permutation	
2515.0	-0.07743156465951628	SEQC	permutation	
2516.0	-0.09162975076371005	SEQC	permutation	
2517.0	-0.17252603666700406	SEQC	permutation	
2518.0	-0.4418306208180294	SEQC	permutation	
2519.0	0.1340148880353471	SEQC	permutation	
2520.0	0.039146458994998135	SEQC	permutation	
2521.0	0.1524257416776429	SEQC	permutation	
2522.0	0.07870400584522663	SEQC	permutation	
2523.0	-0.1047620863602825	SEQC	permutation	
2524.0	0.18946034043138837	SEQC	permutation	
2525.0	0.058239215329016325	SEQC	permutation	
2526.0	-0.10633456280189257	SEQC	permutation	
2527.0	-0.031046122433678214	SEQC	permutation	
2528.0	-0.021548489540891502	SEQC	permutation	
2529.0	-0.02307270153916008	SEQC	permutation	
2530.0	-0.027556812961222477	SEQC	permutation	
2531.0	0.1986826982498	SEQC	permutation	
2532.0	-0.07015987557244863	SEQC	permutation	
2533.0	-0.10649179338867487	SEQC	permutation	
2534.0	0.006092227221778934	SEQC	permutation	
2535.0	0.24899582561557043	SEQC	permutation	
2536.0	-0.015387011258202854	SEQC	permutation	
2537.0	0.14357037725736355	SEQC	permutation	
2538.0	-0.11319218199152203	SEQC	permutation	
2539.0	-0.004366481403870637	SEQC	permutation	
2540.0	0.13626249065804785	SEQC	permutation	
2541.0	0.0653006281424231	SEQC	permutation	
2542.0	-0.05455333032310161	SEQC	permutation	
2543.0	0.11784851562309928	SEQC	permutation	
2544.0	0.13706585093053114	SEQC	permutation	
2545.0	-0.0009191213215062888	SEQC	permutation	
2546.0	0.1220329064484833	SEQC	permutation	
2547.0	0.09539796483858876	SEQC	permutation	
2548.0	0.19713844479329268	SEQC	permutation	
2549.0	-0.15485261527760041	SEQC	permutation	
2550.0	-0.16538820020308354	SEQC	permutation	
2551.0	0.3076034169813804	SEQC	permutation	
2552.0	-0.010650661757191315	SEQC	permutation	
2553.0	0.38315293905015313	SEQC	permutation	
2554.0	0.05316862439290038	SEQC	permutation	
2555.0	0.026104561618726763	SEQC	permutation	
2556.0	-0.1766296436317134	SEQC	permutation	
2557.0	0.08289310589001975	SEQC	permutation	
2558.0	0.08755484356151211	SEQC	permutation	
2559.0	-0.14238550129694616	SEQC	permutation	
2560.0	0.2465911920556092	SEQC	permutation	
2561.0	0.3634273740485705	SEQC	permutation	
2562.0	0.04198022789088629	SEQC	permutation	
2563.0	0.16652246355785838	SEQC	permutation	
2564.0	-0.15010093649555145	SEQC	permutation	
2565.0	-0.09056035250086225	SEQC	permutation	
2566.0	0.11489536783439736	SEQC	permutation	
2567.0	-0.03745958611426925	SEQC	permutation	
2568.0	-0.20617099554199925	SEQC	permutation	
2569.0	-0.06736207053923504	SEQC	permutation	
2570.0	0.083169311904431	SEQC	permutation	
2571.0	0.5254465223252964	SEQC	permutation	
2572.0	-0.017503885519012385	SEQC	permutation	
2573.0	0.3865741620710521	SEQC	permutation	
2574.0	0.17061645325822017	SEQC	permutation	
2575.0	0.11755364177773586	SEQC	permutation	
2576.0	-0.09469957618596325	SEQC	permutation	
2577.0	-0.03570974144270167	SEQC	permutation	
2578.0	0.15339847946999807	SEQC	permutation	
2579.0	0.013255958238870491	SEQC	permutation	
2580.0	0.035605873051243186	SEQC	permutation	
2581.0	0.20398487009961386	SEQC	permutation	
2582.0	0.08907705667906818	SEQC	permutation	
2583.0	-0.059788087195650874	SEQC	permutation	
2584.0	0.21641784461917268	SEQC	permutation	
2585.0	0.025684396852294178	SEQC	permutation	
2586.0	0.03668997142474151	SEQC	permutation	
2587.0	0.18230250470269116	SEQC	permutation	
2588.0	0.11760261774070901	SEQC	permutation	
2589.0	0.08844580548647052	SEQC	permutation	
2590.0	-0.10167301728318634	SEQC	permutation	
2591.0	0.053098137873163864	SEQC	permutation	
2592.0	0.04872975898327958	SEQC	permutation	
2593.0	0.1249303747491819	SEQC	permutation	
2594.0	0.26903834654463665	SEQC	permutation	
2595.0	0.3053861414333827	SEQC	permutation	
2596.0	0.09948739983044508	SEQC	permutation	
2597.0	-0.04029887330430526	SEQC	permutation	
2598.0	0.04701272138551005	SEQC	permutation	
2599.0	0.025490612608066954	SEQC	permutation	
2600.0	-0.01083513620855392	SEQC	permutation	
2601.0	0.2036605924917465	SEQC	permutation	
2602.0	-0.13745931199820038	SEQC	permutation	
2603.0	0.06415518840946444	SEQC	permutation	
2604.0	0.15911527919221502	SEQC	permutation	
2605.0	-0.15232338719147087	SEQC	permutation	
2606.0	0.0009379171624477323	SEQC	permutation	
2607.0	0.0352103166325195	SEQC	permutation	
2608.0	0.06369693584576996	SEQC	permutation	
2609.0	-0.08134622187437657	SEQC	permutation	
2610.0	-0.15282946993064517	SEQC	permutation	
2611.0	0.09455729374684374	SEQC	permutation	
2612.0	0.029509929072711216	SEQC	permutation	
2613.0	0.06894637548935734	SEQC	permutation	
2614.0	0.04103527618871805	SEQC	permutation	
2615.0	0.11271136133332949	SEQC	permutation	
2616.0	-0.36335052396548395	SEQC	permutation	
2617.0	-0.27738936960905924	SEQC	permutation	
2618.0	0.26356677331897505	SEQC	permutation	
2619.0	0.10160901730114524	SEQC	permutation	
2620.0	0.24648501086764707	SEQC	permutation	
2621.0	-0.2765787244219249	SEQC	permutation	
2622.0	0.12647296387961404	SEQC	permutation	
2623.0	0.365775546147157	SEQC	permutation	
2624.0	-0.12162054040196857	SEQC	permutation	
2625.0	0.341803532571479	SEQC	permutation	
2626.0	-0.07273173334693261	SEQC	permutation	
2627.0	-0.029562998749192992	SEQC	permutation	
2628.0	0.01962469276628731	SEQC	permutation	
2629.0	0.28220695909832916	SEQC	permutation	
2630.0	-0.19610903791679402	SEQC	permutation	
2631.0	0.15438821961649296	SEQC	permutation	
2632.0	0.035041701668018455	SEQC	permutation	
2633.0	0.3041754719318188	SEQC	permutation	
2634.0	-0.00849874241386761	SEQC	permutation	
2635.0	0.042360370221778965	SEQC	permutation	
2636.0	0.007891083860953607	SEQC	permutation	
2637.0	0.19644340517426873	SEQC	permutation	
2638.0	-0.09018019219963325	SEQC	permutation	
2639.0	0.27820806369334417	SEQC	permutation	
2640.0	0.08974206258147799	SEQC	permutation	
2641.0	0.24037024298275433	SEQC	permutation	
2642.0	0.28875949862550954	SEQC	permutation	
2643.0	-0.09854305990755385	SEQC	permutation	
2644.0	0.05256743174227552	SEQC	permutation	
2645.0	0.07380237642634668	SEQC	permutation	
2646.0	0.1539546383091377	SEQC	permutation	
2647.0	-0.1434144888757114	SEQC	permutation	
2648.0	0.04467176252335303	SEQC	permutation	
2649.0	0.19185868477744794	SEQC	permutation	
2650.0	0.12214359861336543	SEQC	permutation	
2651.0	0.11142781324502682	SEQC	permutation	
2652.0	-0.14454291717107903	SEQC	permutation	
2653.0	0.17105365896298785	SEQC	permutation	
2654.0	0.11602134706961298	SEQC	permutation	
2655.0	0.15170391613918444	SEQC	permutation	
2656.0	0.08596325401212379	SEQC	permutation	
2657.0	0.30082672485010864	SEQC	permutation	
2658.0	0.18644634870431886	SEQC	permutation	
2659.0	0.1334562577700833	SEQC	permutation	
2660.0	0.18062174823710997	SEQC	permutation	
2661.0	-0.18731457737348034	SEQC	permutation	
2662.0	0.13875330058502566	SEQC	permutation	
2663.0	0.2238281455470421	SEQC	permutation	
2664.0	0.15465104515953243	SEQC	permutation	
2665.0	0.20577517035066162	SEQC	permutation	
2666.0	-0.2287364203901774	SEQC	permutation	
2667.0	0.09680370103014813	SEQC	permutation	
2668.0	0.11631640474577587	SEQC	permutation	
2669.0	-0.06892143733407963	SEQC	permutation	
2670.0	-0.041438367408471066	SEQC	permutation	
2671.0	-0.17924958416952474	SEQC	permutation	
2672.0	0.1727167143631041	SEQC	permutation	
2673.0	0.08168344698616448	SEQC	permutation	
2674.0	0.07433619591663554	SEQC	permutation	
2675.0	0.02282005257553532	SEQC	permutation	
2676.0	-0.34337015901172396	SEQC	permutation	
2677.0	-0.03676442130979307	SEQC	permutation	
2678.0	0.004953204565438796	SEQC	permutation	
2679.0	0.08349338937255446	SEQC	permutation	
2680.0	-0.06360570479055205	SEQC	permutation	
2681.0	-0.028617456968044408	SEQC	permutation	
2682.0	0.11272860487540548	SEQC	permutation	
2683.0	0.14626628460890245	SEQC	permutation	
2684.0	-0.0011402747750937081	SEQC	permutation	
2685.0	-0.20157838986897225	SEQC	permutation	
2686.0	-0.09355004830391511	SEQC	permutation	
2687.0	0.2337475595310421	SEQC	permutation	
2688.0	-0.0747238930200691	SEQC	permutation	
2689.0	-0.008874543221279119	SEQC	permutation	
2690.0	0.1315231089858635	SEQC	permutation	
2691.0	-0.0318677256215576	SEQC	permutation	
2692.0	0.25907048571465463	SEQC	permutation	
2693.0	0.2737811579411362	SEQC	permutation	
2694.0	0.12559337380402713	SEQC	permutation	
2695.0	-0.1886680438056434	SEQC	permutation	
2696.0	0.022035678547491777	SEQC	permutation	
2697.0	0.20685914573836328	SEQC	permutation	
2698.0	0.28849435358940756	SEQC	permutation	
2699.0	0.19149209664268696	SEQC	permutation	
2700.0	0.2385204582286109	SEQC	permutation	
2701.0	0.1738854680207771	SEQC	permutation	
2702.0	-0.056052266013883134	SEQC	permutation	
2703.0	-0.19143721780177714	SEQC	permutation	
2704.0	0.03232779104920347	SEQC	permutation	
2705.0	0.04161295132692722	SEQC	permutation	
2706.0	-0.20968287498581617	SEQC	permutation	
2707.0	-0.03268383033127531	SEQC	permutation	
2708.0	0.02319046214658904	SEQC	permutation	
2709.0	0.19021898511554802	SEQC	permutation	
2710.0	-0.08706739643160155	SEQC	permutation	
2711.0	0.05942251879882665	SEQC	permutation	
2712.0	-0.09037755670112801	SEQC	permutation	
2713.0	-0.037920642358983514	SEQC	permutation	
2714.0	0.19715247001991543	SEQC	permutation	
2715.0	-0.09153925106156535	SEQC	permutation	
2716.0	0.21729712502073362	SEQC	permutation	
2717.0	-0.11723999071103286	SEQC	permutation	
2718.0	0.16981970049627293	SEQC	permutation	
2719.0	0.16256736017686446	SEQC	permutation	
2720.0	-0.1385015400465699	SEQC	permutation	
2721.0	-0.16395520382947026	SEQC	permutation	
2722.0	0.09532605913938141	SEQC	permutation	
2723.0	0.16938404030932386	SEQC	permutation	
2724.0	-0.06372303433688575	SEQC	permutation	
2725.0	-0.025765576357110298	SEQC	permutation	
2726.0	-0.009008120949852483	SEQC	permutation	
2727.0	-0.08961754661459675	SEQC	permutation	
2728.0	-0.06590455370424664	SEQC	permutation	
2729.0	-0.06685494992267937	SEQC	permutation	
2730.0	0.12398610346186612	SEQC	permutation	
2731.0	0.0425131345624834	SEQC	permutation	
2732.0	-0.10174307825606554	SEQC	permutation	
2733.0	0.02009225334945608	SEQC	permutation	
2734.0	0.18023824353328344	SEQC	permutation	
2735.0	-0.04549945051698501	SEQC	permutation	
2736.0	0.09744976692199714	SEQC	permutation	
2737.0	0.25431353063013873	SEQC	permutation	
2738.0	-0.21210567131916136	SEQC	permutation	
2739.0	0.132619165590814	SEQC	permutation	
2740.0	0.06959789960922169	SEQC	permutation	
2741.0	0.10650871444992838	SEQC	permutation	
2742.0	0.06666542997004132	SEQC	permutation	
2743.0	-0.1431304274459002	SEQC	permutation	
2744.0	0.15336255758319162	SEQC	permutation	
2745.0	-0.09891417831147287	SEQC	permutation	
2746.0	-0.05219932270352601	SEQC	permutation	
2747.0	-0.12687658445393968	SEQC	permutation	
2748.0	-0.0888989978665009	SEQC	permutation	
2749.0	0.15531897482850887	SEQC	permutation	
2750.0	0.024803177900921014	SEQC	permutation	
2751.0	0.2180541871743289	SEQC	permutation	
2752.0	-0.24219915731776887	SEQC	permutation	
2753.0	0.034869098922233555	SEQC	permutation	
2754.0	-0.058382793368832786	SEQC	permutation	
2755.0	-0.06681470901583264	SEQC	permutation	
2756.0	0.02354221126196343	SEQC	permutation	
2757.0	-0.10723923910923183	SEQC	permutation	
2758.0	0.17911052938385907	SEQC	permutation	
2759.0	0.17408622470341495	SEQC	permutation	
2760.0	0.10365791862955742	SEQC	permutation	
2761.0	0.12400660122280183	SEQC	permutation	
2762.0	-0.1182858337011492	SEQC	permutation	
2763.0	0.03538701488031304	SEQC	permutation	
2764.0	-0.08570452326343592	SEQC	permutation	
2765.0	0.3398716235754655	SEQC	permutation	
2766.0	0.14202746301643554	SEQC	permutation	
2767.0	-0.06800900264046916	SEQC	permutation	
2768.0	0.3222770258432721	SEQC	permutation	
2769.0	0.027365130811052296	SEQC	permutation	
2770.0	-0.20785544138253798	SEQC	permutation	
2771.0	0.019304163436419053	SEQC	permutation	
2772.0	0.018066359964217682	SEQC	permutation	
2773.0	0.20042037733750462	SEQC	permutation	
2774.0	-0.08977974540616618	SEQC	permutation	
2775.0	0.004111473909041763	SEQC	permutation	
2776.0	0.14726696187603672	SEQC	permutation	
2777.0	0.179860577640774	SEQC	permutation	
2778.0	0.0917150940036322	SEQC	permutation	
2779.0	-0.29074704338566093	SEQC	permutation	
2780.0	0.07927748720306482	SEQC	permutation	
2781.0	0.05460165877025691	SEQC	permutation	
2782.0	0.05584829228356192	SEQC	permutation	
2783.0	0.14353333472011442	SEQC	permutation	
2784.0	0.05362531957982419	SEQC	permutation	
2785.0	0.09246894839863185	SEQC	permutation	
2786.0	0.029366517787143387	SEQC	permutation	
2787.0	-0.025046259559924344	SEQC	permutation	
2788.0	-0.0524800703137549	SEQC	permutation	
2789.0	0.19434445044564086	SEQC	permutation	
2790.0	0.37123423475138484	SEQC	permutation	
2791.0	0.1346617085295172	SEQC	permutation	
2792.0	-0.0037078380459583116	SEQC	permutation	
2793.0	0.1979313986662774	SEQC	permutation	
2794.0	-0.05590083552187597	SEQC	permutation	
2795.0	-0.22874796480372073	SEQC	permutation	
2796.0	0.2445461128821833	SEQC	permutation	
2797.0	-0.09212714068793115	SEQC	permutation	
2798.0	0.0841477070893113	SEQC	permutation	
2799.0	-0.10134405384827527	SEQC	permutation	
2800.0	0.059875509313897624	SEQC	permutation	
2801.0	-0.08240582903711857	SEQC	permutation	
2802.0	0.06960088510457219	SEQC	permutation	
2803.0	0.24388721205772512	SEQC	permutation	
2804.0	0.009250453684366278	SEQC	permutation	
2805.0	-0.023189412817128385	SEQC	permutation	
2806.0	0.34429607428906905	SEQC	permutation	
2807.0	-0.012796049384377284	SEQC	permutation	
2808.0	0.06761434447890569	SEQC	permutation	
2809.0	0.004887381975441585	SEQC	permutation	
2810.0	0.3096018493262678	SEQC	permutation	
2811.0	0.17094530122802443	SEQC	permutation	
2812.0	0.06425725717732522	SEQC	permutation	
2813.0	0.008156289055425425	SEQC	permutation	
2814.0	0.1258680743060765	SEQC	permutation	
2815.0	0.14861499733776373	SEQC	permutation	
2816.0	-0.04097675314324434	SEQC	permutation	
2817.0	-0.03239260273961353	SEQC	permutation	
2818.0	-0.02957401194941589	SEQC	permutation	
2819.0	-0.2752179198011646	SEQC	permutation	
2820.0	-0.0006315601436197582	SEQC	permutation	
2821.0	0.018554028492427044	SEQC	permutation	
2822.0	0.008417992638396044	SEQC	permutation	
2823.0	0.2428955143382998	SEQC	permutation	
2824.0	-0.04920426385514265	SEQC	permutation	
2825.0	-0.042585438815757826	SEQC	permutation	
2826.0	0.0006953396039062198	SEQC	permutation	
2827.0	0.11394296453871267	SEQC	permutation	
2828.0	-0.03394709331704515	SEQC	permutation	
2829.0	-0.01786645158482969	SEQC	permutation	
2830.0	-0.2363232116303733	SEQC	permutation	
2831.0	-0.08701462118636538	SEQC	permutation	
2832.0	-0.0628590868957275	SEQC	permutation	
2833.0	0.24425986273469036	SEQC	permutation	
2834.0	0.16948723593116544	SEQC	permutation	
2835.0	-0.23999191898143035	SEQC	permutation	
2836.0	0.08559638358128652	SEQC	permutation	
2837.0	-0.13866379825572572	SEQC	permutation	
2838.0	0.22228123939726707	SEQC	permutation	
2839.0	-0.06856548991168854	SEQC	permutation	
2840.0	-0.10766153761816266	SEQC	permutation	
2841.0	-0.15972613088652654	SEQC	permutation	
2842.0	0.012976138328145481	SEQC	permutation	
2843.0	0.011129123758323978	SEQC	permutation	
2844.0	-0.3008914985697526	SEQC	permutation	
2845.0	0.02836946220680492	SEQC	permutation	
2846.0	0.24263501099739493	SEQC	permutation	
2847.0	0.17571338892774158	SEQC	permutation	
2848.0	0.10769587607958098	SEQC	permutation	
2849.0	0.0399099429274381	SEQC	permutation	
2850.0	0.25193250250037913	SEQC	permutation	
2851.0	-0.05156350885611083	SEQC	permutation	
2852.0	-0.2392730932661058	SEQC	permutation	
2853.0	-0.10903270484832639	SEQC	permutation	
2854.0	-0.16788101921461518	SEQC	permutation	
2855.0	0.19116830428414833	SEQC	permutation	
2856.0	0.03962622398038462	SEQC	permutation	
2857.0	0.1293484551923889	SEQC	permutation	
2858.0	-0.0841058625976121	SEQC	permutation	
2859.0	-0.15156578190190118	SEQC	permutation	
2860.0	-0.3096614789357979	SEQC	permutation	
2861.0	-0.1866643449235772	SEQC	permutation	
2862.0	0.11710440726179616	SEQC	permutation	
2863.0	0.1759101328889674	SEQC	permutation	
2864.0	0.07764040173151976	SEQC	permutation	
2865.0	-0.1011765729443086	SEQC	permutation	
2866.0	-0.19614928739365656	SEQC	permutation	
2867.0	0.31425682191530857	SEQC	permutation	
2868.0	0.13750261624307214	SEQC	permutation	
2869.0	-0.029224996465227804	SEQC	permutation	
2870.0	0.20129787387365639	SEQC	permutation	
2871.0	-0.002918595650231559	SEQC	permutation	
2872.0	0.16550318042966428	SEQC	permutation	
2873.0	-0.15099888771641812	SEQC	permutation	
2874.0	-0.05262820733918083	SEQC	permutation	
2875.0	-0.07347862849849918	SEQC	permutation	
2876.0	0.17522954203925512	SEQC	permutation	
2877.0	0.050353226330065226	SEQC	permutation	
2878.0	0.07036780694615441	SEQC	permutation	
2879.0	0.26357676836339294	SEQC	permutation	
2880.0	0.044436662104978986	SEQC	permutation	
2881.0	0.03332198984087942	SEQC	permutation	
2882.0	-0.06546890996552701	SEQC	permutation	
2883.0	-0.03808165097973415	SEQC	permutation	
2884.0	-0.07116478038773177	SEQC	permutation	
2885.0	0.19019708748877484	SEQC	permutation	
2886.0	0.12043867938061048	SEQC	permutation	
2887.0	0.028222634527232948	SEQC	permutation	
2888.0	0.20659788760469677	SEQC	permutation	
2889.0	0.014386333186974909	SEQC	permutation	
2890.0	-0.10032432544326841	SEQC	permutation	
2891.0	0.26155522075977355	SEQC	permutation	
2892.0	0.12533566464581014	SEQC	permutation	
2893.0	0.021547455348707167	SEQC	permutation	
2894.0	0.13698426170807387	SEQC	permutation	
2895.0	0.17381678674386958	SEQC	permutation	
2896.0	-0.03514485011032242	SEQC	permutation	
2897.0	0.09500088738374846	SEQC	permutation	
2898.0	0.13306769398487006	SEQC	permutation	
2899.0	0.37408807943031874	SEQC	permutation	
2900.0	-0.10177942785330174	SEQC	permutation	
2901.0	0.29298581193909357	SEQC	permutation	
2902.0	-0.07688329420788786	SEQC	permutation	
2903.0	0.07026707833454804	SEQC	permutation	
2904.0	0.21183618810980587	SEQC	permutation	
2905.0	0.07783379432440896	SEQC	permutation	
2906.0	0.1944248422859136	SEQC	permutation	
2907.0	0.1594500003115007	SEQC	permutation	
2908.0	0.03663406249415235	SEQC	permutation	
2909.0	0.23558759110454908	SEQC	permutation	
2910.0	0.12606823640799458	SEQC	permutation	
2911.0	0.12331472566415425	SEQC	permutation	
2912.0	0.0998786097761144	SEQC	permutation	
2913.0	-0.0021519723955600867	SEQC	permutation	
2914.0	0.13575298144641312	SEQC	permutation	
2915.0	0.25368100495764345	SEQC	permutation	
2916.0	-0.27979350692284033	SEQC	permutation	
2917.0	0.01399948060528633	SEQC	permutation	
2918.0	0.04760513536289945	SEQC	permutation	
2919.0	0.12272307184329101	SEQC	permutation	
2920.0	-0.1391561816884579	SEQC	permutation	
2921.0	0.12681750859830832	SEQC	permutation	
2922.0	0.049194658798048074	SEQC	permutation	
2923.0	-0.021693889907711927	SEQC	permutation	
2924.0	0.17379908713407222	SEQC	permutation	
2925.0	-0.27349517575616655	SEQC	permutation	
2926.0	-0.019716286553903117	SEQC	permutation	
2927.0	0.0944424626648166	SEQC	permutation	
2928.0	-0.02253097474717425	SEQC	permutation	
2929.0	-0.11188618431459751	SEQC	permutation	
2930.0	0.20287714283701863	SEQC	permutation	
2931.0	0.17633430911974202	SEQC	permutation	
2932.0	0.057023644628107384	SEQC	permutation	
2933.0	-0.015735948539242983	SEQC	permutation	
2934.0	0.19443283399227074	SEQC	permutation	
2935.0	0.23915015992297395	SEQC	permutation	
2936.0	0.19587501734841428	SEQC	permutation	
2937.0	-0.1053126964041935	SEQC	permutation	
2938.0	0.27279950250042706	SEQC	permutation	
2939.0	-0.03550740853757084	SEQC	permutation	
2940.0	-0.16262664092484247	SEQC	permutation	
2941.0	-0.33574612269478266	SEQC	permutation	
2942.0	0.1509181838598428	SEQC	permutation	
2943.0	-0.16729805216908922	SEQC	permutation	
2944.0	0.2473290864211748	SEQC	permutation	
2945.0	-0.07363070614045242	SEQC	permutation	
2946.0	-0.16450753723684208	SEQC	permutation	
2947.0	-0.198517052173786	SEQC	permutation	
2948.0	0.05554914576983361	SEQC	permutation	
2949.0	0.052968132428224735	SEQC	permutation	
2950.0	0.15173500482310498	SEQC	permutation	
2951.0	0.14034394700285002	SEQC	permutation	
2952.0	0.13022110936724118	SEQC	permutation	
2953.0	-0.10286932233771573	SEQC	permutation	
2954.0	-0.14591923062161172	SEQC	permutation	
2955.0	-0.27880684452509197	SEQC	permutation	
2956.0	-0.2126215334198207	SEQC	permutation	
2957.0	0.27816443083979525	SEQC	permutation	
2958.0	0.1503791439322617	SEQC	permutation	
2959.0	0.10047206635013595	SEQC	permutation	
2960.0	0.31999427091822863	SEQC	permutation	
2961.0	0.013817455419047775	SEQC	permutation	
2962.0	-0.0030246427412805588	SEQC	permutation	
2963.0	0.1625003134052525	SEQC	permutation	
2964.0	0.09521401961146392	SEQC	permutation	
2965.0	-0.0622762613494805	SEQC	permutation	
2966.0	-0.059511208532886606	SEQC	permutation	
2967.0	0.2501108621168733	SEQC	permutation	
2968.0	-0.03759855935232537	SEQC	permutation	
2969.0	0.2003666676196616	SEQC	permutation	
2970.0	0.10348712059165521	SEQC	permutation	
2971.0	-0.22040602366931772	SEQC	permutation	
2972.0	0.20953688802832637	SEQC	permutation	
2973.0	0.1485892803459805	SEQC	permutation	
2974.0	0.004356311572184524	SEQC	permutation	
2975.0	0.13888348683428386	SEQC	permutation	
2976.0	0.16672181214376103	SEQC	permutation	
2977.0	0.1236416960752047	SEQC	permutation	
2978.0	0.15402599504266057	SEQC	permutation	
2979.0	0.17671142259751704	SEQC	permutation	
2980.0	-0.15109764931313308	SEQC	permutation	
2981.0	0.13079662897209143	SEQC	permutation	
2982.0	0.19783661435575706	SEQC	permutation	
2983.0	0.14708417304890187	SEQC	permutation	
2984.0	0.24042444023631315	SEQC	permutation	
2985.0	-0.031598311065308415	SEQC	permutation	
2986.0	0.12088231385928427	SEQC	permutation	
2987.0	-0.06028655841898445	SEQC	permutation	
2988.0	0.1196287128571818	SEQC	permutation	
2989.0	0.21092864960803137	SEQC	permutation	
2990.0	0.04994979537470989	SEQC	permutation	
2991.0	0.3277058474208321	SEQC	permutation	
2992.0	-0.000642918681990956	SEQC	permutation	
2993.0	0.28876024634203024	SEQC	permutation	
2994.0	-0.21392080014486048	SEQC	permutation	
2995.0	-0.02003560589612796	SEQC	permutation	
2996.0	0.2573680704670087	SEQC	permutation	
2997.0	0.39458344083380936	SEQC	permutation	
2998.0	0.10724551215472733	SEQC	permutation	
2999.0	0.03744509210597169	SEQC	permutation	
3000.0	0.04609317986307193	SEQC	permutation	
3001.0	-0.06594758966103509	SEQC	permutation	
3002.0	0.007015159236141599	SEQC	permutation	
3003.0	0.12664609991545106	SEQC	permutation	
3004.0	0.08049074923493382	SEQC	permutation	
3005.0	0.19476096483840433	SEQC	permutation	
3006.0	-0.1341828848507367	SEQC	permutation	
3007.0	-0.0008500147008536629	SEQC	permutation	
3008.0	0.1961396275293783	SEQC	permutation	
3009.0	0.20317420856050106	SEQC	permutation	
3010.0	0.03143923938055693	SEQC	permutation	
3011.0	-0.09225914387424705	SEQC	permutation	
3012.0	-0.17800104552281848	SEQC	permutation	
3013.0	-0.0744231558718278	SEQC	permutation	
3014.0	0.1528850435464566	SEQC	permutation	
3015.0	0.06523182853044585	SEQC	permutation	
3016.0	-0.08155048166858503	SEQC	permutation	
3017.0	0.08139818708009994	SEQC	permutation	
3018.0	-0.05788999480836576	SEQC	permutation	
3019.0	0.2461248416574584	SEQC	permutation	
3020.0	-0.11511953814030207	SEQC	permutation	
3021.0	-0.10561798645506659	SEQC	permutation	
3022.0	0.08679546792929038	SEQC	permutation	
3023.0	0.03531768680986325	SEQC	permutation	
3024.0	0.01604905708890758	SEQC	permutation	
3025.0	0.4242002680478194	SEQC	permutation	
3026.0	0.1258186807480568	SEQC	permutation	
3027.0	0.1126545376346968	SEQC	permutation	
3028.0	-0.13316277301244472	SEQC	permutation	
3029.0	-0.025243975287740916	SEQC	permutation	
3030.0	-0.2276459275454954	SEQC	permutation	
3031.0	0.04194507468689235	SEQC	permutation	
3032.0	0.07916325745467656	SEQC	permutation	
3033.0	0.1833802694156006	SEQC	permutation	
3034.0	-0.04251834286271983	SEQC	permutation	
3035.0	-0.020375149177034757	SEQC	permutation	
3036.0	-0.10345617056096845	SEQC	permutation	
3037.0	0.10835480008636544	SEQC	permutation	
3038.0	0.02791078431210181	SEQC	permutation	
3039.0	0.04089173744743135	SEQC	permutation	
3040.0	-0.16348860743466975	SEQC	permutation	
3041.0	0.01943228224180693	SEQC	permutation	
3042.0	0.3392412354040344	SEQC	permutation	
3043.0	0.08326528765932295	SEQC	permutation	
3044.0	0.03163717873855987	SEQC	permutation	
3045.0	-0.08879970614104327	SEQC	permutation	
3046.0	-0.20546631965344364	SEQC	permutation	
3047.0	0.024231702453897164	SEQC	permutation	
3048.0	-0.07848477293632072	SEQC	permutation	
3049.0	-0.0738289074119054	SEQC	permutation	
3050.0	0.21557955873597123	SEQC	permutation	
3051.0	0.11507629951800435	SEQC	permutation	
3052.0	0.13628805331915217	SEQC	permutation	
3053.0	-0.04527120009196306	SEQC	permutation	
3054.0	0.22619883428463705	SEQC	permutation	
3055.0	0.2529455909815139	SEQC	permutation	
3056.0	0.2321904826566339	SEQC	permutation	
3057.0	0.10278647306404753	SEQC	permutation	
3058.0	0.14641293613397188	SEQC	permutation	
3059.0	-0.03888683796717185	SEQC	permutation	
3060.0	-0.04085440149582542	SEQC	permutation	
3061.0	-0.11894625585214769	SEQC	permutation	
3062.0	0.1459785866141372	SEQC	permutation	
3063.0	0.24059160980649974	SEQC	permutation	
3064.0	0.2279299752974051	SEQC	permutation	
3065.0	0.10980910929728349	SEQC	permutation	
3066.0	0.04685288051499015	SEQC	permutation	
3067.0	0.028963806204669318	SEQC	permutation	
3068.0	0.15029839140436962	SEQC	permutation	
3069.0	0.004534883443825244	SEQC	permutation	
3070.0	0.09271616241857661	SEQC	permutation	
3071.0	0.06146713126754655	SEQC	permutation	
3072.0	-0.04566265596585417	SEQC	permutation	
3073.0	0.19630097105896294	SEQC	permutation	
3074.0	0.16348314785461326	SEQC	permutation	
3075.0	-0.08912289208487056	SEQC	permutation	
3076.0	0.14943089091056017	SEQC	permutation	
3077.0	0.12117976099240035	SEQC	permutation	
3078.0	0.039132741181923336	SEQC	permutation	
3079.0	0.05372173452961615	SEQC	permutation	
3080.0	0.12644269100600702	SEQC	permutation	
3081.0	0.24775994578849403	SEQC	permutation	
3082.0	-0.06250922541960158	SEQC	permutation	
3083.0	0.14259438836606364	SEQC	permutation	
3084.0	-0.09023094977362867	SEQC	permutation	
3085.0	0.18705818319738832	SEQC	permutation	
3086.0	0.1286878886090781	SEQC	permutation	
3087.0	0.06714136874383492	SEQC	permutation	
3088.0	-0.00469861406710681	SEQC	permutation	
3089.0	-0.026501589104539036	SEQC	permutation	
3090.0	0.06294611928737126	SEQC	permutation	
3091.0	0.0016417992873147824	SEQC	permutation	
3092.0	0.22686082167959043	SEQC	permutation	
3093.0	-0.011539893541849366	SEQC	permutation	
3094.0	0.04702534777317702	SEQC	permutation	
3095.0	-0.04028419992661192	SEQC	permutation	
3096.0	0.22847935343035708	SEQC	permutation	
3097.0	0.08144421448595018	SEQC	permutation	
3098.0	-0.1752933449278844	SEQC	permutation	
3099.0	-0.0008641582845987372	SEQC	permutation	
3100.0	-0.07062671903119	SEQC	permutation	
3101.0	0.05739512424253146	SEQC	permutation	
3102.0	0.16004224878805573	SEQC	permutation	
3103.0	0.3325401386650233	SEQC	permutation	
3104.0	-0.0022354400349646752	SEQC	permutation	
3105.0	-0.2683737905389254	SEQC	permutation	
3106.0	0.027196897814481424	SEQC	permutation	
3107.0	0.09183981064559088	SEQC	permutation	
3108.0	-0.053819828806416226	SEQC	permutation	
3109.0	0.21747361672449106	SEQC	permutation	
3110.0	0.12943836995505364	SEQC	permutation	
3111.0	-0.28705972016623704	SEQC	permutation	
3112.0	0.2649947070448464	SEQC	permutation	
3113.0	0.07404377399689022	SEQC	permutation	
3114.0	0.044703149068133996	SEQC	permutation	
3115.0	0.21183015425864404	SEQC	permutation	
3116.0	-0.1700653606572633	SEQC	permutation	
3117.0	0.03047907729829724	SEQC	permutation	
3118.0	0.15179166100047947	SEQC	permutation	
3119.0	0.19578221906111715	SEQC	permutation	
3120.0	0.033001340089334974	SEQC	permutation	
3121.0	-0.07703995782714124	SEQC	permutation	
3122.0	0.18437457401550272	SEQC	permutation	
3123.0	-0.01699110084140898	SEQC	permutation	
3124.0	0.06353139041883349	SEQC	permutation	
3125.0	0.030856336621053693	SEQC	permutation	
3126.0	-0.057247844793168134	SEQC	permutation	
3127.0	0.011984069758708138	SEQC	permutation	
3128.0	0.2166977994889292	SEQC	permutation	
3129.0	0.03431447274644306	SEQC	permutation	
3130.0	-0.09740361534749908	SEQC	permutation	
3131.0	0.01739864832151561	SEQC	permutation	
3132.0	0.15845955353043895	SEQC	permutation	
3133.0	-0.0007037013959108052	SEQC	permutation	
3134.0	-0.07086263733889542	SEQC	permutation	
3135.0	0.23555816735437318	SEQC	permutation	
3136.0	0.17228208272880696	SEQC	permutation	
3137.0	-0.2592941336574661	SEQC	permutation	
3138.0	0.027854076572205066	SEQC	permutation	
3139.0	-0.0762038673188874	SEQC	permutation	
3140.0	0.1141032435420497	SEQC	permutation	
3141.0	0.02356347140041226	SEQC	permutation	
3142.0	0.09570693678786135	SEQC	permutation	
3143.0	0.28071294340125696	SEQC	permutation	
3144.0	-0.1574419932713642	SEQC	permutation	
3145.0	0.20886378187284294	SEQC	permutation	
3146.0	0.0786127371061216	SEQC	permutation	
3147.0	0.08412118701957638	SEQC	permutation	
3148.0	0.041940833683216105	SEQC	permutation	
3149.0	0.13184752246572984	SEQC	permutation	
3150.0	0.10730455934136973	SEQC	permutation	
3151.0	0.07551473008564713	SEQC	permutation	
3152.0	0.09533144613147293	SEQC	permutation	
3153.0	0.27025767863747685	SEQC	permutation	
3154.0	0.18082659883819208	SEQC	permutation	
3155.0	0.09957311946377434	SEQC	permutation	
3156.0	-0.1096180538772824	SEQC	permutation	
3157.0	-0.19236123426532803	SEQC	permutation	
3158.0	-0.11238847449295974	SEQC	permutation	
3159.0	-0.20438756878338538	SEQC	permutation	
3160.0	0.0045814136942077255	SEQC	permutation	
3161.0	0.16489795740657076	SEQC	permutation	
3162.0	0.007806020099261346	SEQC	permutation	
3163.0	0.004662231267238859	SEQC	permutation	
3164.0	0.08014743745736652	SEQC	permutation	
3165.0	0.23368469263845082	SEQC	permutation	
3166.0	-0.12285777593057468	SEQC	permutation	
3167.0	0.011473510298549705	SEQC	permutation	
3168.0	0.13252460084731688	SEQC	permutation	
3169.0	0.20568004632824355	SEQC	permutation	
3170.0	-0.32221340777924645	SEQC	permutation	
3171.0	0.10421654379643464	SEQC	permutation	
3172.0	0.028432487789065597	SEQC	permutation	
3173.0	0.2562003985139816	SEQC	permutation	
3174.0	0.13012682609027593	SEQC	permutation	
3175.0	0.05013486036609205	SEQC	permutation	
3176.0	-0.20726934426082178	SEQC	permutation	
3177.0	0.043913660725452	SEQC	permutation	
3178.0	0.3067336104652467	SEQC	permutation	
3179.0	0.020186422667646475	SEQC	permutation	
3180.0	-0.010778303680947232	SEQC	permutation	
3181.0	0.04001653055030463	SEQC	permutation	
3182.0	-0.07989999920649193	SEQC	permutation	
3183.0	0.036770195267952666	SEQC	permutation	
3184.0	-0.13472594963391682	SEQC	permutation	
3185.0	-0.20939017007445138	SEQC	permutation	
3186.0	0.04102447160201983	SEQC	permutation	
3187.0	0.15356703536539928	SEQC	permutation	
3188.0	0.05046140015894718	SEQC	permutation	
3189.0	0.14447386419605746	SEQC	permutation	
3190.0	0.11746363610155353	SEQC	permutation	
3191.0	0.03352679017346816	SEQC	permutation	
3192.0	0.18004508346528691	SEQC	permutation	
3193.0	0.22664357523885403	SEQC	permutation	
3194.0	-0.07309287888921556	SEQC	permutation	
3195.0	0.014918328386849922	SEQC	permutation	
3196.0	0.17573857114789782	SEQC	permutation	
3197.0	0.15413008068788425	SEQC	permutation	
3198.0	0.12990064564469872	SEQC	permutation	
3199.0	-0.04379018802153656	SEQC	permutation	
3200.0	-0.2132807166332782	SEQC	permutation	
3201.0	0.20180172607022318	SEQC	permutation	
3202.0	0.14567612467459234	SEQC	permutation	
3203.0	-0.052114546832312314	SEQC	permutation	
3204.0	0.19734091236098283	SEQC	permutation	
3205.0	0.42825977343045984	SEQC	permutation	
3206.0	0.022329940854391772	SEQC	permutation	
3207.0	0.07868664851461027	SEQC	permutation	
3208.0	0.045438230660086454	SEQC	permutation	
3209.0	-0.24935506192069834	SEQC	permutation	
3210.0	0.17883049890371794	SEQC	permutation	
3211.0	0.005470445067836671	SEQC	permutation	
3212.0	0.23355266467368896	SEQC	permutation	
3213.0	-0.13083634474029893	SEQC	permutation	
3214.0	0.14551607794382448	SEQC	permutation	
3215.0	-0.0794550958867335	SEQC	permutation	
3216.0	-0.09717198838539343	SEQC	permutation	
3217.0	0.05742825022471365	SEQC	permutation	
3218.0	0.40360343075503113	SEQC	permutation	
3219.0	0.01941878528341423	SEQC	permutation	
3220.0	0.006369011935643876	SEQC	permutation	
3221.0	0.024511472294708625	SEQC	permutation	
3222.0	0.014168078685575125	SEQC	permutation	
3223.0	0.4168449925096782	SEQC	permutation	
3224.0	-0.07924449754986274	SEQC	permutation	
3225.0	0.2207658706687896	SEQC	permutation	
3226.0	0.025577197265281626	SEQC	permutation	
3227.0	0.28491201851686476	SEQC	permutation	
3228.0	-0.03129644775212892	SEQC	permutation	
3229.0	0.059127336137848374	SEQC	permutation	
3230.0	-0.27056097741725793	SEQC	permutation	
3231.0	0.18131298564980014	SEQC	permutation	
3232.0	-0.029959136482164972	SEQC	permutation	
3233.0	0.13839892312034063	SEQC	permutation	
3234.0	0.3419529064149964	SEQC	permutation	
3235.0	0.15298017966634703	SEQC	permutation	
3236.0	-0.06834845208326179	SEQC	permutation	
3237.0	-0.008910326756850218	SEQC	permutation	
3238.0	0.06042861083292017	SEQC	permutation	
3239.0	-0.004071752899097447	SEQC	permutation	
3240.0	0.05992165714864317	SEQC	permutation	
3241.0	0.17139198426348834	SEQC	permutation	
3242.0	0.145698312991974	SEQC	permutation	
3243.0	0.1213203932423017	SEQC	permutation	
3244.0	-0.14017087097494496	SEQC	permutation	
3245.0	-0.09457236159451377	SEQC	permutation	
3246.0	0.1867834656261076	SEQC	permutation	
3247.0	-0.05933688965941286	SEQC	permutation	
3248.0	-0.1611133311717987	SEQC	permutation	
3249.0	-0.20240177440504414	SEQC	permutation	
3250.0	0.1432299888032782	SEQC	permutation	
3251.0	-0.12587944419673391	SEQC	permutation	
3252.0	-0.2255599129386141	SEQC	permutation	
3253.0	0.41736408430467975	SEQC	permutation	
3254.0	-0.10438091793076865	SEQC	permutation	
3255.0	0.2518502660060511	SEQC	permutation	
3256.0	0.056136683875487314	SEQC	permutation	
3257.0	0.06434362343875222	SEQC	permutation	
3258.0	0.1722399102507719	SEQC	permutation	
3259.0	0.006825255916961481	SEQC	permutation	
3260.0	-0.03872765270137002	SEQC	permutation	
3261.0	-0.05368867965537216	SEQC	permutation	
3262.0	-0.0049949245834737255	SEQC	permutation	
3263.0	0.06577182706687168	SEQC	permutation	
3264.0	-0.26637334137565016	SEQC	permutation	
3265.0	0.14820448462917302	SEQC	permutation	
3266.0	0.14262053682451015	SEQC	permutation	
3267.0	0.06900060864870028	SEQC	permutation	
3268.0	-0.13994094112104172	SEQC	permutation	
3269.0	0.3369539041299703	SEQC	permutation	
3270.0	0.020530107166077727	SEQC	permutation	
3271.0	-0.15343287690693064	SEQC	permutation	
3272.0	0.05185109299602786	SEQC	permutation	
3273.0	-0.3012725263962528	SEQC	permutation	
3274.0	-0.09938265552329195	SEQC	permutation	
3275.0	0.205516321442353	SEQC	permutation	
3276.0	0.12188763922492551	SEQC	permutation	
3277.0	0.2008287265781652	SEQC	permutation	
3278.0	0.1068969323948501	SEQC	permutation	
3279.0	0.14570767166385146	SEQC	permutation	
3280.0	-0.06843840783124655	SEQC	permutation	
3281.0	-0.13970712543403607	SEQC	permutation	
3282.0	0.029257938541546125	SEQC	permutation	
3283.0	0.05567230730011552	SEQC	permutation	
3284.0	0.0670830732622898	SEQC	permutation	
3285.0	0.06958641652620923	SEQC	permutation	
3286.0	0.10998056643955412	SEQC	permutation	
3287.0	-0.09153406855492463	SEQC	permutation	
3288.0	-0.17269643375297328	SEQC	permutation	
3289.0	0.01945341752938745	SEQC	permutation	
3290.0	-0.13733113337836222	SEQC	permutation	
3291.0	-0.10433398463850896	SEQC	permutation	
3292.0	0.21316772997243216	SEQC	permutation	
3293.0	-0.008813174574727967	SEQC	permutation	
3294.0	-0.09701948306805797	SEQC	permutation	
3295.0	0.03446664136115807	SEQC	permutation	
3296.0	0.025863462287843753	SEQC	permutation	
3297.0	0.19143726078152312	SEQC	permutation	
3298.0	0.07963116180108187	SEQC	permutation	
3299.0	0.12560385462692114	SEQC	permutation	
3300.0	-0.06196209013026177	SEQC	permutation	
3301.0	-0.033132242470726325	SEQC	permutation	
3302.0	0.23596181172250663	SEQC	permutation	
3303.0	0.0730131488177399	SEQC	permutation	
3304.0	0.05553587254598291	SEQC	permutation	
3305.0	-0.061955129545962606	SEQC	permutation	
3306.0	0.0071193069099866335	SEQC	permutation	
3307.0	0.04377448010362617	SEQC	permutation	
3308.0	0.0832018265342791	SEQC	permutation	
3309.0	0.22754949500070598	SEQC	permutation	
3310.0	0.1955100888198542	SEQC	permutation	
3311.0	-0.07134207455287456	SEQC	permutation	
3312.0	0.22262480224274128	SEQC	permutation	
3313.0	0.10374733994593122	SEQC	permutation	
3314.0	-0.02433705554569432	SEQC	permutation	
3315.0	-0.11465726023669998	SEQC	permutation	
3316.0	-0.04198223081197128	SEQC	permutation	
3317.0	0.20070594973251676	SEQC	permutation	
3318.0	0.24297861545663935	SEQC	permutation	
3319.0	0.2992020717991277	SEQC	permutation	
3320.0	0.10955128195597919	SEQC	permutation	
3321.0	0.020101212502419585	SEQC	permutation	
3322.0	0.22985284403878303	SEQC	permutation	
3323.0	-0.15109383528709852	SEQC	permutation	
3324.0	0.0987709663392744	SEQC	permutation	
3325.0	-0.11677012619016036	SEQC	permutation	
3326.0	0.030760002853218005	SEQC	permutation	
3327.0	-0.19779200538399255	SEQC	permutation	
3328.0	0.20000706209001695	SEQC	permutation	
3329.0	-0.14180723785226235	SEQC	permutation	
3330.0	-0.00792091554232055	SEQC	permutation	
3331.0	0.29796816441677265	SEQC	permutation	
3332.0	0.1454889601926448	SEQC	permutation	
3333.0	0.07221132098016625	SEQC	permutation	
3334.0	-0.17819431993076051	SEQC	permutation	
3335.0	-0.1812120755488298	SEQC	permutation	
3336.0	0.12259475502694173	SEQC	permutation	
3337.0	-0.10603005694271417	SEQC	permutation	
3338.0	0.23232414035024274	SEQC	permutation	
3339.0	0.03221907288278114	SEQC	permutation	
3340.0	0.19078285070748535	SEQC	permutation	
3341.0	-0.11551261723065398	SEQC	permutation	
3342.0	-0.1058070406610554	SEQC	permutation	
3343.0	-0.22340269456118644	SEQC	permutation	
3344.0	0.39408750419650396	SEQC	permutation	
3345.0	-0.2220359555552731	SEQC	permutation	
3346.0	0.05821511020882042	SEQC	permutation	
3347.0	0.14805753973587432	SEQC	permutation	
3348.0	-0.12557296102388538	SEQC	permutation	
3349.0	-0.4618655476485709	SEQC	permutation	
3350.0	-0.1574508219026889	SEQC	permutation	
3351.0	0.11355318803814374	SEQC	permutation	
3352.0	-0.014917832345310522	SEQC	permutation	
3353.0	0.03967028336411538	SEQC	permutation	
3354.0	0.07626042639290453	SEQC	permutation	
3355.0	0.1071997878919797	SEQC	permutation	
3356.0	0.011874140486431095	SEQC	permutation	
3357.0	0.14071956051839773	SEQC	permutation	
3358.0	-0.21364545939911928	SEQC	permutation	
3359.0	0.052790247349895125	SEQC	permutation	
3360.0	0.0790573223729174	SEQC	permutation	
3361.0	0.044054013385793844	SEQC	permutation	
3362.0	-0.09772278534689516	SEQC	permutation	
3363.0	0.2076966630663062	SEQC	permutation	
3364.0	-0.07287054816450222	SEQC	permutation	
3365.0	-0.03624798123442652	SEQC	permutation	
3366.0	0.21956776693682833	SEQC	permutation	
3367.0	-0.10201503793861999	SEQC	permutation	
3368.0	0.03099859184764764	SEQC	permutation	
3369.0	-0.10547917589857736	SEQC	permutation	
3370.0	0.17161132568887716	SEQC	permutation	
3371.0	-0.04342625650239018	SEQC	permutation	
3372.0	0.005428738008384393	SEQC	permutation	
3373.0	0.043011489976791495	SEQC	permutation	
3374.0	0.19826995194029706	SEQC	permutation	
3375.0	0.1370437274283507	SEQC	permutation	
3376.0	0.03674278778614326	SEQC	permutation	
3377.0	0.06786214199748031	SEQC	permutation	
3378.0	0.3113964436019101	SEQC	permutation	
3379.0	0.17817751503924217	SEQC	permutation	
3380.0	0.14842466116910558	SEQC	permutation	
3381.0	-0.028376719422773533	SEQC	permutation	
3382.0	-0.03699602880536634	SEQC	permutation	
3383.0	-0.062078052022194186	SEQC	permutation	
3384.0	-0.10416457614484642	SEQC	permutation	
3385.0	0.24649086329607606	SEQC	permutation	
3386.0	-0.2840916675715741	SEQC	permutation	
3387.0	0.07205370160741698	SEQC	permutation	
3388.0	0.27673142226984204	SEQC	permutation	
3389.0	-0.044887756338841456	SEQC	permutation	
3390.0	-0.08474638707427662	SEQC	permutation	
3391.0	-0.2972607908361544	SEQC	permutation	
3392.0	-0.08391317349360339	SEQC	permutation	
3393.0	-0.08152470073702833	SEQC	permutation	
3394.0	-0.036497404811330014	SEQC	permutation	
3395.0	0.013005564406830317	SEQC	permutation	
3396.0	0.34676640177480245	SEQC	permutation	
3397.0	-0.0360759301356639	SEQC	permutation	
3398.0	-0.00018316249261030038	SEQC	permutation	
3399.0	0.11845053454052934	SEQC	permutation	
3400.0	0.06649316112139392	SEQC	permutation	
3401.0	-0.0007304443422615492	SEQC	permutation	
3402.0	0.0414525812369817	SEQC	permutation	
3403.0	0.003214333006625658	SEQC	permutation	
3404.0	-0.12551235011969197	SEQC	permutation	
3405.0	0.027879431092523	SEQC	permutation	
3406.0	0.04992415193093436	SEQC	permutation	
3407.0	0.19730303048219255	SEQC	permutation	
3408.0	-0.12416031857891063	SEQC	permutation	
3409.0	-0.11012093342928164	SEQC	permutation	
3410.0	0.022783854598182884	SEQC	permutation	
3411.0	0.18088609945041512	SEQC	permutation	
3412.0	0.21609978721390455	SEQC	permutation	
3413.0	-0.13550386166523065	SEQC	permutation	
3414.0	-0.007075175654576604	SEQC	permutation	
3415.0	0.2835598374418211	SEQC	permutation	
3416.0	0.016863650150744647	SEQC	permutation	
3417.0	0.08450467525963834	SEQC	permutation	
3418.0	0.10496168483675206	SEQC	permutation	
3419.0	-0.03115603582887072	SEQC	permutation	
3420.0	0.2779045467063046	SEQC	permutation	
3421.0	-0.08811312483561018	SEQC	permutation	
3422.0	0.09489612227293343	SEQC	permutation	
3423.0	0.2123713698117955	SEQC	permutation	
3424.0	-0.06158646413160618	SEQC	permutation	
3425.0	-0.19509864714134562	SEQC	permutation	
3426.0	-0.0018254249193860872	SEQC	permutation	
3427.0	0.16486671860510693	SEQC	permutation	
3428.0	0.1230202843580317	SEQC	permutation	
3429.0	-0.045064072396338695	SEQC	permutation	
3430.0	-0.04493171763339365	SEQC	permutation	
3431.0	0.0462940842558881	SEQC	permutation	
3432.0	-0.06334162479269079	SEQC	permutation	
3433.0	0.2149927895802044	SEQC	permutation	
3434.0	0.14072874214699915	SEQC	permutation	
3435.0	-0.11488106888078153	SEQC	permutation	
3436.0	0.03667571312291784	SEQC	permutation	
3437.0	-0.00949178562540709	SEQC	permutation	
3438.0	0.14465219273686714	SEQC	permutation	
3439.0	0.20794373490238716	SEQC	permutation	
3440.0	0.04253578198819241	SEQC	permutation	
3441.0	0.4253373789321646	SEQC	permutation	
3442.0	-0.0029430997712216467	SEQC	permutation	
3443.0	-0.07120630663650296	SEQC	permutation	
3444.0	0.06718226270289751	SEQC	permutation	
3445.0	0.34848219622343013	SEQC	permutation	
3446.0	0.26670349170832797	SEQC	permutation	
3447.0	0.21014560531600956	SEQC	permutation	
3448.0	-0.06355305310735382	SEQC	permutation	
3449.0	0.09158042713561443	SEQC	permutation	
3450.0	-0.10296365504350558	SEQC	permutation	
3451.0	0.4592048209158621	SEQC	permutation	
3452.0	0.1658317361179824	SEQC	permutation	
3453.0	-0.16694985365594217	SEQC	permutation	
3454.0	-0.00327970664750854	SEQC	permutation	
3455.0	0.06373208174041789	SEQC	permutation	
3456.0	-0.10148882124132275	SEQC	permutation	
3457.0	-0.19194126080546248	SEQC	permutation	
3458.0	-0.14422795646315212	SEQC	permutation	
3459.0	0.055479863013336406	SEQC	permutation	
3460.0	-0.007606139950916635	SEQC	permutation	
3461.0	0.11381895100116868	SEQC	permutation	
3462.0	-0.14252272589160864	SEQC	permutation	
3463.0	0.22860682986523706	SEQC	permutation	
3464.0	-0.0805756353738456	SEQC	permutation	
3465.0	0.14041530051078865	SEQC	permutation	
3466.0	0.23346335031795284	SEQC	permutation	
3467.0	-0.1907487770841847	SEQC	permutation	
3468.0	0.031088950355329992	SEQC	permutation	
3469.0	0.1228902689095781	SEQC	permutation	
3470.0	0.16762329014553057	SEQC	permutation	
3471.0	-0.10944948085550177	SEQC	permutation	
3472.0	0.15510763435141417	SEQC	permutation	
3473.0	0.07557598729471682	SEQC	permutation	
3474.0	0.05654924807542283	SEQC	permutation	
3475.0	0.17367234474849802	SEQC	permutation	
3476.0	0.13628962032883063	SEQC	permutation	
3477.0	0.10843382709600657	SEQC	permutation	
3478.0	-0.2145324001829616	SEQC	permutation	
3479.0	-0.012199199418598816	SEQC	permutation	
3480.0	-0.186645000021878	SEQC	permutation	
3481.0	-0.08491643889128575	SEQC	permutation	
3482.0	0.21798102526320484	SEQC	permutation	
3483.0	0.08447229524258759	SEQC	permutation	
3484.0	0.054751618772893806	SEQC	permutation	
3485.0	0.12190468686824651	SEQC	permutation	
3486.0	0.03178057208394325	SEQC	permutation	
3487.0	-0.01378146300978944	SEQC	permutation	
3488.0	0.19308736854226716	SEQC	permutation	
3489.0	-0.16689650330810668	SEQC	permutation	
3490.0	-0.024869796158801805	SEQC	permutation	
3491.0	0.20156353320242282	SEQC	permutation	
3492.0	-0.06686628955215212	SEQC	permutation	
3493.0	0.1321426734862774	SEQC	permutation	
3494.0	-0.007651574190816746	SEQC	permutation	
3495.0	-0.07510194524682223	SEQC	permutation	
3496.0	0.1310269398850732	SEQC	permutation	
3497.0	0.002146503814458356	SEQC	permutation	
3498.0	-0.10345245762573274	SEQC	permutation	
3499.0	-0.11584312997561597	SEQC	permutation	
3500.0	-0.15791210032363612	SEQC	permutation	
3501.0	-0.14633686792108502	SEQC	permutation	
3502.0	0.056972724985263845	SEQC	permutation	
3503.0	0.20407932774660686	SEQC	permutation	
3504.0	0.10760386774337594	SEQC	permutation	
3505.0	-0.18097011752411962	SEQC	permutation	
3506.0	-0.1873681608129587	SEQC	permutation	
3507.0	-0.14521362839446628	SEQC	permutation	
3508.0	-0.11829794871456212	SEQC	permutation	
3509.0	0.04309216873754007	SEQC	permutation	
3510.0	0.2387804035135872	SEQC	permutation	
3511.0	0.024371999390673693	SEQC	permutation	
3512.0	0.11132628784634413	SEQC	permutation	
3513.0	-0.04164531811945871	SEQC	permutation	
3514.0	0.10127755923395654	SEQC	permutation	
3515.0	-0.21925281007798159	SEQC	permutation	
3516.0	0.1325194694774865	SEQC	permutation	
3517.0	-0.04051204506356587	SEQC	permutation	
3518.0	-0.12241433373132793	SEQC	permutation	
3519.0	0.03816891094993391	SEQC	permutation	
3520.0	0.07278607986823804	SEQC	permutation	
3521.0	0.11908970789968798	SEQC	permutation	
3522.0	0.05389907785174053	SEQC	permutation	
3523.0	-0.16162390997887588	SEQC	permutation	
3524.0	0.1690536808635441	SEQC	permutation	
3525.0	0.3959814477352248	SEQC	permutation	
3526.0	-0.16307015432026706	SEQC	permutation	
3527.0	0.1304808018124115	SEQC	permutation	
3528.0	0.1477780935405555	SEQC	permutation	
3529.0	0.14657669448594035	SEQC	permutation	
3530.0	0.1864185935328777	SEQC	permutation	
3531.0	-0.03982843852500473	SEQC	permutation	
3532.0	-0.06750386947237441	SEQC	permutation	
3533.0	0.05729940682401313	SEQC	permutation	
3534.0	0.2795609833347994	SEQC	permutation	
3535.0	0.15994503317176445	SEQC	permutation	
3536.0	0.12865633787827147	SEQC	permutation	
3537.0	0.1517595235823581	SEQC	permutation	
3538.0	0.05935232576141658	SEQC	permutation	
3539.0	0.09214877788264442	SEQC	permutation	
3540.0	0.2455385907300487	SEQC	permutation	
3541.0	0.4000955790111922	SEQC	permutation	
3542.0	-0.0631015141474478	SEQC	permutation	
3543.0	0.09686764187292063	SEQC	permutation	
3544.0	0.12921668320626534	SEQC	permutation	
3545.0	0.14497948234326774	SEQC	permutation	
3546.0	0.12020589774186519	SEQC	permutation	
3547.0	-0.12071749882866545	SEQC	permutation	
3548.0	-0.09586286523605203	SEQC	permutation	
3549.0	-0.012338632115091563	SEQC	permutation	
3550.0	0.09141027899031862	SEQC	permutation	
3551.0	-0.14944230706320205	SEQC	permutation	
3552.0	0.055634483957915926	SEQC	permutation	
3553.0	-0.03904329230947923	SEQC	permutation	
3554.0	0.06294181359092388	SEQC	permutation	
3555.0	0.09401439895919328	SEQC	permutation	
3556.0	0.2600786203260661	SEQC	permutation	
3557.0	-0.17916897624568406	SEQC	permutation	
3558.0	0.02979570071856852	SEQC	permutation	
3559.0	0.028220736894787102	SEQC	permutation	
3560.0	0.08842673548683955	SEQC	permutation	
3561.0	0.13836903639288245	SEQC	permutation	
3562.0	0.06754129379311724	SEQC	permutation	
3563.0	0.21174534318485527	SEQC	permutation	
3564.0	0.12264719886144348	SEQC	permutation	
3565.0	0.07648267688242516	SEQC	permutation	
3566.0	0.17940223091629282	SEQC	permutation	
3567.0	0.15718159276361465	SEQC	permutation	
3568.0	0.0715719468528615	SEQC	permutation	
3569.0	0.218056329745127	SEQC	permutation	
3570.0	0.011868293870938906	SEQC	permutation	
3571.0	-0.015534533602490797	SEQC	permutation	
3572.0	-0.03701560589099451	SEQC	permutation	
3573.0	0.07552660155855317	SEQC	permutation	
3574.0	0.0634779231257161	SEQC	permutation	
3575.0	-0.08588368038555938	SEQC	permutation	
3576.0	0.24057519202210642	SEQC	permutation	
3577.0	-0.08935641332597832	SEQC	permutation	
3578.0	0.19924277838405757	SEQC	permutation	
3579.0	0.08708265735352239	SEQC	permutation	
3580.0	0.25274265256757733	SEQC	permutation	
3581.0	-0.0685753711846937	SEQC	permutation	
3582.0	0.24024693410209785	SEQC	permutation	
3583.0	0.12516403892185934	SEQC	permutation	
3584.0	0.09170970078143625	SEQC	permutation	
3585.0	0.003966600499224704	SEQC	permutation	
3586.0	0.1449937237279615	SEQC	permutation	
3587.0	0.19283304368304321	SEQC	permutation	
3588.0	0.0043199452116446935	SEQC	permutation	
3589.0	-0.08187807402944536	SEQC	permutation	
3590.0	0.009871957967333422	SEQC	permutation	
3591.0	-0.08877679613856415	SEQC	permutation	
3592.0	-0.04128052089413625	SEQC	permutation	
3593.0	-0.0401717433031159	SEQC	permutation	
3594.0	0.13977188226582893	SEQC	permutation	
3595.0	-0.18451386594253982	SEQC	permutation	
3596.0	0.20260765106825396	SEQC	permutation	
3597.0	-0.15115170579685788	SEQC	permutation	
3598.0	-0.0071281693312679195	SEQC	permutation	
3599.0	0.14044346643941452	SEQC	permutation	
3600.0	0.13478443339670854	SEQC	permutation	
3601.0	-0.0934973386793354	SEQC	permutation	
3602.0	0.066844532771559	SEQC	permutation	
3603.0	0.13162649464410858	SEQC	permutation	
3604.0	-0.10786477555758278	SEQC	permutation	
3605.0	0.05749767814710616	SEQC	permutation	
3606.0	0.3936318831110741	SEQC	permutation	
3607.0	-0.10890000280045964	SEQC	permutation	
3608.0	0.13600458983993136	SEQC	permutation	
3609.0	0.26896718163584943	SEQC	permutation	
3610.0	0.09888621515480978	SEQC	permutation	
3611.0	-0.22690388797418848	SEQC	permutation	
3612.0	-0.10778622255831927	SEQC	permutation	
3613.0	0.08875879896886207	SEQC	permutation	
3614.0	0.15492812475569195	SEQC	permutation	
3615.0	-0.03464300093885342	SEQC	permutation	
3616.0	0.09929135926691846	SEQC	permutation	
3617.0	-0.02321479299698659	SEQC	permutation	
3618.0	0.26381422753996375	SEQC	permutation	
3619.0	0.11532395905850734	SEQC	permutation	
3620.0	0.10011316351227428	SEQC	permutation	
3621.0	-0.08433962375105786	SEQC	permutation	
3622.0	-0.03127151324102062	SEQC	permutation	
3623.0	0.24127595387272383	SEQC	permutation	
3624.0	0.25138510768705835	SEQC	permutation	
3625.0	-0.014656635829598308	SEQC	permutation	
3626.0	0.029494066277746533	SEQC	permutation	
3627.0	0.249563110589623	SEQC	permutation	
3628.0	0.07696513312779985	SEQC	permutation	
3629.0	0.03429078180827716	SEQC	permutation	
3630.0	0.15221472076887999	SEQC	permutation	
3631.0	-0.006200222106657272	SEQC	permutation	
3632.0	0.14617163150683687	SEQC	permutation	
3633.0	0.06390511848013869	SEQC	permutation	
3634.0	-0.015413401999046172	SEQC	permutation	
3635.0	0.0230128684262505	SEQC	permutation	
3636.0	-0.1276068468474305	SEQC	permutation	
3637.0	0.05418733593692515	SEQC	permutation	
3638.0	-0.048084238532349666	SEQC	permutation	
3639.0	0.03822527302034118	SEQC	permutation	
3640.0	0.2825660306014939	SEQC	permutation	
3641.0	-0.2072290254638185	SEQC	permutation	
3642.0	-0.09564463984317761	SEQC	permutation	
3643.0	-0.0699876325254678	SEQC	permutation	
3644.0	0.05090773147060812	SEQC	permutation	
3645.0	0.19552114986949487	SEQC	permutation	
3646.0	0.10011136454838088	SEQC	permutation	
3647.0	-0.061019913786519275	SEQC	permutation	
3648.0	-0.30808235458118105	SEQC	permutation	
3649.0	0.051419461421915	SEQC	permutation	
3650.0	0.23788485829653183	SEQC	permutation	
3651.0	0.10612638932380403	SEQC	permutation	
3652.0	0.06450455829900026	SEQC	permutation	
3653.0	-0.23466650620756901	SEQC	permutation	
3654.0	-0.028507423214493954	SEQC	permutation	
3655.0	-0.06832049717548205	SEQC	permutation	
3656.0	-0.13533338224887093	SEQC	permutation	
3657.0	0.1156743844080701	SEQC	permutation	
3658.0	0.45098826779320156	SEQC	permutation	
3659.0	0.17222971630059458	SEQC	permutation	
3660.0	0.11445646353871286	SEQC	permutation	
3661.0	-0.13685463194537295	SEQC	permutation	
3662.0	0.021460328532056927	SEQC	permutation	
3663.0	-0.015697562626118433	SEQC	permutation	
3664.0	-0.17765249958522755	SEQC	permutation	
3665.0	-0.03890658175879658	SEQC	permutation	
3666.0	0.0694654539056696	SEQC	permutation	
3667.0	-0.0247660877007414	SEQC	permutation	
3668.0	0.05451494221893505	SEQC	permutation	
3669.0	-0.14760543877947008	SEQC	permutation	
3670.0	0.013810669488726113	SEQC	permutation	
3671.0	0.05822960356033935	SEQC	permutation	
3672.0	-0.06866500310035129	SEQC	permutation	
3673.0	0.05906151314561825	SEQC	permutation	
3674.0	-0.18820245637326405	SEQC	permutation	
3675.0	0.09329161909251393	SEQC	permutation	
3676.0	0.07867632277778736	SEQC	permutation	
3677.0	0.1784813875475928	SEQC	permutation	
3678.0	-0.061149072519175895	SEQC	permutation	
3679.0	0.3825635730999579	SEQC	permutation	
3680.0	0.2837270808275969	SEQC	permutation	
3681.0	-0.026711816241937747	SEQC	permutation	
3682.0	0.24617699141179905	SEQC	permutation	
3683.0	0.16656635218733395	SEQC	permutation	
3684.0	0.04955547250660519	SEQC	permutation	
3685.0	-0.07065165305805987	SEQC	permutation	
3686.0	0.2023514322510973	SEQC	permutation	
3687.0	0.08838345357231692	SEQC	permutation	
3688.0	0.17825995794364502	SEQC	permutation	
3689.0	0.07134004581663689	SEQC	permutation	
3690.0	0.07335784941064372	SEQC	permutation	
3691.0	-0.08136135207977979	SEQC	permutation	
3692.0	-0.041425020593427675	SEQC	permutation	
3693.0	0.018060300291184994	SEQC	permutation	
3694.0	0.09432929145840685	SEQC	permutation	
3695.0	-0.08599706387412986	SEQC	permutation	
3696.0	-0.03512531505873806	SEQC	permutation	
3697.0	-0.07020635044930401	SEQC	permutation	
3698.0	0.015860462124452468	SEQC	permutation	
3699.0	0.15538363028180324	SEQC	permutation	
3700.0	-0.12936617858532884	SEQC	permutation	
3701.0	0.05913975088563905	SEQC	permutation	
3702.0	0.08471755109650747	SEQC	permutation	
3703.0	-0.00984825915880716	SEQC	permutation	
3704.0	0.13439723748573318	SEQC	permutation	
3705.0	0.0968207424404044	SEQC	permutation	
3706.0	-0.19106029703071314	SEQC	permutation	
3707.0	0.01569963903145677	SEQC	permutation	
3708.0	0.09009324397532481	SEQC	permutation	
3709.0	-0.1542741159685841	SEQC	permutation	
3710.0	0.16674515689702485	SEQC	permutation	
3711.0	0.16317292246420845	SEQC	permutation	
3712.0	0.005619185196714227	SEQC	permutation	
3713.0	0.05675214149144736	SEQC	permutation	
3714.0	0.08018477517029332	SEQC	permutation	
3715.0	-0.10645692918189376	SEQC	permutation	
3716.0	0.04618257858853969	SEQC	permutation	
3717.0	0.2493100602911138	SEQC	permutation	
3718.0	0.10115543095571766	SEQC	permutation	
3719.0	0.16227166619789113	SEQC	permutation	
3720.0	0.16166913786568227	SEQC	permutation	
3721.0	0.025607565904957497	SEQC	permutation	
3722.0	-0.0010087147428556875	SEQC	permutation	
3723.0	0.0587894249486407	SEQC	permutation	
3724.0	0.03187178084632247	SEQC	permutation	
3725.0	-0.008674098447604806	SEQC	permutation	
3726.0	-0.057000603514819836	SEQC	permutation	
3727.0	0.20541863707411068	SEQC	permutation	
3728.0	0.07399210964230285	SEQC	permutation	
3729.0	-0.3151242595287602	SEQC	permutation	
3730.0	-0.06934778251094276	SEQC	permutation	
3731.0	0.033001108200818585	SEQC	permutation	
3732.0	-0.0016109631053478068	SEQC	permutation	
3733.0	-0.018790489294611135	SEQC	permutation	
3734.0	-0.2642601956575623	SEQC	permutation	
3735.0	0.13525416665317813	SEQC	permutation	
3736.0	0.15065452794266498	SEQC	permutation	
3737.0	-0.06473174515735813	SEQC	permutation	
3738.0	0.1270579841091033	SEQC	permutation	
3739.0	0.19763162980910653	SEQC	permutation	
3740.0	0.17768910383318737	SEQC	permutation	
3741.0	0.15995910279624237	SEQC	permutation	
3742.0	0.11601913633693517	SEQC	permutation	
3743.0	-0.01811949729140938	SEQC	permutation	
3744.0	0.15397583859765174	SEQC	permutation	
3745.0	0.12067763037307166	SEQC	permutation	
3746.0	0.29351278663784175	SEQC	permutation	
3747.0	0.04515893727977094	SEQC	permutation	
3748.0	0.09386065751551964	SEQC	permutation	
3749.0	0.020951330642942523	SEQC	permutation	
3750.0	-0.09331453870614581	SEQC	permutation	
3751.0	0.054487004749596224	SEQC	permutation	
3752.0	-0.07712350582607641	SEQC	permutation	
3753.0	-0.12339724032730626	SEQC	permutation	
3754.0	0.10025006493877253	SEQC	permutation	
3755.0	-0.26896580282172433	SEQC	permutation	
3756.0	-0.11369458959990197	SEQC	permutation	
3757.0	-0.015366893497843037	SEQC	permutation	
3758.0	0.12626906152970108	SEQC	permutation	
3759.0	0.26750283315826007	SEQC	permutation	
3760.0	0.24703503037064944	SEQC	permutation	
3761.0	-0.06071319441152667	SEQC	permutation	
3762.0	-0.16682031478349835	SEQC	permutation	
3763.0	-0.08733924992133879	SEQC	permutation	
3764.0	-0.052116139942504525	SEQC	permutation	
3765.0	-0.11183632439122437	SEQC	permutation	
3766.0	-0.1674080535563247	SEQC	permutation	
3767.0	0.006267320729904213	SEQC	permutation	
3768.0	-0.18028575495424093	SEQC	permutation	
3769.0	0.03988137888824195	SEQC	permutation	
3770.0	-0.034755413324018214	SEQC	permutation	
3771.0	0.03975991807313761	SEQC	permutation	
3772.0	0.3614510503780233	SEQC	permutation	
3773.0	-0.2136608819303989	SEQC	permutation	
3774.0	0.04969214059216931	SEQC	permutation	
3775.0	-0.13126105462258675	SEQC	permutation	
3776.0	0.18255256959903576	SEQC	permutation	
3777.0	0.39232319372649815	SEQC	permutation	
3778.0	0.04503355787536023	SEQC	permutation	
3779.0	0.01339470695140843	SEQC	permutation	
3780.0	0.3032547044211702	SEQC	permutation	
3781.0	0.1404077285165899	SEQC	permutation	
3782.0	-0.042476408238735	SEQC	permutation	
3783.0	0.16802021602823647	SEQC	permutation	
3784.0	0.15470684982534433	SEQC	permutation	
3785.0	-0.25453424735230445	SEQC	permutation	
3786.0	-0.11288420422403345	SEQC	permutation	
3787.0	0.25786220907684054	SEQC	permutation	
3788.0	0.015975072192301987	SEQC	permutation	
3789.0	0.044734004612154266	SEQC	permutation	
3790.0	0.12878849990877317	SEQC	permutation	
3791.0	0.14836244095872964	SEQC	permutation	
3792.0	0.3430778728916666	SEQC	permutation	
3793.0	-0.010064633442728343	SEQC	permutation	
3794.0	-0.014229821148096455	SEQC	permutation	
3795.0	-0.0915394316544127	SEQC	permutation	
3796.0	-0.01921408226567145	SEQC	permutation	
3797.0	0.07651402188996936	SEQC	permutation	
3798.0	-0.09333311396103916	SEQC	permutation	
3799.0	0.06613227078773853	SEQC	permutation	
3800.0	0.08530024637119471	SEQC	permutation	
3801.0	0.18337080952372453	SEQC	permutation	
3802.0	0.07133925877350045	SEQC	permutation	
3803.0	0.06389449496243937	SEQC	permutation	
3804.0	0.34392146059062245	SEQC	permutation	
3805.0	0.04858683440541611	SEQC	permutation	
3806.0	-0.11201364491672106	SEQC	permutation	
3807.0	0.007900074471895557	SEQC	permutation	
3808.0	-0.17297325269930663	SEQC	permutation	
3809.0	-0.028634022580364515	SEQC	permutation	
3810.0	-0.13258401156808297	SEQC	permutation	
3811.0	0.3306694941993049	SEQC	permutation	
3812.0	0.0041484606951271985	SEQC	permutation	
3813.0	-0.12039753939958242	SEQC	permutation	
3814.0	0.12552129945032497	SEQC	permutation	
3815.0	-0.1413562400281272	SEQC	permutation	
3816.0	0.03300685403703252	SEQC	permutation	
3817.0	-0.05158869760744178	SEQC	permutation	
3818.0	0.06800276701500074	SEQC	permutation	
3819.0	0.11733206126452433	SEQC	permutation	
3820.0	0.09422855743666592	SEQC	permutation	
3821.0	0.3319364293874161	SEQC	permutation	
3822.0	0.21875006355924143	SEQC	permutation	
3823.0	-0.12339991519919558	SEQC	permutation	
3824.0	-0.047495108413199816	SEQC	permutation	
3825.0	0.1431058531423135	SEQC	permutation	
3826.0	0.3264937512174857	SEQC	permutation	
3827.0	0.12717036322147557	SEQC	permutation	
3828.0	-0.05160512225900593	SEQC	permutation	
3829.0	-0.0022719256104499763	SEQC	permutation	
3830.0	-0.01472110620589362	SEQC	permutation	
3831.0	-0.054738850400111616	SEQC	permutation	
3832.0	0.0726095173937038	SEQC	permutation	
3833.0	-0.039283754540220706	SEQC	permutation	
3834.0	0.027807649926121947	SEQC	permutation	
3835.0	0.16410127519577866	SEQC	permutation	
3836.0	-0.1090207765936837	SEQC	permutation	
3837.0	-0.12334264736195077	SEQC	permutation	
3838.0	-0.07397674838279134	SEQC	permutation	
3839.0	0.0717564427929922	SEQC	permutation	
3840.0	0.22269792837116853	SEQC	permutation	
3841.0	-0.005376845986058143	SEQC	permutation	
3842.0	-0.0700368950579886	SEQC	permutation	
3843.0	0.2473528670512204	SEQC	permutation	
3844.0	0.19710542946668053	SEQC	permutation	
3845.0	-0.11663729642071097	SEQC	permutation	
3846.0	0.07036066719031275	SEQC	permutation	
3847.0	-0.03448820799067587	SEQC	permutation	
3848.0	0.293914744224379	SEQC	permutation	
3849.0	0.1535583218153187	SEQC	permutation	
3850.0	0.00753210834430984	SEQC	permutation	
3851.0	-0.14421900652103758	SEQC	permutation	
3852.0	-0.12751730293544306	SEQC	permutation	
3853.0	0.19479364491595597	SEQC	permutation	
3854.0	-0.16533533861054295	SEQC	permutation	
3855.0	0.2523484023489395	SEQC	permutation	
3856.0	0.06848332028010429	SEQC	permutation	
3857.0	-0.07940740219880471	SEQC	permutation	
3858.0	-0.00042663148974497744	SEQC	permutation	
3859.0	-0.02621116988822081	SEQC	permutation	
3860.0	0.18061594989055596	SEQC	permutation	
3861.0	0.18577585262375695	SEQC	permutation	
3862.0	0.07048760142047694	SEQC	permutation	
3863.0	-0.0038992501870422913	SEQC	permutation	
3864.0	0.1885684395353806	SEQC	permutation	
3865.0	-0.06697477995592127	SEQC	permutation	
3866.0	0.052895866592015395	SEQC	permutation	
3867.0	-0.13689882619073668	SEQC	permutation	
3868.0	-0.07840746902702467	SEQC	permutation	
3869.0	0.05334824848533248	SEQC	permutation	
3870.0	0.06144087791321873	SEQC	permutation	
3871.0	0.1336961279881006	SEQC	permutation	
3872.0	0.027277076410236134	SEQC	permutation	
3873.0	-0.02616844468662549	SEQC	permutation	
3874.0	0.0123045295843065	SEQC	permutation	
3875.0	0.04384954044945388	SEQC	permutation	
3876.0	-0.09676271652227708	SEQC	permutation	
3877.0	-0.0690494828089614	SEQC	permutation	
3878.0	-0.1204529519778692	SEQC	permutation	
3879.0	0.059193001770482034	SEQC	permutation	
3880.0	-0.07016948392678923	SEQC	permutation	
3881.0	-0.05623613133886618	SEQC	permutation	
3882.0	-0.024807852035725553	SEQC	permutation	
3883.0	-0.12989035342602762	SEQC	permutation	
3884.0	0.02204479825096506	SEQC	permutation	
3885.0	0.22209454396626516	SEQC	permutation	
3886.0	-0.3360142371593682	SEQC	permutation	
3887.0	-0.2625698670750243	SEQC	permutation	
3888.0	0.10493072236172285	SEQC	permutation	
3889.0	0.2634435327950335	SEQC	permutation	
3890.0	0.10344767661698384	SEQC	permutation	
3891.0	-0.061835443430847015	SEQC	permutation	
3892.0	0.16542281976542395	SEQC	permutation	
3893.0	0.1306354202649107	SEQC	permutation	
3894.0	0.08011246840131658	SEQC	permutation	
3895.0	0.20787138246205838	SEQC	permutation	
3896.0	0.0948093973468529	SEQC	permutation	
3897.0	-0.035870468633953934	SEQC	permutation	
3898.0	-0.14948741179608582	SEQC	permutation	
3899.0	-0.07280012594816387	SEQC	permutation	
3900.0	0.11978206283500015	SEQC	permutation	
3901.0	-0.044046511949184186	SEQC	permutation	
3902.0	0.060339448807706475	SEQC	permutation	
3903.0	0.16368975651078888	SEQC	permutation	
3904.0	0.11033980467205762	SEQC	permutation	
3905.0	0.18552433676744506	SEQC	permutation	
3906.0	0.12931246441559008	SEQC	permutation	
3907.0	0.040589693003883376	SEQC	permutation	
3908.0	0.11086849736953575	SEQC	permutation	
3909.0	0.1854227202620784	SEQC	permutation	
3910.0	0.04843150417352238	SEQC	permutation	
3911.0	-0.20117068933750915	SEQC	permutation	
3912.0	-0.18896512739292515	SEQC	permutation	
3913.0	0.03290387907135006	SEQC	permutation	
3914.0	0.026704113001968288	SEQC	permutation	
3915.0	-0.06317395455089514	SEQC	permutation	
3916.0	0.04673349223759882	SEQC	permutation	
3917.0	0.14804013930450566	SEQC	permutation	
3918.0	-0.061581693711540986	SEQC	permutation	
3919.0	-0.019548617950830405	SEQC	permutation	
3920.0	0.009817192089927929	SEQC	permutation	
3921.0	-0.12389058436218736	SEQC	permutation	
3922.0	-0.08541927730671617	SEQC	permutation	
3923.0	0.2518950875318655	SEQC	permutation	
3924.0	-0.05085386321767693	SEQC	permutation	
3925.0	0.09262463922978181	SEQC	permutation	
3926.0	-0.0926261578841725	SEQC	permutation	
3927.0	0.24367879239074863	SEQC	permutation	
3928.0	-0.062251932369932206	SEQC	permutation	
3929.0	-0.20111084555654912	SEQC	permutation	
3930.0	-0.1233754633108699	SEQC	permutation	
3931.0	0.2101949438963766	SEQC	permutation	
3932.0	0.09051321186782602	SEQC	permutation	
3933.0	-0.056537408443424475	SEQC	permutation	
3934.0	0.013549010730921296	SEQC	permutation	
3935.0	0.07962050649006347	SEQC	permutation	
3936.0	-0.2531198280180478	SEQC	permutation	
3937.0	0.06947089943970752	SEQC	permutation	
3938.0	0.12324850428845302	SEQC	permutation	
3939.0	0.10341045503001656	SEQC	permutation	
3940.0	0.3284872212414829	SEQC	permutation	
3941.0	-0.10517908453605429	SEQC	permutation	
3942.0	0.25728281741532744	SEQC	permutation	
3943.0	0.013438176640701904	SEQC	permutation	
3944.0	0.11132116561145544	SEQC	permutation	
3945.0	0.2769315227929665	SEQC	permutation	
3946.0	0.14725426217724102	SEQC	permutation	
3947.0	0.11559375325297783	SEQC	permutation	
3948.0	-0.21739987131370864	SEQC	permutation	
3949.0	-0.09174948264434502	SEQC	permutation	
3950.0	0.12937459259207618	SEQC	permutation	
3951.0	-0.20202638197631195	SEQC	permutation	
3952.0	-0.007735073753343258	SEQC	permutation	
3953.0	-0.1562869808998082	SEQC	permutation	
3954.0	0.12074033463829181	SEQC	permutation	
3955.0	-0.08593651505045141	SEQC	permutation	
3956.0	0.08005338246337423	SEQC	permutation	
3957.0	-0.11324356853851114	SEQC	permutation	
3958.0	-0.16388244773373195	SEQC	permutation	
3959.0	0.31554920249570895	SEQC	permutation	
3960.0	-0.0026396614057002665	SEQC	permutation	
3961.0	-0.16362231593050858	SEQC	permutation	
3962.0	-0.032021461555115316	SEQC	permutation	
3963.0	-0.03238092666964043	SEQC	permutation	
3964.0	-0.03743077383483229	SEQC	permutation	
3965.0	0.18909154648591464	SEQC	permutation	
3966.0	0.11745360472736088	SEQC	permutation	
3967.0	0.20345947329324865	SEQC	permutation	
3968.0	-0.07913308458939561	SEQC	permutation	
3969.0	0.011075157989946405	SEQC	permutation	
3970.0	-0.0393097951636987	SEQC	permutation	
3971.0	0.03904776134058352	SEQC	permutation	
3972.0	-0.20240501417287593	SEQC	permutation	
3973.0	-0.020024669394837602	SEQC	permutation	
3974.0	-0.009565168639436905	SEQC	permutation	
3975.0	0.10661033716328117	SEQC	permutation	
3976.0	0.05183237219624459	SEQC	permutation	
3977.0	-0.14151489968522313	SEQC	permutation	
3978.0	0.12906435241225633	SEQC	permutation	
3979.0	0.0156914732723914	SEQC	permutation	
3980.0	-0.06636557143504085	SEQC	permutation	
3981.0	0.006788916668706513	SEQC	permutation	
3982.0	-0.1780635067321299	SEQC	permutation	
3983.0	-0.003992282991538865	SEQC	permutation	
3984.0	-0.286662578096168	SEQC	permutation	
3985.0	0.12821956466427142	SEQC	permutation	
3986.0	-0.08647398345720259	SEQC	permutation	
3987.0	-0.19257621208240128	SEQC	permutation	
3988.0	-0.08706400228939781	SEQC	permutation	
3989.0	0.12603659593637673	SEQC	permutation	
3990.0	0.20984942815683372	SEQC	permutation	
3991.0	0.15648359619178187	SEQC	permutation	
3992.0	0.35482779624270044	SEQC	permutation	
3993.0	-0.04596919232611629	SEQC	permutation	
3994.0	0.107879453966234	SEQC	permutation	
3995.0	0.18517385874825276	SEQC	permutation	
3996.0	0.03435631072863288	SEQC	permutation	
3997.0	0.22075307725179272	SEQC	permutation	
3998.0	0.1757463580851999	SEQC	permutation	
3999.0	-0.22029899486699023	SEQC	permutation	
4000.0	-0.09858219507347599	SEQC	permutation	
4001.0	0.08917263452969237	SEQC	permutation	
4002.0	0.00512175960017025	SEQC	permutation	
4003.0	-0.16370517159705944	SEQC	permutation	
4004.0	-0.069410837836406	SEQC	permutation	
4005.0	0.18378696913346104	SEQC	permutation	
4006.0	-0.1882932738397356	SEQC	permutation	
4007.0	0.030689892277438346	SEQC	permutation	
4008.0	-0.07855906156281112	SEQC	permutation	
4009.0	0.08567569761237692	SEQC	permutation	
4010.0	-0.13583810442586142	SEQC	permutation	
4011.0	0.15795789740546962	SEQC	permutation	
4012.0	-0.05631255368422039	SEQC	permutation	
4013.0	0.1493605604106527	SEQC	permutation	
4014.0	0.11159517486099713	SEQC	permutation	
4015.0	-0.006363520658450916	SEQC	permutation	
4016.0	0.17678873048832333	SEQC	permutation	
4017.0	0.12238909969779588	SEQC	permutation	
4018.0	0.14957005497062514	SEQC	permutation	
4019.0	-0.0920406319778575	SEQC	permutation	
4020.0	-0.001513406542787088	SEQC	permutation	
4021.0	-0.15409464983137688	SEQC	permutation	
4022.0	-0.17729955754245807	SEQC	permutation	
4023.0	-0.008311566228243805	SEQC	permutation	
4024.0	0.04126214444452181	SEQC	permutation	
4025.0	0.2872546386826915	SEQC	permutation	
4026.0	0.24207835595229987	SEQC	permutation	
4027.0	-0.022481210239336136	SEQC	permutation	
4028.0	0.11632512741625245	SEQC	permutation	
4029.0	0.017136203405406114	SEQC	permutation	
4030.0	-0.4505078124727264	SEQC	permutation	
4031.0	0.13268111783359515	SEQC	permutation	
4032.0	0.025320143496429637	SEQC	permutation	
4033.0	0.24604804579945316	SEQC	permutation	
4034.0	0.040478139455856876	SEQC	permutation	
4035.0	0.11117866549477728	SEQC	permutation	
4036.0	0.22437526305791167	SEQC	permutation	
4037.0	-0.054607628556761156	SEQC	permutation	
4038.0	-0.137761159052876	SEQC	permutation	
4039.0	0.008027275206046625	SEQC	permutation	
4040.0	-0.10697499662452437	SEQC	permutation	
4041.0	0.1688844456704075	SEQC	permutation	
4042.0	-0.09746705430711433	SEQC	permutation	
4043.0	0.08335879723096173	SEQC	permutation	
4044.0	-0.14765447100303497	SEQC	permutation	
4045.0	-0.02584605568465026	SEQC	permutation	
4046.0	0.17533092150582785	SEQC	permutation	
4047.0	0.030653797188158194	SEQC	permutation	
4048.0	-0.1606756178611235	SEQC	permutation	
4049.0	0.022773695952016837	SEQC	permutation	
4050.0	0.08747930101303858	SEQC	permutation	
4051.0	-0.02906601639609363	SEQC	permutation	
4052.0	0.32265234894614103	SEQC	permutation	
4053.0	-0.23815988687689504	SEQC	permutation	
4054.0	0.16768294180809207	SEQC	permutation	
4055.0	0.02632322657120678	SEQC	permutation	
4056.0	0.0951388688791388	SEQC	permutation	
4057.0	0.28372435589815126	SEQC	permutation	
4058.0	-0.029594411086216965	SEQC	permutation	
4059.0	-0.10589701455853007	SEQC	permutation	
4060.0	0.2380164822858406	SEQC	permutation	
4061.0	0.2043818354953304	SEQC	permutation	
4062.0	0.2725734929389745	SEQC	permutation	
4063.0	0.013937482874897711	SEQC	permutation	
4064.0	0.16911739480880517	SEQC	permutation	
4065.0	0.17170218283359162	SEQC	permutation	
4066.0	-0.1981253925218045	SEQC	permutation	
4067.0	0.09712197078467533	SEQC	permutation	
4068.0	0.25680958606132887	SEQC	permutation	
4069.0	0.17964555091267354	SEQC	permutation	
4070.0	0.12696371502353454	SEQC	permutation	
4071.0	-0.039623025135036904	SEQC	permutation	
4072.0	-0.2167418899704172	SEQC	permutation	
4073.0	0.09944891498757613	SEQC	permutation	
4074.0	-0.09914975099669565	SEQC	permutation	
4075.0	-0.05690004291361195	SEQC	permutation	
4076.0	0.15989089731924988	SEQC	permutation	
4077.0	0.2227861531972799	SEQC	permutation	
4078.0	-0.2311318904265427	SEQC	permutation	
4079.0	0.15944819648030162	SEQC	permutation	
4080.0	0.10251935039185334	SEQC	permutation	
4081.0	-0.04056215728668189	SEQC	permutation	
4082.0	-0.08337467250902364	SEQC	permutation	
4083.0	-0.1485155258929769	SEQC	permutation	
4084.0	0.10794611870232895	SEQC	permutation	
4085.0	0.06933147610534185	SEQC	permutation	
4086.0	0.05975036851117821	SEQC	permutation	
4087.0	-0.014114175212818658	SEQC	permutation	
4088.0	0.17740471084750808	SEQC	permutation	
4089.0	-0.05124859790666392	SEQC	permutation	
4090.0	0.013052647166048814	SEQC	permutation	
4091.0	0.07489202392818406	SEQC	permutation	
4092.0	0.21203108116310343	SEQC	permutation	
4093.0	-0.07085698608510871	SEQC	permutation	
4094.0	-0.18251171764314655	SEQC	permutation	
4095.0	0.15409337395453626	SEQC	permutation	
4096.0	0.17101972410742672	SEQC	permutation	
4097.0	0.18485241838539856	SEQC	permutation	
4098.0	-0.08569791501081436	SEQC	permutation	
4099.0	-0.00668786344192096	SEQC	permutation	
4100.0	0.20705897413840368	SEQC	permutation	
4101.0	-0.08719009745499928	SEQC	permutation	
4102.0	-0.1369039169247941	SEQC	permutation	
4103.0	-0.05641999035543677	SEQC	permutation	
4104.0	-0.1040450320471864	SEQC	permutation	
4105.0	0.22647054860648996	SEQC	permutation	
4106.0	0.04038438067399408	SEQC	permutation	
4107.0	0.10227413500597038	SEQC	permutation	
4108.0	0.20678406045470155	SEQC	permutation	
4109.0	-0.2690591992563549	SEQC	permutation	
4110.0	0.10073715023862562	SEQC	permutation	
4111.0	-0.03327182294621345	SEQC	permutation	
4112.0	-0.0030009477056838207	SEQC	permutation	
4113.0	0.028427024784894783	SEQC	permutation	
4114.0	0.299582553816677	SEQC	permutation	
4115.0	-0.10746973902786028	SEQC	permutation	
4116.0	0.0010542305315706102	SEQC	permutation	
4117.0	-0.09114323983700956	SEQC	permutation	
4118.0	0.17252928402710488	SEQC	permutation	
4119.0	0.07030791043370055	SEQC	permutation	
4120.0	-0.014788214733816751	SEQC	permutation	
4121.0	0.11729876502515602	SEQC	permutation	
4122.0	0.34310755323559583	SEQC	permutation	
4123.0	-0.12274211098424814	SEQC	permutation	
4124.0	0.18734987669606262	SEQC	permutation	
4125.0	-0.38480380496653854	SEQC	permutation	
4126.0	-0.17963555190199276	SEQC	permutation	
4127.0	0.16705793402878744	SEQC	permutation	
4128.0	-0.08361759245452127	SEQC	permutation	
4129.0	-0.12222967002585339	SEQC	permutation	
4130.0	-0.2896562741844386	SEQC	permutation	
4131.0	0.06832144724029554	SEQC	permutation	
4132.0	0.16035121157373933	SEQC	permutation	
4133.0	0.10512023478844235	SEQC	permutation	
4134.0	0.286448078439558	SEQC	permutation	
4135.0	0.186997298081371	SEQC	permutation	
4136.0	-0.007570119281556487	SEQC	permutation	
4137.0	-0.09445770134077325	SEQC	permutation	
4138.0	0.05397752101499531	SEQC	permutation	
4139.0	-0.08438097605856232	SEQC	permutation	
4140.0	-0.2988170985500904	SEQC	permutation	
4141.0	0.12104580128830555	SEQC	permutation	
4142.0	-0.3204071242973834	SEQC	permutation	
4143.0	0.039519682694534986	SEQC	permutation	
4144.0	0.013931900001420416	SEQC	permutation	
4145.0	0.059529936767312996	SEQC	permutation	
4146.0	0.14604337120845834	SEQC	permutation	
4147.0	-0.10136445463431354	SEQC	permutation	
4148.0	-0.1035682537155429	SEQC	permutation	
4149.0	0.19331083455855325	SEQC	permutation	
4150.0	0.2788424799775546	SEQC	permutation	
4151.0	-0.3378435796990402	SEQC	permutation	
4152.0	-0.21345553304791043	SEQC	permutation	
4153.0	-0.11877533960095654	SEQC	permutation	
4154.0	0.2061597287310919	SEQC	permutation	
4155.0	-0.15941596842179617	SEQC	permutation	
4156.0	0.15264079039297496	SEQC	permutation	
4157.0	-0.02467280190649479	SEQC	permutation	
4158.0	-0.12502010827664822	SEQC	permutation	
4159.0	0.08968622916961166	SEQC	permutation	
4160.0	-0.007316338820657187	SEQC	permutation	
4161.0	0.04880138869379902	SEQC	permutation	
4162.0	0.20611662152456312	SEQC	permutation	
4163.0	0.1842192958351685	SEQC	permutation	
4164.0	0.08907298221339044	SEQC	permutation	
4165.0	0.07153567193259835	SEQC	permutation	
4166.0	-0.1203766107513955	SEQC	permutation	
4167.0	0.04930724157892641	SEQC	permutation	
4168.0	0.17551835616450617	SEQC	permutation	
4169.0	-0.03283475242158307	SEQC	permutation	
4170.0	-0.057033154746368275	SEQC	permutation	
4171.0	0.04577273781796709	SEQC	permutation	
4172.0	0.2154549835030286	SEQC	permutation	
4173.0	-0.021968114107814962	SEQC	permutation	
4174.0	0.3187665427149895	SEQC	permutation	
4175.0	-0.028945789869880834	SEQC	permutation	
4176.0	-0.22473221392800014	SEQC	permutation	
4177.0	0.09192408904113236	SEQC	permutation	
4178.0	0.17532737878885118	SEQC	permutation	
4179.0	0.09668627611783442	SEQC	permutation	
4180.0	0.14471113790699963	SEQC	permutation	
4181.0	0.12808649086006874	SEQC	permutation	
4182.0	0.07104677760343758	SEQC	permutation	
4183.0	-0.08251051287884081	SEQC	permutation	
4184.0	0.058951298743682656	SEQC	permutation	
4185.0	0.0377856553903948	SEQC	permutation	
4186.0	0.24055579996744392	SEQC	permutation	
4187.0	-0.15682553686625145	SEQC	permutation	
4188.0	0.1283922525423744	SEQC	permutation	
4189.0	-0.13981456453112084	SEQC	permutation	
4190.0	-0.08629037296694175	SEQC	permutation	
4191.0	0.12880205461776661	SEQC	permutation	
4192.0	0.02413095507055818	SEQC	permutation	
4193.0	0.40636600692647384	SEQC	permutation	
4194.0	0.02149945896754968	SEQC	permutation	
4195.0	0.16576281442916496	SEQC	permutation	
4196.0	0.23279418853851652	SEQC	permutation	
4197.0	0.2768981620296964	SEQC	permutation	
4198.0	-0.26726627838922923	SEQC	permutation	
4199.0	0.0995377661050103	SEQC	permutation	
4200.0	-0.02701347167497037	SEQC	permutation	
4201.0	0.22435088065977382	SEQC	permutation	
4202.0	-0.12204812404215915	SEQC	permutation	
4203.0	-0.016225372899742574	SEQC	permutation	
4204.0	-0.17767593998521392	SEQC	permutation	
4205.0	0.2485207840535102	SEQC	permutation	
4206.0	-0.04636239837659328	SEQC	permutation	
4207.0	0.302342453559139	SEQC	permutation	
4208.0	-0.15535500079630538	SEQC	permutation	
4209.0	0.015972267797640605	SEQC	permutation	
4210.0	0.24945223496758473	SEQC	permutation	
4211.0	0.3729538136254824	SEQC	permutation	
4212.0	-0.06258155510672303	SEQC	permutation	
4213.0	0.08036546623454566	SEQC	permutation	
4214.0	-0.4659994901990947	SEQC	permutation	
4215.0	0.17385534483096698	SEQC	permutation	
4216.0	-0.1193456521298879	SEQC	permutation	
4217.0	-0.17721464337276327	SEQC	permutation	
4218.0	0.1928339784191726	SEQC	permutation	
4219.0	-0.07218104193623365	SEQC	permutation	
4220.0	-0.09492858095901191	SEQC	permutation	
4221.0	0.25297578569625756	SEQC	permutation	
4222.0	0.20549949035328652	SEQC	permutation	
4223.0	0.005048430302140083	SEQC	permutation	
4224.0	0.01843662802640278	SEQC	permutation	
4225.0	-0.018741861202491883	SEQC	permutation	
4226.0	-0.028782938737696995	SEQC	permutation	
4227.0	0.16458041456208417	SEQC	permutation	
4228.0	-0.22146890077386416	SEQC	permutation	
4229.0	0.47083542556083646	SEQC	permutation	
4230.0	0.18420589680877253	SEQC	permutation	
4231.0	0.20822524512603469	SEQC	permutation	
4232.0	0.020571714172660016	SEQC	permutation	
4233.0	-0.3017024867625482	SEQC	permutation	
4234.0	-0.06195781912683174	SEQC	permutation	
4235.0	0.0966850296295183	SEQC	permutation	
4236.0	0.008317919781859473	SEQC	permutation	
4237.0	-0.05951802534213613	SEQC	permutation	
4238.0	-0.02706195788075405	SEQC	permutation	
4239.0	0.14378580394596252	SEQC	permutation	
4240.0	0.040561201104373446	SEQC	permutation	
4241.0	-0.0653696353965465	SEQC	permutation	
4242.0	-0.08867534130351906	SEQC	permutation	
4243.0	-0.005592494666712078	SEQC	permutation	
4244.0	0.019607323048256298	SEQC	permutation	
4245.0	0.35701185600593277	SEQC	permutation	
4246.0	0.18229186644094408	SEQC	permutation	
4247.0	0.21571148227787607	SEQC	permutation	
4248.0	-0.1945253155385176	SEQC	permutation	
4249.0	0.02154281459620666	SEQC	permutation	
4250.0	0.21383471008742116	SEQC	permutation	
4251.0	0.2469700444682541	SEQC	permutation	
4252.0	-0.1742840858121939	SEQC	permutation	
4253.0	-0.08303236562940164	SEQC	permutation	
4254.0	0.25803375148349605	SEQC	permutation	
4255.0	-0.2189277289374223	SEQC	permutation	
4256.0	0.16021082171918266	SEQC	permutation	
4257.0	0.3223609947924331	SEQC	permutation	
4258.0	0.23505447288953096	SEQC	permutation	
4259.0	-0.11818360913704495	SEQC	permutation	
4260.0	-0.3123774912182755	SEQC	permutation	
4261.0	-0.07395037951387984	SEQC	permutation	
4262.0	0.25899674249027704	SEQC	permutation	
4263.0	0.19855545914684303	SEQC	permutation	
4264.0	0.1721054534551909	SEQC	permutation	
4265.0	0.2276418562127418	SEQC	permutation	
4266.0	-0.21999572219529195	SEQC	permutation	
4267.0	0.1860922253854831	SEQC	permutation	
4268.0	0.03806418458592997	SEQC	permutation	
4269.0	0.15940883285350083	SEQC	permutation	
4270.0	0.19354933376495786	SEQC	permutation	
4271.0	0.25526485176285973	SEQC	permutation	
4272.0	0.19820379013908873	SEQC	permutation	
4273.0	0.1297127692522917	SEQC	permutation	
4274.0	0.15568087976702927	SEQC	permutation	
4275.0	0.209168345247992	SEQC	permutation	
4276.0	0.31334200199134266	SEQC	permutation	
4277.0	0.009740196011479796	SEQC	permutation	
4278.0	0.3588415313056039	SEQC	permutation	
4279.0	-0.052855704693640426	SEQC	permutation	
4280.0	0.09283125538390369	SEQC	permutation	
4281.0	0.05564281558257722	SEQC	permutation	
4282.0	0.2762142306147606	SEQC	permutation	
4283.0	0.019622951643886388	SEQC	permutation	
4284.0	-0.058605663105539385	SEQC	permutation	
4285.0	-0.24761442006907508	SEQC	permutation	
4286.0	0.15030937079771434	SEQC	permutation	
4287.0	0.144759522311511	SEQC	permutation	
4288.0	0.13248223976703333	SEQC	permutation	
4289.0	0.16645705675960354	SEQC	permutation	
4290.0	-0.1944097566254932	SEQC	permutation	
4291.0	-0.04788919292727645	SEQC	permutation	
4292.0	0.05752836699700037	SEQC	permutation	
4293.0	0.044854511948497766	SEQC	permutation	
4294.0	0.03744283195996534	SEQC	permutation	
4295.0	0.059624971278053884	SEQC	permutation	
4296.0	0.10220762065813727	SEQC	permutation	
4297.0	-0.0388755798484226	SEQC	permutation	
4298.0	0.14041631764218643	SEQC	permutation	
4299.0	0.12294606377148565	SEQC	permutation	
4300.0	0.159986459136503	SEQC	permutation	
4301.0	0.0448461651854144	SEQC	permutation	
4302.0	-0.03500598515058595	SEQC	permutation	
4303.0	0.04854442233929834	SEQC	permutation	
4304.0	0.09215331518579273	SEQC	permutation	
4305.0	-0.0528311029630375	SEQC	permutation	
4306.0	-0.19760042221456864	SEQC	permutation	
4307.0	-0.01726162823907096	SEQC	permutation	
4308.0	0.035776414894205466	SEQC	permutation	
4309.0	-0.010118878358996497	SEQC	permutation	
4310.0	0.27002775483846975	SEQC	permutation	
4311.0	0.15465234813342654	SEQC	permutation	
4312.0	0.11854395334630752	SEQC	permutation	
4313.0	-0.025952431580479107	SEQC	permutation	
4314.0	0.1620236014060481	SEQC	permutation	
4315.0	0.022086694202485546	SEQC	permutation	
4316.0	0.1349340517428308	SEQC	permutation	
4317.0	0.018388272490752477	SEQC	permutation	
4318.0	0.16749936676764232	SEQC	permutation	
4319.0	0.21984514554921653	SEQC	permutation	
4320.0	0.17238151844532812	SEQC	permutation	
4321.0	0.24469544944793142	SEQC	permutation	
4322.0	0.12807702822877864	SEQC	permutation	
4323.0	-0.108630949553425	SEQC	permutation	
4324.0	0.030405319872532033	SEQC	permutation	
4325.0	-0.2771980577180928	SEQC	permutation	
4326.0	0.16972883088081492	SEQC	permutation	
4327.0	-0.08290506872079195	SEQC	permutation	
4328.0	-0.02347524258994671	SEQC	permutation	
4329.0	-0.10386990978328203	SEQC	permutation	
4330.0	0.02054397492694271	SEQC	permutation	
4331.0	0.14250821789989399	SEQC	permutation	
4332.0	0.004670447892832996	SEQC	permutation	
4333.0	-0.148525198857703	SEQC	permutation	
4334.0	0.10397213658556215	SEQC	permutation	
4335.0	-0.19550370536665973	SEQC	permutation	
4336.0	0.036795061494789394	SEQC	permutation	
4337.0	0.022453790323984535	SEQC	permutation	
4338.0	0.3657123273917948	SEQC	permutation	
4339.0	0.08166457148994244	SEQC	permutation	
4340.0	0.1655607971225601	SEQC	permutation	
4341.0	0.233577286707626	SEQC	permutation	
4342.0	0.10409075647629251	SEQC	permutation	
4343.0	0.02570350880595118	SEQC	permutation	
4344.0	-0.044742152184629624	SEQC	permutation	
4345.0	0.11605002611935511	SEQC	permutation	
4346.0	0.12012431582424554	SEQC	permutation	
4347.0	0.16370631231735544	SEQC	permutation	
4348.0	0.02379260717886922	SEQC	permutation	
4349.0	0.0074783226092298705	SEQC	permutation	
4350.0	0.024518177709578204	SEQC	permutation	
4351.0	-0.11908165387272529	SEQC	permutation	
4352.0	0.0471704576511236	SEQC	permutation	
4353.0	-0.12104755836646852	SEQC	permutation	
4354.0	0.01314885592735493	SEQC	permutation	
4355.0	0.3066267854087652	SEQC	permutation	
4356.0	-0.1808379573530594	SEQC	permutation	
4357.0	0.07695860463740889	SEQC	permutation	
4358.0	-0.20290115935021014	SEQC	permutation	
4359.0	0.05629468012980965	SEQC	permutation	
4360.0	0.3884782176286201	SEQC	permutation	
4361.0	0.2759960891805999	SEQC	permutation	
4362.0	0.05682680134502416	SEQC	permutation	
4363.0	0.16048959324633572	SEQC	permutation	
4364.0	-0.06646145770943424	SEQC	permutation	
4365.0	0.1852577759468792	SEQC	permutation	
4366.0	-0.11630408342002596	SEQC	permutation	
4367.0	-0.22009622586038358	SEQC	permutation	
4368.0	-0.24152197635366068	SEQC	permutation	
4369.0	-0.1830839177246073	SEQC	permutation	
4370.0	0.20391340156964333	SEQC	permutation	
4371.0	-0.049006918718007775	SEQC	permutation	
4372.0	-0.04427438200516587	SEQC	permutation	
4373.0	0.15165141387607406	SEQC	permutation	
4374.0	0.03589019587780928	SEQC	permutation	
4375.0	0.17664749966212412	SEQC	permutation	
4376.0	0.16251114594513538	SEQC	permutation	
4377.0	-0.06659402784351087	SEQC	permutation	
4378.0	-0.06452271033463575	SEQC	permutation	
4379.0	0.08650543866659177	SEQC	permutation	
4380.0	0.03459776277145021	SEQC	permutation	
4381.0	0.07487960889269729	SEQC	permutation	
4382.0	0.33086192133641834	SEQC	permutation	
4383.0	0.0417926180868573	SEQC	permutation	
4384.0	0.22847108482160206	SEQC	permutation	
4385.0	-0.009369398343777036	SEQC	permutation	
4386.0	0.0320262164576004	SEQC	permutation	
4387.0	-0.05638270658011102	SEQC	permutation	
4388.0	-0.1285839044758692	SEQC	permutation	
4389.0	0.15886782326893112	SEQC	permutation	
4390.0	-0.26084421688982395	SEQC	permutation	
4391.0	-0.11697946347717991	SEQC	permutation	
4392.0	0.0006939165889336962	SEQC	permutation	
4393.0	0.18550926838622583	SEQC	permutation	
4394.0	0.02647722941915376	SEQC	permutation	
4395.0	-0.006804695015627971	SEQC	permutation	
4396.0	0.06957047603698108	SEQC	permutation	
4397.0	0.27548572178208897	SEQC	permutation	
4398.0	0.09115163340416732	SEQC	permutation	
4399.0	-0.08577697321849609	SEQC	permutation	
4400.0	0.1039671905500219	SEQC	permutation	
4401.0	-0.18918902544309368	SEQC	permutation	
4402.0	-0.31685785080154805	SEQC	permutation	
4403.0	0.18342370578890943	SEQC	permutation	
4404.0	0.20489036913219216	SEQC	permutation	
4405.0	0.07207171997896022	SEQC	permutation	
4406.0	0.0674184649506655	SEQC	permutation	
4407.0	0.019712045844378245	SEQC	permutation	
4408.0	-0.042077537574911617	SEQC	permutation	
4409.0	0.14711721711717107	SEQC	permutation	
4410.0	0.051403980662532156	SEQC	permutation	
4411.0	0.04139442353627665	SEQC	permutation	
4412.0	-0.11089227223857634	SEQC	permutation	
4413.0	0.25214230568365537	SEQC	permutation	
4414.0	0.1446784982398599	SEQC	permutation	
4415.0	-0.1003273265485225	SEQC	permutation	
4416.0	0.030827100406562558	SEQC	permutation	
4417.0	0.14955184138265398	SEQC	permutation	
4418.0	-0.018926592020893196	SEQC	permutation	
4419.0	0.09660492026996526	SEQC	permutation	
4420.0	0.06263967986604868	SEQC	permutation	
4421.0	0.14019608406505935	SEQC	permutation	
4422.0	0.25031524599200505	SEQC	permutation	
4423.0	0.22238874976865386	SEQC	permutation	
4424.0	-0.11013556194225327	SEQC	permutation	
4425.0	0.06282145198219524	SEQC	permutation	
4426.0	0.038572689877989674	SEQC	permutation	
4427.0	0.15817472016186063	SEQC	permutation	
4428.0	-0.09717316073307902	SEQC	permutation	
4429.0	0.10444990732718651	SEQC	permutation	
4430.0	0.1929100059826263	SEQC	permutation	
4431.0	-0.05944398850358734	SEQC	permutation	
4432.0	-0.048122716429129575	SEQC	permutation	
4433.0	0.022950304201656557	SEQC	permutation	
4434.0	-0.08949435626371738	SEQC	permutation	
4435.0	-0.009886663627836079	SEQC	permutation	
4436.0	-0.01491823229591116	SEQC	permutation	
4437.0	-0.027682813506753057	SEQC	permutation	
4438.0	0.03111962616385533	SEQC	permutation	
4439.0	0.2006167749049279	SEQC	permutation	
4440.0	-0.1120468290292207	SEQC	permutation	
4441.0	0.08733339787552108	SEQC	permutation	
4442.0	-0.15497841543451774	SEQC	permutation	
4443.0	0.3677786623420092	SEQC	permutation	
4444.0	-0.02627404581965287	SEQC	permutation	
4445.0	0.16599339246634948	SEQC	permutation	
4446.0	-0.08708296881852995	SEQC	permutation	
4447.0	0.0624910295709844	SEQC	permutation	
4448.0	-0.027203921530962738	SEQC	permutation	
4449.0	0.11143798907137281	SEQC	permutation	
4450.0	0.17874318253351795	SEQC	permutation	
4451.0	0.33640225581708094	SEQC	permutation	
4452.0	0.21311156207874493	SEQC	permutation	
4453.0	0.12513129503857012	SEQC	permutation	
4454.0	0.21338643905138	SEQC	permutation	
4455.0	-0.05274802440449111	SEQC	permutation	
4456.0	-0.4557406407901987	SEQC	permutation	
4457.0	-0.08631362914884999	SEQC	permutation	
4458.0	-0.1890893236938389	SEQC	permutation	
4459.0	-0.07496769633027789	SEQC	permutation	
4460.0	-0.01600714190836161	SEQC	permutation	
4461.0	0.16489127851468321	SEQC	permutation	
4462.0	-0.03499637301266656	SEQC	permutation	
4463.0	-0.05247274225972465	SEQC	permutation	
4464.0	0.28803929777530524	SEQC	permutation	
4465.0	0.06674641763833833	SEQC	permutation	
4466.0	0.25750512084140365	SEQC	permutation	
4467.0	-0.15248225301737062	SEQC	permutation	
4468.0	-0.008811613630843596	SEQC	permutation	
4469.0	-0.08126456390999337	SEQC	permutation	
4470.0	0.07937118319923275	SEQC	permutation	
4471.0	0.015931109197489413	SEQC	permutation	
4472.0	-0.00425833693519273	SEQC	permutation	
4473.0	0.01572730902207642	SEQC	permutation	
4474.0	0.01105103999327195	SEQC	permutation	
4475.0	0.11190513764513277	SEQC	permutation	
4476.0	0.03543636241786441	SEQC	permutation	
4477.0	0.21357176580600346	SEQC	permutation	
4478.0	-0.04411456916729328	SEQC	permutation	
4479.0	0.09782800729817431	SEQC	permutation	
4480.0	-0.1524181213294611	SEQC	permutation	
4481.0	-0.0067079464100565644	SEQC	permutation	
4482.0	-0.15891905008821894	SEQC	permutation	
4483.0	-0.09370428914677387	SEQC	permutation	
4484.0	0.05180139554854968	SEQC	permutation	
4485.0	0.06537577135207329	SEQC	permutation	
4486.0	0.10662576692039316	SEQC	permutation	
4487.0	0.1426793758357574	SEQC	permutation	
4488.0	0.1669640097104601	SEQC	permutation	
4489.0	0.2910702764414168	SEQC	permutation	
4490.0	0.06609214647084372	SEQC	permutation	
4491.0	0.16294346106284152	SEQC	permutation	
4492.0	-0.27164521239233075	SEQC	permutation	
4493.0	-0.12120004747217195	SEQC	permutation	
4494.0	0.2214889374573339	SEQC	permutation	
4495.0	-0.07385800390203823	SEQC	permutation	
4496.0	0.19368189344379072	SEQC	permutation	
4497.0	0.03713298422577882	SEQC	permutation	
4498.0	0.058962710892646264	SEQC	permutation	
4499.0	-0.17977099829833776	SEQC	permutation	
4500.0	0.16742753331823135	SEQC	permutation	
4501.0	0.13234127523297445	SEQC	permutation	
4502.0	-0.09459583095738999	SEQC	permutation	
4503.0	-0.032235236480324225	SEQC	permutation	
4504.0	0.048094471709231534	SEQC	permutation	
4505.0	-0.0927578602218615	SEQC	permutation	
4506.0	-0.10617729248638952	SEQC	permutation	
4507.0	-0.02098103124398243	SEQC	permutation	
4508.0	0.014475985596837049	SEQC	permutation	
4509.0	0.17915738374367773	SEQC	permutation	
4510.0	0.05134223852046471	SEQC	permutation	
4511.0	-0.031209086121819496	SEQC	permutation	
4512.0	0.06345810555375397	SEQC	permutation	
4513.0	0.16590592639027246	SEQC	permutation	
4514.0	0.1472789478505785	SEQC	permutation	
4515.0	-0.12157441545905012	SEQC	permutation	
4516.0	0.2073738778476235	SEQC	permutation	
4517.0	0.09629915077044515	SEQC	permutation	
4518.0	0.032432294144188134	SEQC	permutation	
4519.0	0.14281782480334382	SEQC	permutation	
4520.0	0.11424747331770657	SEQC	permutation	
4521.0	-0.1256822670863844	SEQC	permutation	
4522.0	-0.15399331977085406	SEQC	permutation	
4523.0	0.04983748246126041	SEQC	permutation	
4524.0	-0.33305481027922745	SEQC	permutation	
4525.0	0.015039101832140744	SEQC	permutation	
4526.0	-0.39201965410611717	SEQC	permutation	
4527.0	0.5393847774087286	SEQC	permutation	
4528.0	0.12134096522833815	SEQC	permutation	
4529.0	-0.2586925180257795	SEQC	permutation	
4530.0	0.03170135869946211	SEQC	permutation	
4531.0	-0.021893222582384908	SEQC	permutation	
4532.0	0.10107852201049283	SEQC	permutation	
4533.0	-0.07737324980629978	SEQC	permutation	
4534.0	0.14038996618588584	SEQC	permutation	
4535.0	0.14744249115540153	SEQC	permutation	
4536.0	-0.04440893745069552	SEQC	permutation	
4537.0	0.1378299974972892	SEQC	permutation	
4538.0	0.06660034471525655	SEQC	permutation	
4539.0	0.10570501465473825	SEQC	permutation	
4540.0	0.42015720427144654	SEQC	permutation	
4541.0	0.03219711266469982	SEQC	permutation	
4542.0	-0.04234736403948158	SEQC	permutation	
4543.0	0.1703053559498846	SEQC	permutation	
4544.0	0.004508716444219019	SEQC	permutation	
4545.0	0.1770260273632145	SEQC	permutation	
4546.0	-0.03869999533894575	SEQC	permutation	
4547.0	-0.040058497669296145	SEQC	permutation	
4548.0	-0.05010354708880271	SEQC	permutation	
4549.0	0.18458667021703778	SEQC	permutation	
4550.0	-0.1414381453457798	SEQC	permutation	
4551.0	0.20035092781617347	SEQC	permutation	
4552.0	0.11317835827015177	SEQC	permutation	
4553.0	0.1173526255338162	SEQC	permutation	
4554.0	-0.015002915882053713	SEQC	permutation	
4555.0	-0.03636623496970426	SEQC	permutation	
4556.0	0.11619522363216639	SEQC	permutation	
4557.0	-0.11602722559950429	SEQC	permutation	
4558.0	-0.13635974481619328	SEQC	permutation	
4559.0	0.08601132805149891	SEQC	permutation	
4560.0	0.03864303314001738	SEQC	permutation	
4561.0	-0.12712190777221544	SEQC	permutation	
4562.0	0.2642254235846453	SEQC	permutation	
4563.0	-0.2590180139849698	SEQC	permutation	
4564.0	0.1659021859393457	SEQC	permutation	
4565.0	0.004714373120425108	SEQC	permutation	
4566.0	-0.005578060810388585	SEQC	permutation	
4567.0	-0.11072002763531064	SEQC	permutation	
4568.0	-0.033128058347544176	SEQC	permutation	
4569.0	0.027764439303184396	SEQC	permutation	
4570.0	0.05751095167433373	SEQC	permutation	
4571.0	0.07235251274129961	SEQC	permutation	
4572.0	0.11111996264395252	SEQC	permutation	
4573.0	-0.04691534889636895	SEQC	permutation	
4574.0	0.10911865317505409	SEQC	permutation	
4575.0	-0.16658680717845797	SEQC	permutation	
4576.0	0.09660028757334338	SEQC	permutation	
4577.0	0.21629782773452355	SEQC	permutation	
4578.0	-0.05390074379380305	SEQC	permutation	
4579.0	0.013734905835811162	SEQC	permutation	
4580.0	0.06201007589496488	SEQC	permutation	
4581.0	0.07586292534710104	SEQC	permutation	
4582.0	-0.13438757933029066	SEQC	permutation	
4583.0	0.019120803636293537	SEQC	permutation	
4584.0	0.14872083614276654	SEQC	permutation	
4585.0	-0.021504385277321347	SEQC	permutation	
4586.0	-0.11152554417393112	SEQC	permutation	
4587.0	-0.08460331986645997	SEQC	permutation	
4588.0	-0.004299608571679769	SEQC	permutation	
4589.0	-0.11413241635147031	SEQC	permutation	
4590.0	0.06901662903712413	SEQC	permutation	
4591.0	0.13847686174455553	SEQC	permutation	
4592.0	0.11718582263350275	SEQC	permutation	
4593.0	-0.08639842749146709	SEQC	permutation	
4594.0	-0.09460056075794299	SEQC	permutation	
4595.0	-0.18249526542425265	SEQC	permutation	
4596.0	0.19357102530878212	SEQC	permutation	
4597.0	-0.1333656025582366	SEQC	permutation	
4598.0	0.03953468188259279	SEQC	permutation	
4599.0	0.0726272710640199	SEQC	permutation	
4600.0	0.03642123075882697	SEQC	permutation	
4601.0	-0.18438895123846688	SEQC	permutation	
4602.0	0.08889981157258653	SEQC	permutation	
4603.0	-0.1557841794892072	SEQC	permutation	
4604.0	0.07724024293353793	SEQC	permutation	
4605.0	0.12974337155588245	SEQC	permutation	
4606.0	-0.4360020626587815	SEQC	permutation	
4607.0	0.059128707655041524	SEQC	permutation	
4608.0	0.324304176341359	SEQC	permutation	
4609.0	0.03308049341827157	SEQC	permutation	
4610.0	0.036631693386300235	SEQC	permutation	
4611.0	-0.09749331919348947	SEQC	permutation	
4612.0	0.00938302725864304	SEQC	permutation	
4613.0	-0.026109271182605198	SEQC	permutation	
4614.0	-0.2017793343844012	SEQC	permutation	
4615.0	-0.011484776716739198	SEQC	permutation	
4616.0	0.013682726056536865	SEQC	permutation	
4617.0	0.08342037030822347	SEQC	permutation	
4618.0	-0.0952172651616392	SEQC	permutation	
4619.0	0.049341179062530216	SEQC	permutation	
4620.0	-0.3749862340118453	SEQC	permutation	
4621.0	0.05954491738556289	SEQC	permutation	
4622.0	0.018745897596601502	SEQC	permutation	
4623.0	-0.013593761020910478	SEQC	permutation	
4624.0	0.12352169928710754	SEQC	permutation	
4625.0	-0.02892675578819226	SEQC	permutation	
4626.0	0.1830665535108693	SEQC	permutation	
4627.0	0.05479271257289131	SEQC	permutation	
4628.0	0.10171114564238426	SEQC	permutation	
4629.0	-0.0786346574355603	SEQC	permutation	
4630.0	-0.02831090481223253	SEQC	permutation	
4631.0	0.043938914186377964	SEQC	permutation	
4632.0	0.23335425995921444	SEQC	permutation	
4633.0	0.08657836395726548	SEQC	permutation	
4634.0	-0.0027377148729783585	SEQC	permutation	
4635.0	0.09177416524191617	SEQC	permutation	
4636.0	-0.027759957984311967	SEQC	permutation	
4637.0	0.2249783304128865	SEQC	permutation	
4638.0	-0.0400923345558839	SEQC	permutation	
4639.0	0.07101850358765205	SEQC	permutation	
4640.0	-0.3016033953496411	SEQC	permutation	
4641.0	0.09755970262946789	SEQC	permutation	
4642.0	0.07435803767532789	SEQC	permutation	
4643.0	-0.050566587266311025	SEQC	permutation	
4644.0	-0.0013428391148861962	SEQC	permutation	
4645.0	-0.11641819575587409	SEQC	permutation	
4646.0	0.12026726352487849	SEQC	permutation	
4647.0	0.06969039186264325	SEQC	permutation	
4648.0	0.2989392137896614	SEQC	permutation	
4649.0	0.1430472248900747	SEQC	permutation	
4650.0	0.20552824763048427	SEQC	permutation	
4651.0	-0.007498981635677637	SEQC	permutation	
4652.0	-0.04913149465280231	SEQC	permutation	
4653.0	0.07541995831280346	SEQC	permutation	
4654.0	-0.15568150906847666	SEQC	permutation	
4655.0	-0.021633220527366603	SEQC	permutation	
4656.0	0.18846222259943968	SEQC	permutation	
4657.0	-0.17249217246226056	SEQC	permutation	
4658.0	0.014511140573870485	SEQC	permutation	
4659.0	0.1180054498648131	SEQC	permutation	
4660.0	0.12914547548615474	SEQC	permutation	
4661.0	0.22405308550390934	SEQC	permutation	
4662.0	-0.08925895310115806	SEQC	permutation	
4663.0	0.06839698389484816	SEQC	permutation	
4664.0	-0.2197369613879241	SEQC	permutation	
4665.0	0.014558794269023068	SEQC	permutation	
4666.0	-0.0041390715722462446	SEQC	permutation	
4667.0	-0.24923452032299664	SEQC	permutation	
4668.0	-0.11149468396837037	SEQC	permutation	
4669.0	0.04668790889046015	SEQC	permutation	
4670.0	0.1717084813579648	SEQC	permutation	
4671.0	0.3007564467898476	SEQC	permutation	
4672.0	0.037871122350262354	SEQC	permutation	
4673.0	0.15997614840182983	SEQC	permutation	
4674.0	0.00020065793750312366	SEQC	permutation	
4675.0	0.14130077278477682	SEQC	permutation	
4676.0	0.06125692764787427	SEQC	permutation	
4677.0	0.20051068373149228	SEQC	permutation	
4678.0	-0.0058223018986129915	SEQC	permutation	
4679.0	0.06669728321905488	SEQC	permutation	
4680.0	0.08417470354480727	SEQC	permutation	
4681.0	-0.12083593116082891	SEQC	permutation	
4682.0	0.22106904778525127	SEQC	permutation	
4683.0	-0.1565278908106782	SEQC	permutation	
4684.0	0.07316948750409047	SEQC	permutation	
4685.0	0.2747234286959781	SEQC	permutation	
4686.0	0.18469710991249055	SEQC	permutation	
4687.0	0.116309947434031	SEQC	permutation	
4688.0	-0.02570441907292942	SEQC	permutation	
4689.0	-0.11362651498237142	SEQC	permutation	
4690.0	0.01903097775327467	SEQC	permutation	
4691.0	-0.07940435428275272	SEQC	permutation	
4692.0	0.11531068081518825	SEQC	permutation	
4693.0	0.13265056360994443	SEQC	permutation	
4694.0	-0.00037771936266306483	SEQC	permutation	
4695.0	-0.04529801974628089	SEQC	permutation	
4696.0	0.020221163181760815	SEQC	permutation	
4697.0	0.07647214350717224	SEQC	permutation	
4698.0	0.08255126523480616	SEQC	permutation	
4699.0	0.1272998172046318	SEQC	permutation	
4700.0	-0.02313515586090542	SEQC	permutation	
4701.0	0.05657410261502438	SEQC	permutation	
4702.0	0.0018268343729230807	SEQC	permutation	
4703.0	0.19773376535554554	SEQC	permutation	
4704.0	0.22054649183886532	SEQC	permutation	
4705.0	0.2842789439954405	SEQC	permutation	
4706.0	-0.10844991478326538	SEQC	permutation	
4707.0	0.011689408804551604	SEQC	permutation	
4708.0	0.3575803519201797	SEQC	permutation	
4709.0	0.11551023198635679	SEQC	permutation	
4710.0	0.1348638382246623	SEQC	permutation	
4711.0	0.002826051222537984	SEQC	permutation	
4712.0	-0.0007181352304170829	SEQC	permutation	
4713.0	0.15471201391209455	SEQC	permutation	
4714.0	0.1253304978684442	SEQC	permutation	
4715.0	-0.26546250468048704	SEQC	permutation	
4716.0	0.13991308678044767	SEQC	permutation	
4717.0	0.26659775613151027	SEQC	permutation	
4718.0	0.042607199801943274	SEQC	permutation	
4719.0	-0.19240150561728075	SEQC	permutation	
4720.0	0.08716992153488423	SEQC	permutation	
4721.0	0.0748178986953496	SEQC	permutation	
4722.0	0.10498652748531256	SEQC	permutation	
4723.0	0.048931594136040424	SEQC	permutation	
4724.0	0.18625961270437763	SEQC	permutation	
4725.0	-0.16693539439998695	SEQC	permutation	
4726.0	0.2005124873389157	SEQC	permutation	
4727.0	-0.11035973654447329	SEQC	permutation	
4728.0	0.2444394622082573	SEQC	permutation	
4729.0	0.12392363199951095	SEQC	permutation	
4730.0	-0.06700852444165051	SEQC	permutation	
4731.0	0.027173445674076646	SEQC	permutation	
4732.0	-0.25131923787247157	SEQC	permutation	
4733.0	-0.02174285355475991	SEQC	permutation	
4734.0	-0.1643334196318067	SEQC	permutation	
4735.0	0.10148716634277921	SEQC	permutation	
4736.0	0.033757016601470013	SEQC	permutation	
4737.0	-0.06270349357943505	SEQC	permutation	
4738.0	0.19270157909318275	SEQC	permutation	
4739.0	0.3048855670579771	SEQC	permutation	
4740.0	0.05537572936929358	SEQC	permutation	
4741.0	0.2499364802265518	SEQC	permutation	
4742.0	-0.21503024528550618	SEQC	permutation	
4743.0	0.1674916686490624	SEQC	permutation	
4744.0	-0.04256219442613851	SEQC	permutation	
4745.0	0.16282087895098396	SEQC	permutation	
4746.0	-0.09954601647625694	SEQC	permutation	
4747.0	-0.23274984955802136	SEQC	permutation	
4748.0	-0.03617017677518408	SEQC	permutation	
4749.0	-0.016505613485956694	SEQC	permutation	
4750.0	0.12825858602587736	SEQC	permutation	
4751.0	0.04353145288142546	SEQC	permutation	
4752.0	0.01065326815616352	SEQC	permutation	
4753.0	0.24018266711824587	SEQC	permutation	
4754.0	0.1472763531797172	SEQC	permutation	
4755.0	-0.195587599271982	SEQC	permutation	
4756.0	-0.20861338959822096	SEQC	permutation	
4757.0	-0.21146221912919216	SEQC	permutation	
4758.0	0.1649457715114968	SEQC	permutation	
4759.0	-0.05373930743924582	SEQC	permutation	
4760.0	-0.1850538946617375	SEQC	permutation	
4761.0	-0.05999621202196437	SEQC	permutation	
4762.0	0.06109916992236464	SEQC	permutation	
4763.0	-0.13072215754972216	SEQC	permutation	
4764.0	-0.011172256141265713	SEQC	permutation	
4765.0	-0.02955856584208938	SEQC	permutation	
4766.0	-0.14765430758839937	SEQC	permutation	
4767.0	0.15457007172937232	SEQC	permutation	
4768.0	0.18357661701770134	SEQC	permutation	
4769.0	0.04481400268392566	SEQC	permutation	
4770.0	-0.012380704085639849	SEQC	permutation	
4771.0	0.060081436168655245	SEQC	permutation	
4772.0	0.03704486780542471	SEQC	permutation	
4773.0	0.2614525566152741	SEQC	permutation	
4774.0	0.05036964259003973	SEQC	permutation	
4775.0	0.16099990556772426	SEQC	permutation	
4776.0	0.008591919272311621	SEQC	permutation	
4777.0	-0.04896394060382203	SEQC	permutation	
4778.0	-0.08291677026104693	SEQC	permutation	
4779.0	-0.0020775085881048483	SEQC	permutation	
4780.0	-0.07287141184886536	SEQC	permutation	
4781.0	-0.038054564670264135	SEQC	permutation	
4782.0	0.1942741917284474	SEQC	permutation	
4783.0	0.002027862463021002	SEQC	permutation	
4784.0	-0.010996823969688485	SEQC	permutation	
4785.0	0.270397474856666	SEQC	permutation	
4786.0	-0.030881478202689827	SEQC	permutation	
4787.0	-0.01591265656305918	SEQC	permutation	
4788.0	-0.1293988527701666	SEQC	permutation	
4789.0	0.284254334640087	SEQC	permutation	
4790.0	0.21472791308876538	SEQC	permutation	
4791.0	0.05992781246796142	SEQC	permutation	
4792.0	0.22611637500463466	SEQC	permutation	
4793.0	0.10576391964818921	SEQC	permutation	
4794.0	0.1659868070809054	SEQC	permutation	
4795.0	-0.2036404778040941	SEQC	permutation	
4796.0	0.30002790528604883	SEQC	permutation	
4797.0	0.12511550145835493	SEQC	permutation	
4798.0	0.2597613805124448	SEQC	permutation	
4799.0	0.10695015227576565	SEQC	permutation	
4800.0	0.07678754319048231	SEQC	permutation	
4801.0	0.10040845890644956	SEQC	permutation	
4802.0	-0.02204672892772308	SEQC	permutation	
4803.0	0.1500834728813052	SEQC	permutation	
4804.0	-0.2933065786370106	SEQC	permutation	
4805.0	0.1469899764319198	SEQC	permutation	
4806.0	0.08282747087095021	SEQC	permutation	
4807.0	-0.036544652978808045	SEQC	permutation	
4808.0	0.3229420208208138	SEQC	permutation	
4809.0	0.1655755144903326	SEQC	permutation	
4810.0	-0.05542780962424221	SEQC	permutation	
4811.0	0.2306592250866899	SEQC	permutation	
4812.0	0.013484380532574392	SEQC	permutation	
4813.0	0.046779984033186395	SEQC	permutation	
4814.0	-0.04165467050832117	SEQC	permutation	
4815.0	0.3354386947723036	SEQC	permutation	
4816.0	0.12212415170062485	SEQC	permutation	
4817.0	-0.23357626586966784	SEQC	permutation	
4818.0	-0.09907753083118553	SEQC	permutation	
4819.0	0.07635865451937018	SEQC	permutation	
4820.0	0.03410541455259963	SEQC	permutation	
4821.0	0.007315587213875041	SEQC	permutation	
4822.0	0.16928265374047768	SEQC	permutation	
4823.0	0.09502596619258163	SEQC	permutation	
4824.0	0.12547116554374949	SEQC	permutation	
4825.0	0.28380478092085504	SEQC	permutation	
4826.0	-0.03499576752936129	SEQC	permutation	
4827.0	-0.047936046212430306	SEQC	permutation	
4828.0	-0.152352242419993	SEQC	permutation	
4829.0	0.2430319072864089	SEQC	permutation	
4830.0	0.09058840378118482	SEQC	permutation	
4831.0	0.1163426493792814	SEQC	permutation	
4832.0	-0.26631951783682783	SEQC	permutation	
4833.0	0.3115992348579981	SEQC	permutation	
4834.0	-0.08405760920749827	SEQC	permutation	
4835.0	0.07085203310632693	SEQC	permutation	
4836.0	-0.12175690968373853	SEQC	permutation	
4837.0	0.31850728215956714	SEQC	permutation	
4838.0	0.12020273634755885	SEQC	permutation	
4839.0	0.03940344145149144	SEQC	permutation	
4840.0	0.13203985818446462	SEQC	permutation	
4841.0	-0.1580906505238744	SEQC	permutation	
4842.0	0.10906984610262693	SEQC	permutation	
4843.0	0.16169031884263863	SEQC	permutation	
4844.0	-0.0656893277611017	SEQC	permutation	
4845.0	0.1825962864316386	SEQC	permutation	
4846.0	0.09863500449694218	SEQC	permutation	
4847.0	0.01027648994221586	SEQC	permutation	
4848.0	0.07324559688443077	SEQC	permutation	
4849.0	-0.018751830354029053	SEQC	permutation	
4850.0	-0.2597555604030184	SEQC	permutation	
4851.0	-0.305212066708747	SEQC	permutation	
4852.0	-0.042807256151086825	SEQC	permutation	
4853.0	-0.021106305084115817	SEQC	permutation	
4854.0	0.23709268626322633	SEQC	permutation	
4855.0	0.18986520600855084	SEQC	permutation	
4856.0	0.1987121909679468	SEQC	permutation	
4857.0	0.2565180025982148	SEQC	permutation	
4858.0	-0.07245792877462787	SEQC	permutation	
4859.0	0.0565333387604241	SEQC	permutation	
4860.0	0.2509340573064476	SEQC	permutation	
4861.0	-0.05917537535970041	SEQC	permutation	
4862.0	0.08589127110908201	SEQC	permutation	
4863.0	0.1527567481927523	SEQC	permutation	
4864.0	0.012534196741905923	SEQC	permutation	
4865.0	0.22903147618164077	SEQC	permutation	
4866.0	0.18198541230746645	SEQC	permutation	
4867.0	-0.07099649765915395	SEQC	permutation	
4868.0	-0.17321427710301318	SEQC	permutation	
4869.0	0.011712354319468155	SEQC	permutation	
4870.0	-0.06551405192758075	SEQC	permutation	
4871.0	0.2805577003116966	SEQC	permutation	
4872.0	-0.09690163349646852	SEQC	permutation	
4873.0	0.05494449635122134	SEQC	permutation	
4874.0	-0.07521030203019308	SEQC	permutation	
4875.0	0.35222471592817506	SEQC	permutation	
4876.0	-0.14448709883854516	SEQC	permutation	
4877.0	-0.11456327595410976	SEQC	permutation	
4878.0	0.18683498815528665	SEQC	permutation	
4879.0	-0.009544011929090601	SEQC	permutation	
4880.0	0.09647269327743935	SEQC	permutation	
4881.0	0.1656344466982027	SEQC	permutation	
4882.0	0.09355819256755638	SEQC	permutation	
4883.0	0.07457614400401447	SEQC	permutation	
4884.0	-0.1821979074728608	SEQC	permutation	
4885.0	-0.09769061317040517	SEQC	permutation	
4886.0	-0.051352498897049514	SEQC	permutation	
4887.0	0.2192379638971209	SEQC	permutation	
4888.0	0.11990753545504518	SEQC	permutation	
4889.0	-0.005510835751209697	SEQC	permutation	
4890.0	-0.05604368922281466	SEQC	permutation	
4891.0	-0.07352418389822457	SEQC	permutation	
4892.0	0.017107117390425586	SEQC	permutation	
4893.0	0.05664369184782103	SEQC	permutation	
4894.0	0.044756953503589436	SEQC	permutation	
4895.0	0.030524146656370377	SEQC	permutation	
4896.0	0.2504420042220765	SEQC	permutation	
4897.0	0.2753242269612661	SEQC	permutation	
4898.0	0.04173672672493023	SEQC	permutation	
4899.0	-0.013479628556246404	SEQC	permutation	
4900.0	0.11600595633386046	SEQC	permutation	
4901.0	0.07138452535420825	SEQC	permutation	
4902.0	0.09946584952356297	SEQC	permutation	
4903.0	0.08538549025512587	SEQC	permutation	
4904.0	0.22356201389854924	SEQC	permutation	
4905.0	0.13309632439084407	SEQC	permutation	
4906.0	0.05955419589632793	SEQC	permutation	
4907.0	0.11474549619918317	SEQC	permutation	
4908.0	-0.03176822518018696	SEQC	permutation	
4909.0	0.10117165457617183	SEQC	permutation	
4910.0	0.23113351335591403	SEQC	permutation	
4911.0	-0.24099269281198765	SEQC	permutation	
4912.0	0.11940529053266058	SEQC	permutation	
4913.0	0.15740310317950357	SEQC	permutation	
4914.0	0.37645679591449976	SEQC	permutation	
4915.0	0.3413904335501563	SEQC	permutation	
4916.0	0.024397684679760445	SEQC	permutation	
4917.0	0.06728216999241443	SEQC	permutation	
4918.0	0.2612056189287255	SEQC	permutation	
4919.0	0.2066203781275684	SEQC	permutation	
4920.0	0.13410215920645285	SEQC	permutation	
4921.0	0.05112826657785341	SEQC	permutation	
4922.0	0.17615456337752722	SEQC	permutation	
4923.0	0.06569398771093304	SEQC	permutation	
4924.0	-0.041423262955428086	SEQC	permutation	
4925.0	-0.2996778296080098	SEQC	permutation	
4926.0	-0.03099348449089412	SEQC	permutation	
4927.0	0.18525185157638102	SEQC	permutation	
4928.0	0.3787675671621482	SEQC	permutation	
4929.0	0.11086056957728463	SEQC	permutation	
4930.0	-0.04718661611205466	SEQC	permutation	
4931.0	0.22680116380022763	SEQC	permutation	
4932.0	-0.25014714231909085	SEQC	permutation	
4933.0	-0.19908920651375706	SEQC	permutation	
4934.0	-0.09796866279955374	SEQC	permutation	
4935.0	0.07969399671226718	SEQC	permutation	
4936.0	0.12634864707868232	SEQC	permutation	
4937.0	-0.1511152019510913	SEQC	permutation	
4938.0	0.015515082813625014	SEQC	permutation	
4939.0	0.11176527694738869	SEQC	permutation	
4940.0	-0.031194886433917546	SEQC	permutation	
4941.0	0.029059564251847192	SEQC	permutation	
4942.0	0.04208122940834258	SEQC	permutation	
4943.0	0.052908222668921034	SEQC	permutation	
4944.0	0.1366587328958886	SEQC	permutation	
4945.0	0.15877096960614878	SEQC	permutation	
4946.0	0.19165991393257187	SEQC	permutation	
4947.0	-0.032694333784096585	SEQC	permutation	
4948.0	0.04822348529236198	SEQC	permutation	
4949.0	0.013874937112042574	SEQC	permutation	
4950.0	0.12444564720337237	SEQC	permutation	
4951.0	0.08626643210972951	SEQC	permutation	
4952.0	-0.12504373707261873	SEQC	permutation	
4953.0	-0.08543474786530236	SEQC	permutation	
4954.0	-0.2585063147077262	SEQC	permutation	
4955.0	0.10619528849337634	SEQC	permutation	
4956.0	0.14180926188915688	SEQC	permutation	
4957.0	0.08618810689521794	SEQC	permutation	
4958.0	-0.177118402731959	SEQC	permutation	
4959.0	0.22337312503139195	SEQC	permutation	
4960.0	0.12482784290729931	SEQC	permutation	
4961.0	-0.04391653708239929	SEQC	permutation	
4962.0	-0.11904094006365629	SEQC	permutation	
4963.0	-0.1139489338792723	SEQC	permutation	
4964.0	-0.22704414216259927	SEQC	permutation	
4965.0	0.07424981960325372	SEQC	permutation	
4966.0	-0.014353847529148922	SEQC	permutation	
4967.0	-0.12178802039871339	SEQC	permutation	
4968.0	0.1474007181978365	SEQC	permutation	
4969.0	0.08888152520288273	SEQC	permutation	
4970.0	-0.019126928754729988	SEQC	permutation	
4971.0	-0.0301113943180491	SEQC	permutation	
4972.0	-0.038282748029137004	SEQC	permutation	
4973.0	0.3955579399162854	SEQC	permutation	
4974.0	0.032337307307111374	SEQC	permutation	
4975.0	-0.0013652268769392961	SEQC	permutation	
4976.0	-0.11077943016934277	SEQC	permutation	
4977.0	0.02009474120292598	SEQC	permutation	
4978.0	-0.04110598284574962	SEQC	permutation	
4979.0	-0.20839755121518788	SEQC	permutation	
4980.0	-0.2113983177493468	SEQC	permutation	
4981.0	0.1770150225789182	SEQC	permutation	
4982.0	0.03165015828434914	SEQC	permutation	
4983.0	0.17483249275596435	SEQC	permutation	
4984.0	0.06702014549455804	SEQC	permutation	
4985.0	0.18252839735732262	SEQC	permutation	
4986.0	-0.10183335839892749	SEQC	permutation	
4987.0	0.007792836117260116	SEQC	permutation	
4988.0	-0.155903871436176	SEQC	permutation	
4989.0	0.18783867185133474	SEQC	permutation	
4990.0	-0.29037841458819624	SEQC	permutation	
4991.0	-0.16770757486150156	SEQC	permutation	
4992.0	0.14657839909723158	SEQC	permutation	
4993.0	0.226086060594354	SEQC	permutation	
4994.0	0.01113195244532772	SEQC	permutation	
4995.0	0.14395754728282828	SEQC	permutation	
4996.0	0.09426669970967616	SEQC	permutation	
4997.0	0.23943779199031834	SEQC	permutation	
4998.0	0.09054608003340547	SEQC	permutation	
4999.0	-0.21003555105412275	SEQC	permutation	
5000.0	0.13528909182779092	SEQC	permutation	
	-0.16460473632955086	SEQC	bootstrap	1.0
	0.4007188368160799	SEQC	bootstrap	2.0
	0.190983149055846	SEQC	bootstrap	3.0
	0.0873297364222605	SEQC	bootstrap	4.0
	-0.014868865443835588	SEQC	bootstrap	5.0
	0.4845660985061935	SEQC	bootstrap	6.0
	0.1827858415326915	SEQC	bootstrap	7.0
	0.11693774918736644	SEQC	bootstrap	8.0
	0.0009760507053897527	SEQC	bootstrap	9.0
	0.3998960471487827	SEQC	bootstrap	10.0
	0.16215706503862393	SEQC	bootstrap	11.0
	-0.19023005618715327	SEQC	bootstrap	12.0
	0.04149762742413099	SEQC	bootstrap	13.0
	0.2463972915823689	SEQC	bootstrap	14.0
	0.31475306380731727	SEQC	bootstrap	15.0
	0.4115246667093464	SEQC	bootstrap	16.0
	0.2266854060522041	SEQC	bootstrap	17.0
	0.08637421353925223	SEQC	bootstrap	18.0
	0.2853193390574491	SEQC	bootstrap	19.0
	0.04827018824227647	SEQC	bootstrap	20.0
	-0.07314311559731745	SEQC	bootstrap	21.0
	0.17929050600348528	SEQC	bootstrap	22.0
	0.41746106982003894	SEQC	bootstrap	23.0
	0.03534068871116869	SEQC	bootstrap	24.0
	-0.05239284492163332	SEQC	bootstrap	25.0
	-0.054461126129626614	SEQC	bootstrap	26.0
	0.06842447555378683	SEQC	bootstrap	27.0
	0.26671509806624627	SEQC	bootstrap	28.0
	0.048483125100722724	SEQC	bootstrap	29.0
	0.3939429559897114	SEQC	bootstrap	30.0
	0.2841077937591212	SEQC	bootstrap	31.0
	0.11882247959911041	SEQC	bootstrap	32.0
	0.06619354252527732	SEQC	bootstrap	33.0
	0.13313152465021538	SEQC	bootstrap	34.0
	0.041621997825931345	SEQC	bootstrap	35.0
	0.023133353833582504	SEQC	bootstrap	36.0
	0.30427163415893066	SEQC	bootstrap	37.0
	0.29993769616474264	SEQC	bootstrap	38.0
	0.3022253988969945	SEQC	bootstrap	39.0
	0.4069038936282272	SEQC	bootstrap	40.0
	0.17474127337459677	SEQC	bootstrap	41.0
	0.05279857747111549	SEQC	bootstrap	42.0
	0.34032512334097387	SEQC	bootstrap	43.0
	0.5965983852909655	SEQC	bootstrap	44.0
	0.19877277138980887	SEQC	bootstrap	45.0
	0.3146209973679346	SEQC	bootstrap	46.0
	0.1556838287445519	SEQC	bootstrap	47.0
	0.20009970757158424	SEQC	bootstrap	48.0
	0.05025149966816311	SEQC	bootstrap	49.0
	0.13283173322690356	SEQC	bootstrap	50.0
	0.3414950735923439	SEQC	bootstrap	51.0
	-0.03621053899552251	SEQC	bootstrap	52.0
	0.007212232151150744	SEQC	bootstrap	53.0
	0.3068061797461068	SEQC	bootstrap	54.0
	0.14450321812529943	SEQC	bootstrap	55.0
	0.2750671315091484	SEQC	bootstrap	56.0
	0.276676349042277	SEQC	bootstrap	57.0
	0.12266643908801544	SEQC	bootstrap	58.0
	0.3174600856964025	SEQC	bootstrap	59.0
	0.3648562811003133	SEQC	bootstrap	60.0
	0.10348837655562448	SEQC	bootstrap	61.0
	0.02167918008046854	SEQC	bootstrap	62.0
	0.08166073019832432	SEQC	bootstrap	63.0
	0.1827012799160883	SEQC	bootstrap	64.0
	0.046938260607141125	SEQC	bootstrap	65.0
	-0.006041570115038475	SEQC	bootstrap	66.0
	0.0762986182125216	SEQC	bootstrap	67.0
	-0.02689907900697186	SEQC	bootstrap	68.0
	-0.07745668519230797	SEQC	bootstrap	69.0
	0.2989721429669814	SEQC	bootstrap	70.0
	0.3869429379628784	SEQC	bootstrap	71.0
	0.1364722946470982	SEQC	bootstrap	72.0
	0.12772810979064886	SEQC	bootstrap	73.0
	0.27266259003163285	SEQC	bootstrap	74.0
	0.2928326125201197	SEQC	bootstrap	75.0
	0.13287667621797006	SEQC	bootstrap	76.0
	0.18968385737237092	SEQC	bootstrap	77.0
	0.15225325428494507	SEQC	bootstrap	78.0
	0.03862346076872125	SEQC	bootstrap	79.0
	0.12396799472973363	SEQC	bootstrap	80.0
	-0.06669034535961238	SEQC	bootstrap	81.0
	-0.07176031164969743	SEQC	bootstrap	82.0
	0.014659102337633456	SEQC	bootstrap	83.0
	0.1499389034626093	SEQC	bootstrap	84.0
	0.07465131766361122	SEQC	bootstrap	85.0
	0.2021872308583479	SEQC	bootstrap	86.0
	-0.07280297285078419	SEQC	bootstrap	87.0
	-0.022542584726130244	SEQC	bootstrap	88.0
	0.1898169633789477	SEQC	bootstrap	89.0
	0.18238698978485868	SEQC	bootstrap	90.0
	0.20589678052480576	SEQC	bootstrap	91.0
	-0.01623657899913855	SEQC	bootstrap	92.0
	0.11780309702792202	SEQC	bootstrap	93.0
	0.21471435492200008	SEQC	bootstrap	94.0
	0.11317714452745342	SEQC	bootstrap	95.0
	0.18041924454637392	SEQC	bootstrap	96.0
	0.2038774080375516	SEQC	bootstrap	97.0
	0.2294265976335632	SEQC	bootstrap	98.0
	0.24984003709594926	SEQC	bootstrap	99.0
	0.07851997399701194	SEQC	bootstrap	100.0
	-0.0324113225992706	SEQC	bootstrap	101.0
	0.29634342528818536	SEQC	bootstrap	102.0
	0.08028059743197424	SEQC	bootstrap	103.0
	0.3490483970247533	SEQC	bootstrap	104.0
	0.3111615102604315	SEQC	bootstrap	105.0
	0.33308445705758505	SEQC	bootstrap	106.0
	-0.16147218902046312	SEQC	bootstrap	107.0
	0.01463106382678081	SEQC	bootstrap	108.0
	0.13769193529725854	SEQC	bootstrap	109.0
	0.060823001040460234	SEQC	bootstrap	110.0
	0.321315778472286	SEQC	bootstrap	111.0
	0.5064437702080831	SEQC	bootstrap	112.0
	-0.05621739254203728	SEQC	bootstrap	113.0
	0.10143200998459001	SEQC	bootstrap	114.0
	-0.0830582210082138	SEQC	bootstrap	115.0
	0.43991259983706055	SEQC	bootstrap	116.0
	0.21982573337051559	SEQC	bootstrap	117.0
	0.15515838523252068	SEQC	bootstrap	118.0
	0.11699016427995002	SEQC	bootstrap	119.0
	0.4421351248525003	SEQC	bootstrap	120.0
	-0.014100277970541697	SEQC	bootstrap	121.0
	0.2720608076891322	SEQC	bootstrap	122.0
	0.1783645800259528	SEQC	bootstrap	123.0
	0.13091216172255482	SEQC	bootstrap	124.0
	-0.009109072400923957	SEQC	bootstrap	125.0
	-0.13435463596487374	SEQC	bootstrap	126.0
	0.09521015985407821	SEQC	bootstrap	127.0
	0.16814961737739154	SEQC	bootstrap	128.0
	0.2124298273831995	SEQC	bootstrap	129.0
	0.28366943542467205	SEQC	bootstrap	130.0
	0.11962504992530487	SEQC	bootstrap	131.0
	0.09520200996407979	SEQC	bootstrap	132.0
	0.2951696265723118	SEQC	bootstrap	133.0
	0.23383802093274486	SEQC	bootstrap	134.0
	0.03219155691964737	SEQC	bootstrap	135.0
	0.3615771759070343	SEQC	bootstrap	136.0
	0.06443692732864736	SEQC	bootstrap	137.0
	0.24643173536103635	SEQC	bootstrap	138.0
	0.005210616764587783	SEQC	bootstrap	139.0
	0.1441804631553225	SEQC	bootstrap	140.0
	0.2968579415642969	SEQC	bootstrap	141.0
	0.06075182233094534	SEQC	bootstrap	142.0
	0.018210228821552654	SEQC	bootstrap	143.0
	0.41221196439430763	SEQC	bootstrap	144.0
	0.13084293309042927	SEQC	bootstrap	145.0
	0.0925912365765944	SEQC	bootstrap	146.0
	0.15604322690212769	SEQC	bootstrap	147.0
	0.34633908313529016	SEQC	bootstrap	148.0
	0.023079363083633453	SEQC	bootstrap	149.0
	0.14577145940323444	SEQC	bootstrap	150.0
	0.07393128393919746	SEQC	bootstrap	151.0
	0.20618068581760074	SEQC	bootstrap	152.0
	-0.2091132129107125	SEQC	bootstrap	153.0
	0.09677226314312737	SEQC	bootstrap	154.0
	0.25320758430958445	SEQC	bootstrap	155.0
	0.12809000788652813	SEQC	bootstrap	156.0
	-0.2021993481043678	SEQC	bootstrap	157.0
	0.18125431709091888	SEQC	bootstrap	158.0
	0.11606205477123765	SEQC	bootstrap	159.0
	0.12513461876094834	SEQC	bootstrap	160.0
	0.24212133666823998	SEQC	bootstrap	161.0
	0.34546952822916843	SEQC	bootstrap	162.0
	0.202266975789251	SEQC	bootstrap	163.0
	0.3548437873003252	SEQC	bootstrap	164.0
	0.11761257744517639	SEQC	bootstrap	165.0
	0.15191078761997012	SEQC	bootstrap	166.0
	0.1707470462949603	SEQC	bootstrap	167.0
	0.093212420450425	SEQC	bootstrap	168.0
	0.3553545494308423	SEQC	bootstrap	169.0
	0.060332422685070775	SEQC	bootstrap	170.0
	0.038661141516818986	SEQC	bootstrap	171.0
	0.08132410155616654	SEQC	bootstrap	172.0
	0.33814097952261246	SEQC	bootstrap	173.0
	0.16950309128143104	SEQC	bootstrap	174.0
	0.3527693884089729	SEQC	bootstrap	175.0
	-0.004615723398321059	SEQC	bootstrap	176.0
	0.0931489817219271	SEQC	bootstrap	177.0
	0.0810327600518077	SEQC	bootstrap	178.0
	0.2633160963913701	SEQC	bootstrap	179.0
	0.4451687511043989	SEQC	bootstrap	180.0
	0.5272368517538242	SEQC	bootstrap	181.0
	0.22410483021031435	SEQC	bootstrap	182.0
	0.34442789458158884	SEQC	bootstrap	183.0
	0.22182435422178237	SEQC	bootstrap	184.0
	-0.011048391924256329	SEQC	bootstrap	185.0
	0.14472753307571207	SEQC	bootstrap	186.0
	-0.026800466044995197	SEQC	bootstrap	187.0
	0.23525995911925346	SEQC	bootstrap	188.0
	0.08223843278833698	SEQC	bootstrap	189.0
	-0.17035208622873466	SEQC	bootstrap	190.0
	0.27073353645212084	SEQC	bootstrap	191.0
	0.30773819109893985	SEQC	bootstrap	192.0
	0.3294787418372511	SEQC	bootstrap	193.0
	0.3410540966830542	SEQC	bootstrap	194.0
	0.14429437923604826	SEQC	bootstrap	195.0
	0.12549819086869185	SEQC	bootstrap	196.0
	-0.03639100533105655	SEQC	bootstrap	197.0
	0.10430678547066208	SEQC	bootstrap	198.0
	-0.09368417245704208	SEQC	bootstrap	199.0
	-0.11628982067225824	SEQC	bootstrap	200.0
	-0.09639484895973727	SEQC	bootstrap	201.0
	-0.011780563278019685	SEQC	bootstrap	202.0
	0.2094608804251843	SEQC	bootstrap	203.0
	0.10093367270947784	SEQC	bootstrap	204.0
	0.36189195185016665	SEQC	bootstrap	205.0
	0.26419116041283264	SEQC	bootstrap	206.0
	-0.07027219172104804	SEQC	bootstrap	207.0
	0.2586787333343086	SEQC	bootstrap	208.0
	0.20679499710383276	SEQC	bootstrap	209.0
	0.12487272709111874	SEQC	bootstrap	210.0
	0.2581409993647492	SEQC	bootstrap	211.0
	0.11275896685655962	SEQC	bootstrap	212.0
	0.14139864751150988	SEQC	bootstrap	213.0
	0.11594954000561142	SEQC	bootstrap	214.0
	0.20980253756673495	SEQC	bootstrap	215.0
	0.2232233357801281	SEQC	bootstrap	216.0
	0.4587424966839775	SEQC	bootstrap	217.0
	0.29451139706175145	SEQC	bootstrap	218.0
	-0.011444658926616391	SEQC	bootstrap	219.0
	-0.16190662474219764	SEQC	bootstrap	220.0
	0.08903457966313777	SEQC	bootstrap	221.0
	-0.08898392405019795	SEQC	bootstrap	222.0
	-0.0556529844523741	SEQC	bootstrap	223.0
	0.38667741350584794	SEQC	bootstrap	224.0
	0.1383170600243	SEQC	bootstrap	225.0
	0.13956448495677876	SEQC	bootstrap	226.0
	0.4461429258295899	SEQC	bootstrap	227.0
	0.410216662941699	SEQC	bootstrap	228.0
	0.21623178232441198	SEQC	bootstrap	229.0
	0.19801606459751575	SEQC	bootstrap	230.0
	0.19797513760234864	SEQC	bootstrap	231.0
	0.3720635001085322	SEQC	bootstrap	232.0
	0.2865193724793791	SEQC	bootstrap	233.0
	0.26420914443523014	SEQC	bootstrap	234.0
	0.505442453675979	SEQC	bootstrap	235.0
	0.10126847863277355	SEQC	bootstrap	236.0
	0.15738802760237558	SEQC	bootstrap	237.0
	0.2042842507257241	SEQC	bootstrap	238.0
	-0.16903395065919646	SEQC	bootstrap	239.0
	0.13655230299301202	SEQC	bootstrap	240.0
	-0.111827521820822	SEQC	bootstrap	241.0
	0.49739884104317245	SEQC	bootstrap	242.0
	0.1634819144601778	SEQC	bootstrap	243.0
	-0.09780001316882547	SEQC	bootstrap	244.0
	0.3228759757257009	SEQC	bootstrap	245.0
	0.019180649521650217	SEQC	bootstrap	246.0
	0.3215029902133528	SEQC	bootstrap	247.0
	0.2893236601767404	SEQC	bootstrap	248.0
	0.2838863116590451	SEQC	bootstrap	249.0
	0.26506534037446894	SEQC	bootstrap	250.0
	0.028402568235875947	SEQC	bootstrap	251.0
	-0.10404679223374291	SEQC	bootstrap	252.0
	0.3653605213103299	SEQC	bootstrap	253.0
	0.24764401643471157	SEQC	bootstrap	254.0
	0.22966152186248578	SEQC	bootstrap	255.0
	-0.1733197655289418	SEQC	bootstrap	256.0
	0.22758883110786954	SEQC	bootstrap	257.0
	0.3294097957792017	SEQC	bootstrap	258.0
	-0.012396788178870466	SEQC	bootstrap	259.0
	-0.0568098980816476	SEQC	bootstrap	260.0
	0.2837276864963538	SEQC	bootstrap	261.0
	0.3765155185217566	SEQC	bootstrap	262.0
	0.2520169922865918	SEQC	bootstrap	263.0
	0.21194234240220933	SEQC	bootstrap	264.0
	0.17472781318707753	SEQC	bootstrap	265.0
	-0.06310999029569331	SEQC	bootstrap	266.0
	0.33974305135101446	SEQC	bootstrap	267.0
	0.23897667636970255	SEQC	bootstrap	268.0
	0.31496313214598004	SEQC	bootstrap	269.0
	0.10345321400508123	SEQC	bootstrap	270.0
	0.17871010750375405	SEQC	bootstrap	271.0
	0.20232677794826603	SEQC	bootstrap	272.0
	0.2984833318126876	SEQC	bootstrap	273.0
	0.30450516609334066	SEQC	bootstrap	274.0
	0.21303983332323284	SEQC	bootstrap	275.0
	0.05429609257283108	SEQC	bootstrap	276.0
	0.00524786394429011	SEQC	bootstrap	277.0
	0.12112835252270848	SEQC	bootstrap	278.0
	0.0800650045065936	SEQC	bootstrap	279.0
	0.2972720638822821	SEQC	bootstrap	280.0
	0.3069159436624638	SEQC	bootstrap	281.0
	0.26084206086468065	SEQC	bootstrap	282.0
	0.07541789049130632	SEQC	bootstrap	283.0
	0.19832782089247303	SEQC	bootstrap	284.0
	0.34670587722941626	SEQC	bootstrap	285.0
	0.24861468623559713	SEQC	bootstrap	286.0
	0.32621623823554646	SEQC	bootstrap	287.0
	0.28972958941514193	SEQC	bootstrap	288.0
	0.17138134270550154	SEQC	bootstrap	289.0
	0.017345469956005388	SEQC	bootstrap	290.0
	-0.045458788359725055	SEQC	bootstrap	291.0
	0.34100884948479937	SEQC	bootstrap	292.0
	0.2876212696883904	SEQC	bootstrap	293.0
	-0.224063650950435	SEQC	bootstrap	294.0
	0.12675158921903407	SEQC	bootstrap	295.0
	0.050716764301917294	SEQC	bootstrap	296.0
	0.055801998525723207	SEQC	bootstrap	297.0
	0.009542820475918923	SEQC	bootstrap	298.0
	0.2619271714805729	SEQC	bootstrap	299.0
	0.11009599923385771	SEQC	bootstrap	300.0
	0.25722307549083556	SEQC	bootstrap	301.0
	0.29776938679597276	SEQC	bootstrap	302.0
	0.1398340530210005	SEQC	bootstrap	303.0
	0.11815905754096256	SEQC	bootstrap	304.0
	0.3506778728251181	SEQC	bootstrap	305.0
	0.19528925310626288	SEQC	bootstrap	306.0
	0.24495510808831167	SEQC	bootstrap	307.0
	0.18581275364174843	SEQC	bootstrap	308.0
	-0.012629377988236712	SEQC	bootstrap	309.0
	-0.04595953490199545	SEQC	bootstrap	310.0
	0.07517980221818199	SEQC	bootstrap	311.0
	0.3454420307935271	SEQC	bootstrap	312.0
	0.13123936629755484	SEQC	bootstrap	313.0
	0.15615427441387286	SEQC	bootstrap	314.0
	0.2632027896431879	SEQC	bootstrap	315.0
	0.14145592987162736	SEQC	bootstrap	316.0
	0.05011147837619667	SEQC	bootstrap	317.0
	0.17632668745695312	SEQC	bootstrap	318.0
	0.22724725658706468	SEQC	bootstrap	319.0
	0.08872199858142071	SEQC	bootstrap	320.0
	0.07891647310653305	SEQC	bootstrap	321.0
	0.09089912197900851	SEQC	bootstrap	322.0
	0.16298937428989912	SEQC	bootstrap	323.0
	0.3080688420146327	SEQC	bootstrap	324.0
	0.13393615963269134	SEQC	bootstrap	325.0
	0.36125799146712456	SEQC	bootstrap	326.0
	0.31341047186582127	SEQC	bootstrap	327.0
	0.3346306588239383	SEQC	bootstrap	328.0
	-0.036764527294251614	SEQC	bootstrap	329.0
	0.2606192953342772	SEQC	bootstrap	330.0
	0.055445247705308454	SEQC	bootstrap	331.0
	0.25841887007799347	SEQC	bootstrap	332.0
	0.09840934493048703	SEQC	bootstrap	333.0
	0.18832366956611057	SEQC	bootstrap	334.0
	0.240453056962731	SEQC	bootstrap	335.0
	0.27760118870114514	SEQC	bootstrap	336.0
	0.08354918490263064	SEQC	bootstrap	337.0
	0.0803308566407015	SEQC	bootstrap	338.0
	0.31402031406836173	SEQC	bootstrap	339.0
	-0.044049345736825174	SEQC	bootstrap	340.0
	0.255545165759683	SEQC	bootstrap	341.0
	0.18725368271747467	SEQC	bootstrap	342.0
	-0.20240476792539575	SEQC	bootstrap	343.0
	0.1275570914180415	SEQC	bootstrap	344.0
	0.26314134705362413	SEQC	bootstrap	345.0
	0.09341102843522542	SEQC	bootstrap	346.0
	-0.08625137326144472	SEQC	bootstrap	347.0
	0.24725131022252445	SEQC	bootstrap	348.0
	0.16369666929442683	SEQC	bootstrap	349.0
	0.0721951405512069	SEQC	bootstrap	350.0
	-0.03332480882302491	SEQC	bootstrap	351.0
	0.07512560687144454	SEQC	bootstrap	352.0
	0.3051899628878294	SEQC	bootstrap	353.0
	-0.03653468441959795	SEQC	bootstrap	354.0
	0.3038834945776401	SEQC	bootstrap	355.0
	0.025989869540232746	SEQC	bootstrap	356.0
	0.08283839150030126	SEQC	bootstrap	357.0
	0.06479028868341352	SEQC	bootstrap	358.0
	0.20161436186612303	SEQC	bootstrap	359.0
	0.08877810767083716	SEQC	bootstrap	360.0
	0.2210630246858516	SEQC	bootstrap	361.0
	0.029868807823263843	SEQC	bootstrap	362.0
	0.31417096103319686	SEQC	bootstrap	363.0
	0.3989537650563264	SEQC	bootstrap	364.0
	0.18958176945269667	SEQC	bootstrap	365.0
	0.49809758926235403	SEQC	bootstrap	366.0
	0.20743243832372205	SEQC	bootstrap	367.0
	0.12477524133184392	SEQC	bootstrap	368.0
	-0.028971631784941998	SEQC	bootstrap	369.0
	0.08963526576444547	SEQC	bootstrap	370.0
	0.10758761859423327	SEQC	bootstrap	371.0
	0.03337960685593977	SEQC	bootstrap	372.0
	-0.08406956720780911	SEQC	bootstrap	373.0
	0.11538742801853186	SEQC	bootstrap	374.0
	0.18360953310862715	SEQC	bootstrap	375.0
	0.34835983287757344	SEQC	bootstrap	376.0
	0.07970651232688919	SEQC	bootstrap	377.0
	0.027470441845873772	SEQC	bootstrap	378.0
	0.43841232274201225	SEQC	bootstrap	379.0
	0.14203758697655466	SEQC	bootstrap	380.0
	0.0009468537927004306	SEQC	bootstrap	381.0
	-0.12973700510842612	SEQC	bootstrap	382.0
	0.05400212799862114	SEQC	bootstrap	383.0
	0.15477522581927072	SEQC	bootstrap	384.0
	-0.011903726242786128	SEQC	bootstrap	385.0
	-0.04437355842986257	SEQC	bootstrap	386.0
	0.30024897253813787	SEQC	bootstrap	387.0
	0.24439125570936504	SEQC	bootstrap	388.0
	0.19130174852291137	SEQC	bootstrap	389.0
	0.028642597675615278	SEQC	bootstrap	390.0
	0.00982041628619168	SEQC	bootstrap	391.0
	-0.0038257170170661325	SEQC	bootstrap	392.0
	0.39108178161803586	SEQC	bootstrap	393.0
	0.05578021037386183	SEQC	bootstrap	394.0
	0.13247199786000774	SEQC	bootstrap	395.0
	0.15283774114279947	SEQC	bootstrap	396.0
	0.5846609362128818	SEQC	bootstrap	397.0
	-0.026198564814109204	SEQC	bootstrap	398.0
	0.1575796500703719	SEQC	bootstrap	399.0
	0.04662504875075868	SEQC	bootstrap	400.0
	0.11171545587811238	SEQC	bootstrap	401.0
	0.19281889631956517	SEQC	bootstrap	402.0
	-0.010071694941952813	SEQC	bootstrap	403.0
	-0.05445011564801394	SEQC	bootstrap	404.0
	0.23377628995852096	SEQC	bootstrap	405.0
	0.38392448193383366	SEQC	bootstrap	406.0
	0.1990969803839464	SEQC	bootstrap	407.0
	-0.1843516989536429	SEQC	bootstrap	408.0
	-0.033218994568874116	SEQC	bootstrap	409.0
	-0.23868088864717585	SEQC	bootstrap	410.0
	0.02515293591998713	SEQC	bootstrap	411.0
	0.1058774056148657	SEQC	bootstrap	412.0
	-0.02331653107589471	SEQC	bootstrap	413.0
	0.038094020657561956	SEQC	bootstrap	414.0
	-0.09255106384219847	SEQC	bootstrap	415.0
	0.1080169315933528	SEQC	bootstrap	416.0
	0.3472170222777713	SEQC	bootstrap	417.0
	0.06973736298176192	SEQC	bootstrap	418.0
	-0.07583443053177064	SEQC	bootstrap	419.0
	0.421858793311749	SEQC	bootstrap	420.0
	0.006480221990996959	SEQC	bootstrap	421.0
	0.27654645120576404	SEQC	bootstrap	422.0
	0.34829422579248526	SEQC	bootstrap	423.0
	0.015216076538031587	SEQC	bootstrap	424.0
	0.21686881277484815	SEQC	bootstrap	425.0
	0.1423461596929556	SEQC	bootstrap	426.0
	0.3538170398131193	SEQC	bootstrap	427.0
	0.1653354135624543	SEQC	bootstrap	428.0
	0.08514381233078883	SEQC	bootstrap	429.0
	0.018146899549003948	SEQC	bootstrap	430.0
	0.3278092149650229	SEQC	bootstrap	431.0
	0.2033492545427693	SEQC	bootstrap	432.0
	0.20684209664204722	SEQC	bootstrap	433.0
	0.2881249374930164	SEQC	bootstrap	434.0
	0.07119361987097594	SEQC	bootstrap	435.0
	0.16148587148433435	SEQC	bootstrap	436.0
	-0.03983031443836982	SEQC	bootstrap	437.0
	0.40640672370101694	SEQC	bootstrap	438.0
	0.18409785140118728	SEQC	bootstrap	439.0
	0.02972980117801516	SEQC	bootstrap	440.0
	0.06419596194175625	SEQC	bootstrap	441.0
	0.2487280862777581	SEQC	bootstrap	442.0
	0.18193094525562703	SEQC	bootstrap	443.0
	0.25649737866181344	SEQC	bootstrap	444.0
	0.2311945023389157	SEQC	bootstrap	445.0
	0.030249086384202428	SEQC	bootstrap	446.0
	0.2832595895512773	SEQC	bootstrap	447.0
	0.0672255697650117	SEQC	bootstrap	448.0
	0.12746885742011038	SEQC	bootstrap	449.0
	-0.047887451881446275	SEQC	bootstrap	450.0
	-0.056836502808063294	SEQC	bootstrap	451.0
	0.5796783732105322	SEQC	bootstrap	452.0
	0.25233695441864334	SEQC	bootstrap	453.0
	0.3039754450807246	SEQC	bootstrap	454.0
	0.003592349585225918	SEQC	bootstrap	455.0
	0.17137941087933406	SEQC	bootstrap	456.0
	0.10314196645240958	SEQC	bootstrap	457.0
	0.1297877143740882	SEQC	bootstrap	458.0
	0.18559406268605727	SEQC	bootstrap	459.0
	0.2224572176780324	SEQC	bootstrap	460.0
	0.23493456423462966	SEQC	bootstrap	461.0
	0.08133275853402466	SEQC	bootstrap	462.0
	-0.16346087669493503	SEQC	bootstrap	463.0
	0.03613408991416023	SEQC	bootstrap	464.0
	0.35274438958606424	SEQC	bootstrap	465.0
	0.20054046697170236	SEQC	bootstrap	466.0
	0.31526301723148453	SEQC	bootstrap	467.0
	0.16936377007061054	SEQC	bootstrap	468.0
	0.2273453256271063	SEQC	bootstrap	469.0
	0.27372135602145065	SEQC	bootstrap	470.0
	0.1620606047493034	SEQC	bootstrap	471.0
	0.13690737319454183	SEQC	bootstrap	472.0
	0.15829482246832605	SEQC	bootstrap	473.0
	0.42117480458658285	SEQC	bootstrap	474.0
	0.20041272110391084	SEQC	bootstrap	475.0
	0.24723435744316902	SEQC	bootstrap	476.0
	0.01615610675753576	SEQC	bootstrap	477.0
	0.12048996352889496	SEQC	bootstrap	478.0
	0.2955794860334926	SEQC	bootstrap	479.0
	0.19865077655536378	SEQC	bootstrap	480.0
	0.17657398114263145	SEQC	bootstrap	481.0
	-0.11649511927257805	SEQC	bootstrap	482.0
	-0.09577095606326846	SEQC	bootstrap	483.0
	-0.08884320750097441	SEQC	bootstrap	484.0
	0.2106695681655495	SEQC	bootstrap	485.0
	0.28316728006751113	SEQC	bootstrap	486.0
	0.042844469177519606	SEQC	bootstrap	487.0
	0.16850273452995435	SEQC	bootstrap	488.0
	0.3375641754556682	SEQC	bootstrap	489.0
	0.15860352373539932	SEQC	bootstrap	490.0
	0.1806547103821181	SEQC	bootstrap	491.0
	0.23196775724975893	SEQC	bootstrap	492.0
	0.06522186745653613	SEQC	bootstrap	493.0
	0.12055973213066196	SEQC	bootstrap	494.0
	0.1010680806215225	SEQC	bootstrap	495.0
	-0.028691308801735538	SEQC	bootstrap	496.0
	0.24292000557524585	SEQC	bootstrap	497.0
	0.28302396151138254	SEQC	bootstrap	498.0
	0.2637032551934144	SEQC	bootstrap	499.0
	0.5720279693606694	SEQC	bootstrap	500.0
	0.1592970145978132	SEQC	bootstrap	501.0
	0.26587738489538193	SEQC	bootstrap	502.0
	-0.15314633502548425	SEQC	bootstrap	503.0
	0.1774574703011078	SEQC	bootstrap	504.0
	0.04548140580762983	SEQC	bootstrap	505.0
	0.3977799815384877	SEQC	bootstrap	506.0
	0.488735917774723	SEQC	bootstrap	507.0
	0.12067327450711929	SEQC	bootstrap	508.0
	0.24122902444500927	SEQC	bootstrap	509.0
	0.49876763924789635	SEQC	bootstrap	510.0
	0.2861753480653464	SEQC	bootstrap	511.0
	0.028568178558465718	SEQC	bootstrap	512.0
	0.2930792538803253	SEQC	bootstrap	513.0
	0.3107476958965165	SEQC	bootstrap	514.0
	0.2404609139164524	SEQC	bootstrap	515.0
	0.3223837407830308	SEQC	bootstrap	516.0
	0.2145619365796172	SEQC	bootstrap	517.0
	0.38524177676672355	SEQC	bootstrap	518.0
	0.054659887801099316	SEQC	bootstrap	519.0
	0.28433091896257157	SEQC	bootstrap	520.0
	0.20307884596837145	SEQC	bootstrap	521.0
	0.1559852804587445	SEQC	bootstrap	522.0
	0.2214185685713268	SEQC	bootstrap	523.0
	0.4358310356772801	SEQC	bootstrap	524.0
	0.12832844653059805	SEQC	bootstrap	525.0
	0.22687998254245034	SEQC	bootstrap	526.0
	0.2862836078861273	SEQC	bootstrap	527.0
	0.4070691362574239	SEQC	bootstrap	528.0
	0.4225163663784839	SEQC	bootstrap	529.0
	0.2520997094703654	SEQC	bootstrap	530.0
	0.03127613604199819	SEQC	bootstrap	531.0
	0.009816234710207539	SEQC	bootstrap	532.0
	-0.05151601314822685	SEQC	bootstrap	533.0
	0.3699761316268333	SEQC	bootstrap	534.0
	0.061049011032762834	SEQC	bootstrap	535.0
	-0.029425948799590707	SEQC	bootstrap	536.0
	0.30938782163618583	SEQC	bootstrap	537.0
	0.1667324340279812	SEQC	bootstrap	538.0
	0.2442733001134183	SEQC	bootstrap	539.0
	-0.06687525247423753	SEQC	bootstrap	540.0
	-0.051836423878420135	SEQC	bootstrap	541.0
	0.3882494113677586	SEQC	bootstrap	542.0
	0.5245185530904726	SEQC	bootstrap	543.0
	0.10027148778364747	SEQC	bootstrap	544.0
	0.13087255527767638	SEQC	bootstrap	545.0
	0.25275324571923985	SEQC	bootstrap	546.0
	0.08702489487737086	SEQC	bootstrap	547.0
	0.11717382851528857	SEQC	bootstrap	548.0
	0.1927272875396424	SEQC	bootstrap	549.0
	0.3152213975776288	SEQC	bootstrap	550.0
	0.283115967131792	SEQC	bootstrap	551.0
	0.1167771668724562	SEQC	bootstrap	552.0
	0.12601778415273035	SEQC	bootstrap	553.0
	0.11688305366072971	SEQC	bootstrap	554.0
	0.17082237809551248	SEQC	bootstrap	555.0
	0.16266467574257426	SEQC	bootstrap	556.0
	0.34773561034237854	SEQC	bootstrap	557.0
	0.15401441870421007	SEQC	bootstrap	558.0
	-0.13536142300502174	SEQC	bootstrap	559.0
	0.0725087378081879	SEQC	bootstrap	560.0
	0.06187516780799207	SEQC	bootstrap	561.0
	0.14108000397652898	SEQC	bootstrap	562.0
	0.2339425254997165	SEQC	bootstrap	563.0
	0.2766212609992458	SEQC	bootstrap	564.0
	0.12802817914696796	SEQC	bootstrap	565.0
	-0.04067123450962562	SEQC	bootstrap	566.0
	0.01569612625521799	SEQC	bootstrap	567.0
	0.017194972270915265	SEQC	bootstrap	568.0
	-0.06995556768864386	SEQC	bootstrap	569.0
	0.09597328716586517	SEQC	bootstrap	570.0
	0.5233584471335533	SEQC	bootstrap	571.0
	0.33843618865570146	SEQC	bootstrap	572.0
	0.289713466647612	SEQC	bootstrap	573.0
	0.14472649177424923	SEQC	bootstrap	574.0
	0.2693123667793893	SEQC	bootstrap	575.0
	0.1859669307234828	SEQC	bootstrap	576.0
	0.0214479846002833	SEQC	bootstrap	577.0
	0.09899943306411885	SEQC	bootstrap	578.0
	0.27872986535439015	SEQC	bootstrap	579.0
	0.40352428752153635	SEQC	bootstrap	580.0
	0.03946075627567058	SEQC	bootstrap	581.0
	0.2715425834929759	SEQC	bootstrap	582.0
	0.1820686292149789	SEQC	bootstrap	583.0
	0.24260996695930626	SEQC	bootstrap	584.0
	0.020338023935398297	SEQC	bootstrap	585.0
	-0.05068664115584731	SEQC	bootstrap	586.0
	0.04266558410781496	SEQC	bootstrap	587.0
	-0.03822543233436182	SEQC	bootstrap	588.0
	0.15212567527523202	SEQC	bootstrap	589.0
	0.09262735641740782	SEQC	bootstrap	590.0
	0.15841957639930193	SEQC	bootstrap	591.0
	0.026751131654881632	SEQC	bootstrap	592.0
	-0.03132184721155351	SEQC	bootstrap	593.0
	0.40786338246368903	SEQC	bootstrap	594.0
	0.0016120287630929653	SEQC	bootstrap	595.0
	0.1364208408976859	SEQC	bootstrap	596.0
	-0.047584908063679876	SEQC	bootstrap	597.0
	0.32144586580922496	SEQC	bootstrap	598.0
	0.17785013441424358	SEQC	bootstrap	599.0
	0.025793814725275865	SEQC	bootstrap	600.0
	0.1521621035748515	SEQC	bootstrap	601.0
	0.10743452951573307	SEQC	bootstrap	602.0
	0.36099397332284155	SEQC	bootstrap	603.0
	0.2582668195115607	SEQC	bootstrap	604.0
	0.09484504950433692	SEQC	bootstrap	605.0
	0.21892983217663797	SEQC	bootstrap	606.0
	0.3873020355308965	SEQC	bootstrap	607.0
	0.5392604921829927	SEQC	bootstrap	608.0
	0.4130177801954833	SEQC	bootstrap	609.0
	-0.004635984838573748	SEQC	bootstrap	610.0
	0.03333837593043221	SEQC	bootstrap	611.0
	0.05963180578626304	SEQC	bootstrap	612.0
	0.012165900018590747	SEQC	bootstrap	613.0
	0.31985874260631597	SEQC	bootstrap	614.0
	0.05573298645785041	SEQC	bootstrap	615.0
	-0.04139532638326404	SEQC	bootstrap	616.0
	0.23763110181421787	SEQC	bootstrap	617.0
	0.17100886757295086	SEQC	bootstrap	618.0
	0.14197003916005269	SEQC	bootstrap	619.0
	0.3425918000396022	SEQC	bootstrap	620.0
	0.4856278779808667	SEQC	bootstrap	621.0
	0.13916001817917678	SEQC	bootstrap	622.0
	0.3327693556882503	SEQC	bootstrap	623.0
	0.3297396364404115	SEQC	bootstrap	624.0
	-0.08310646921112941	SEQC	bootstrap	625.0
	0.25696555370131424	SEQC	bootstrap	626.0
	0.2959302911385038	SEQC	bootstrap	627.0
	0.029731661451375402	SEQC	bootstrap	628.0
	0.26479080905378094	SEQC	bootstrap	629.0
	0.29306668227322685	SEQC	bootstrap	630.0
	0.24592681499536706	SEQC	bootstrap	631.0
	0.35194538495787153	SEQC	bootstrap	632.0
	0.30301998670879193	SEQC	bootstrap	633.0
	-0.06228374326227293	SEQC	bootstrap	634.0
	-0.09829023392051184	SEQC	bootstrap	635.0
	0.11331081172919877	SEQC	bootstrap	636.0
	0.5130512395843514	SEQC	bootstrap	637.0
	0.07072316422987601	SEQC	bootstrap	638.0
	0.3044001494081474	SEQC	bootstrap	639.0
	0.06745770588320354	SEQC	bootstrap	640.0
	0.13760005833474676	SEQC	bootstrap	641.0
	0.21311161540393275	SEQC	bootstrap	642.0
	0.3309040919523998	SEQC	bootstrap	643.0
	0.2939112868264431	SEQC	bootstrap	644.0
	0.040995761837220535	SEQC	bootstrap	645.0
	0.1964491748080608	SEQC	bootstrap	646.0
	0.1190929758540662	SEQC	bootstrap	647.0
	0.16049075491264553	SEQC	bootstrap	648.0
	0.0964874821114261	SEQC	bootstrap	649.0
	0.16260893289305844	SEQC	bootstrap	650.0
	-0.18159881871459405	SEQC	bootstrap	651.0
	0.07823787422771478	SEQC	bootstrap	652.0
	-0.1519426103708117	SEQC	bootstrap	653.0
	0.14959540827202034	SEQC	bootstrap	654.0
	0.15512830069924455	SEQC	bootstrap	655.0
	-0.17954757518476328	SEQC	bootstrap	656.0
	0.15857888465011793	SEQC	bootstrap	657.0
	-0.022054460347628257	SEQC	bootstrap	658.0
	0.23534891809572134	SEQC	bootstrap	659.0
	-0.009828910970549387	SEQC	bootstrap	660.0
	0.22990665869213522	SEQC	bootstrap	661.0
	0.1864337534554421	SEQC	bootstrap	662.0
	0.34532722665699556	SEQC	bootstrap	663.0
	0.43758035489390945	SEQC	bootstrap	664.0
	0.3330691122598486	SEQC	bootstrap	665.0
	0.03279375487626979	SEQC	bootstrap	666.0
	0.0726191869618873	SEQC	bootstrap	667.0
	0.2359923855587276	SEQC	bootstrap	668.0
	0.19614256595718427	SEQC	bootstrap	669.0
	0.4313311294633104	SEQC	bootstrap	670.0
	0.2936248085108675	SEQC	bootstrap	671.0
	-0.05397594413658702	SEQC	bootstrap	672.0
	0.04779939199249039	SEQC	bootstrap	673.0
	0.18226390179778207	SEQC	bootstrap	674.0
	0.20754914933580704	SEQC	bootstrap	675.0
	0.16092789177624756	SEQC	bootstrap	676.0
	0.1934416304034281	SEQC	bootstrap	677.0
	0.15874994351930116	SEQC	bootstrap	678.0
	-0.0035973445788410885	SEQC	bootstrap	679.0
	0.1399539601168316	SEQC	bootstrap	680.0
	0.3595391309480638	SEQC	bootstrap	681.0
	-0.0277770900752472	SEQC	bootstrap	682.0
	0.1537665304324607	SEQC	bootstrap	683.0
	0.02664062545083823	SEQC	bootstrap	684.0
	0.2980250654791696	SEQC	bootstrap	685.0
	0.30735450645935014	SEQC	bootstrap	686.0
	0.10001022610237786	SEQC	bootstrap	687.0
	0.254782733962192	SEQC	bootstrap	688.0
	0.1487201473714581	SEQC	bootstrap	689.0
	0.10289043384899355	SEQC	bootstrap	690.0
	0.15474534823683417	SEQC	bootstrap	691.0
	0.07193148961615581	SEQC	bootstrap	692.0
	0.06022944708517297	SEQC	bootstrap	693.0
	0.08942014236769502	SEQC	bootstrap	694.0
	0.2266412554710806	SEQC	bootstrap	695.0
	0.34792706279520047	SEQC	bootstrap	696.0
	0.1960338403512747	SEQC	bootstrap	697.0
	-0.02991479459998203	SEQC	bootstrap	698.0
	0.1336133894766487	SEQC	bootstrap	699.0
	0.004925904900686895	SEQC	bootstrap	700.0
	0.07159188584926746	SEQC	bootstrap	701.0
	0.17996416469442877	SEQC	bootstrap	702.0
	-0.013053585901787734	SEQC	bootstrap	703.0
	0.16518461427257947	SEQC	bootstrap	704.0
	0.2657855850564754	SEQC	bootstrap	705.0
	0.021452435479963228	SEQC	bootstrap	706.0
	0.039706266923209554	SEQC	bootstrap	707.0
	0.3083596921210976	SEQC	bootstrap	708.0
	0.17057945599161428	SEQC	bootstrap	709.0
	0.4118061078098352	SEQC	bootstrap	710.0
	0.3295884538415539	SEQC	bootstrap	711.0
	0.11291371970587427	SEQC	bootstrap	712.0
	0.0970315027359705	SEQC	bootstrap	713.0
	0.10233997205532486	SEQC	bootstrap	714.0
	0.24565257744292435	SEQC	bootstrap	715.0
	-0.018412188087908454	SEQC	bootstrap	716.0
	0.43379014069425814	SEQC	bootstrap	717.0
	0.3692915851680647	SEQC	bootstrap	718.0
	0.29708424240970555	SEQC	bootstrap	719.0
	0.13311443879016505	SEQC	bootstrap	720.0
	0.3016536197372526	SEQC	bootstrap	721.0
	0.05639944949204967	SEQC	bootstrap	722.0
	0.18130261761300837	SEQC	bootstrap	723.0
	0.055453595151215396	SEQC	bootstrap	724.0
	-0.025731768603117544	SEQC	bootstrap	725.0
	-0.12321623488610456	SEQC	bootstrap	726.0
	-0.09839870774857662	SEQC	bootstrap	727.0
	0.1590181374454156	SEQC	bootstrap	728.0
	0.24430735016566096	SEQC	bootstrap	729.0
	0.06666550845840646	SEQC	bootstrap	730.0
	0.13388230715105198	SEQC	bootstrap	731.0
	0.07903241463979338	SEQC	bootstrap	732.0
	-0.05389856025358952	SEQC	bootstrap	733.0
	0.078279622431074	SEQC	bootstrap	734.0
	0.08947289556954718	SEQC	bootstrap	735.0
	0.5195185816747276	SEQC	bootstrap	736.0
	0.29491730081968726	SEQC	bootstrap	737.0
	-0.06160491032501003	SEQC	bootstrap	738.0
	0.2157515653741804	SEQC	bootstrap	739.0
	0.08465789297638882	SEQC	bootstrap	740.0
	0.29923410732719624	SEQC	bootstrap	741.0
	-0.19205669573057005	SEQC	bootstrap	742.0
	0.11273220320095145	SEQC	bootstrap	743.0
	0.12709416438236154	SEQC	bootstrap	744.0
	0.21433070831650625	SEQC	bootstrap	745.0
	0.051235237201747275	SEQC	bootstrap	746.0
	0.19220638244220822	SEQC	bootstrap	747.0
	0.17250109834230365	SEQC	bootstrap	748.0
	0.17885942334467497	SEQC	bootstrap	749.0
	0.01514844169921048	SEQC	bootstrap	750.0
	-0.2897781778015025	SEQC	bootstrap	751.0
	0.09524205929813423	SEQC	bootstrap	752.0
	0.06067984340540011	SEQC	bootstrap	753.0
	0.7775827694663642	SEQC	bootstrap	754.0
	0.2908699692112853	SEQC	bootstrap	755.0
	-0.007330496153731048	SEQC	bootstrap	756.0
	-0.060495163723870427	SEQC	bootstrap	757.0
	0.012641277079165292	SEQC	bootstrap	758.0
	0.3838183194806586	SEQC	bootstrap	759.0
	-0.045125765416802466	SEQC	bootstrap	760.0
	0.06462768915613815	SEQC	bootstrap	761.0
	0.07413166322897702	SEQC	bootstrap	762.0
	0.1485086103381139	SEQC	bootstrap	763.0
	0.07126514682102503	SEQC	bootstrap	764.0
	0.011301811952391105	SEQC	bootstrap	765.0
	0.1318736350917904	SEQC	bootstrap	766.0
	0.45919043647828595	SEQC	bootstrap	767.0
	-0.042608785280417116	SEQC	bootstrap	768.0
	0.05509373474358892	SEQC	bootstrap	769.0
	0.09604866181285843	SEQC	bootstrap	770.0
	0.2601241434845747	SEQC	bootstrap	771.0
	0.14386179388173215	SEQC	bootstrap	772.0
	0.36528281032983845	SEQC	bootstrap	773.0
	-0.07244997395206898	SEQC	bootstrap	774.0
	0.12100352704975137	SEQC	bootstrap	775.0
	0.21752214511807377	SEQC	bootstrap	776.0
	0.23997618928827258	SEQC	bootstrap	777.0
	0.02435635802649916	SEQC	bootstrap	778.0
	0.4226126251418201	SEQC	bootstrap	779.0
	-0.07475413973991607	SEQC	bootstrap	780.0
	0.15701413720005597	SEQC	bootstrap	781.0
	0.13888101344979553	SEQC	bootstrap	782.0
	0.18555731973162715	SEQC	bootstrap	783.0
	0.27113025375996447	SEQC	bootstrap	784.0
	-0.046784806471888984	SEQC	bootstrap	785.0
	0.1591740281670484	SEQC	bootstrap	786.0
	-0.03519696746789602	SEQC	bootstrap	787.0
	-0.0915055132510485	SEQC	bootstrap	788.0
	0.2884434196882779	SEQC	bootstrap	789.0
	0.35046844404317934	SEQC	bootstrap	790.0
	0.23371404697754983	SEQC	bootstrap	791.0
	0.1118203690165096	SEQC	bootstrap	792.0
	0.3729131080880226	SEQC	bootstrap	793.0
	0.33956757641541024	SEQC	bootstrap	794.0
	-0.03496113985346749	SEQC	bootstrap	795.0
	0.09994869525659311	SEQC	bootstrap	796.0
	0.07572565953980703	SEQC	bootstrap	797.0
	0.16301705582914128	SEQC	bootstrap	798.0
	0.2544603836638144	SEQC	bootstrap	799.0
	-0.09947713916439227	SEQC	bootstrap	800.0
	0.2821433308319907	SEQC	bootstrap	801.0
	0.5504879745010589	SEQC	bootstrap	802.0
	0.28634524915909054	SEQC	bootstrap	803.0
	0.37751146494760945	SEQC	bootstrap	804.0
	0.2392662163727275	SEQC	bootstrap	805.0
	0.1680130239078883	SEQC	bootstrap	806.0
	0.27758911591713264	SEQC	bootstrap	807.0
	0.25572963881840405	SEQC	bootstrap	808.0
	0.18121200840494378	SEQC	bootstrap	809.0
	0.351891402209664	SEQC	bootstrap	810.0
	0.32388583605342625	SEQC	bootstrap	811.0
	0.12145954722895969	SEQC	bootstrap	812.0
	0.2273822306692539	SEQC	bootstrap	813.0
	0.2018622082422281	SEQC	bootstrap	814.0
	0.23435698511566816	SEQC	bootstrap	815.0
	0.07540701338805977	SEQC	bootstrap	816.0
	0.2744680247891971	SEQC	bootstrap	817.0
	-0.17248921706650133	SEQC	bootstrap	818.0
	-0.07937796018497156	SEQC	bootstrap	819.0
	0.2562782441362943	SEQC	bootstrap	820.0
	0.10483194400955842	SEQC	bootstrap	821.0
	-0.035227795647434945	SEQC	bootstrap	822.0
	0.22879371129905568	SEQC	bootstrap	823.0
	0.2236799187969556	SEQC	bootstrap	824.0
	0.29647221403272006	SEQC	bootstrap	825.0
	0.3714222793370885	SEQC	bootstrap	826.0
	0.2715774582380721	SEQC	bootstrap	827.0
	0.26130052926412617	SEQC	bootstrap	828.0
	0.3532542198639943	SEQC	bootstrap	829.0
	0.27358510319020724	SEQC	bootstrap	830.0
	-0.03722862594631415	SEQC	bootstrap	831.0
	0.23693275897992194	SEQC	bootstrap	832.0
	0.2103431281255057	SEQC	bootstrap	833.0
	0.07694313827299304	SEQC	bootstrap	834.0
	0.19693694926001282	SEQC	bootstrap	835.0
	0.19259782173141904	SEQC	bootstrap	836.0
	0.47107421594335186	SEQC	bootstrap	837.0
	0.3022386967649551	SEQC	bootstrap	838.0
	0.17481191885014358	SEQC	bootstrap	839.0
	0.08661204556706537	SEQC	bootstrap	840.0
	0.4282039106780893	SEQC	bootstrap	841.0
	0.4656942785058078	SEQC	bootstrap	842.0
	0.19741023921979295	SEQC	bootstrap	843.0
	0.3169715554868393	SEQC	bootstrap	844.0
	0.22406632682167515	SEQC	bootstrap	845.0
	0.23974828251436797	SEQC	bootstrap	846.0
	0.3808231561730553	SEQC	bootstrap	847.0
	0.27765983182112475	SEQC	bootstrap	848.0
	0.13840595493226537	SEQC	bootstrap	849.0
	0.11990021102026027	SEQC	bootstrap	850.0
	0.2817651695837027	SEQC	bootstrap	851.0
	0.32886711879925645	SEQC	bootstrap	852.0
	0.11527135655579279	SEQC	bootstrap	853.0
	0.1380001015908956	SEQC	bootstrap	854.0
	0.17387258135189043	SEQC	bootstrap	855.0
	0.40219616825548865	SEQC	bootstrap	856.0
	0.05233559933066356	SEQC	bootstrap	857.0
	0.1733385073692828	SEQC	bootstrap	858.0
	0.1478560934690174	SEQC	bootstrap	859.0
	0.22800948899393614	SEQC	bootstrap	860.0
	0.3190542096700151	SEQC	bootstrap	861.0
	0.5519429413128396	SEQC	bootstrap	862.0
	0.04677186171173009	SEQC	bootstrap	863.0
	0.1864681376611772	SEQC	bootstrap	864.0
	0.1905764572781159	SEQC	bootstrap	865.0
	0.1530578932867943	SEQC	bootstrap	866.0
	0.26718852560725814	SEQC	bootstrap	867.0
	0.43753542623120634	SEQC	bootstrap	868.0
	0.2885301455868161	SEQC	bootstrap	869.0
	0.31183585806316483	SEQC	bootstrap	870.0
	0.1890548224690427	SEQC	bootstrap	871.0
	-0.15676280314380264	SEQC	bootstrap	872.0
	0.10880153490452837	SEQC	bootstrap	873.0
	0.08654713041622575	SEQC	bootstrap	874.0
	0.3926935796706257	SEQC	bootstrap	875.0
	0.10329993260613879	SEQC	bootstrap	876.0
	-0.055775624579674776	SEQC	bootstrap	877.0
	0.12675502593019417	SEQC	bootstrap	878.0
	0.36272580757025175	SEQC	bootstrap	879.0
	0.045389200542075514	SEQC	bootstrap	880.0
	0.4499933706219368	SEQC	bootstrap	881.0
	0.07842785678795128	SEQC	bootstrap	882.0
	0.2587119938797988	SEQC	bootstrap	883.0
	0.20173504319302982	SEQC	bootstrap	884.0
	0.2612560208804444	SEQC	bootstrap	885.0
	-0.05181367518790214	SEQC	bootstrap	886.0
	0.2235398705099838	SEQC	bootstrap	887.0
	0.32743220489672	SEQC	bootstrap	888.0
	0.06880644893018673	SEQC	bootstrap	889.0
	0.40182415231242175	SEQC	bootstrap	890.0
	0.24762707579977228	SEQC	bootstrap	891.0
	0.07599402959159995	SEQC	bootstrap	892.0
	0.1649775871093171	SEQC	bootstrap	893.0
	0.18454846132797176	SEQC	bootstrap	894.0
	0.01731401608335492	SEQC	bootstrap	895.0
	0.29756541012657767	SEQC	bootstrap	896.0
	0.23542710940078937	SEQC	bootstrap	897.0
	0.052720045465895815	SEQC	bootstrap	898.0
	0.013789500615024153	SEQC	bootstrap	899.0
	-0.10356089904431176	SEQC	bootstrap	900.0
	0.33312374147232493	SEQC	bootstrap	901.0
	0.17328075604618842	SEQC	bootstrap	902.0
	0.22174228860862666	SEQC	bootstrap	903.0
	0.06146730656484589	SEQC	bootstrap	904.0
	0.2373361595209591	SEQC	bootstrap	905.0
	0.35109547200796865	SEQC	bootstrap	906.0
	0.27314288447055013	SEQC	bootstrap	907.0
	0.12177026909300448	SEQC	bootstrap	908.0
	0.12216977468510049	SEQC	bootstrap	909.0
	0.1706192521252179	SEQC	bootstrap	910.0
	0.03800096612032	SEQC	bootstrap	911.0
	-0.10863637101975154	SEQC	bootstrap	912.0
	-0.013619139251824564	SEQC	bootstrap	913.0
	0.5080912786278224	SEQC	bootstrap	914.0
	0.1976753875296673	SEQC	bootstrap	915.0
	0.32651761244319744	SEQC	bootstrap	916.0
	0.4741573503826464	SEQC	bootstrap	917.0
	0.31227342139954306	SEQC	bootstrap	918.0
	-0.04526570458798229	SEQC	bootstrap	919.0
	0.3319510434645325	SEQC	bootstrap	920.0
	-0.00234632981873073	SEQC	bootstrap	921.0
	0.2221942522515592	SEQC	bootstrap	922.0
	0.273322701603254	SEQC	bootstrap	923.0
	-0.1097782698750489	SEQC	bootstrap	924.0
	0.06813684811518161	SEQC	bootstrap	925.0
	-0.1264251765072144	SEQC	bootstrap	926.0
	0.13388907803220196	SEQC	bootstrap	927.0
	-0.06406367024893189	SEQC	bootstrap	928.0
	0.22447910497435508	SEQC	bootstrap	929.0
	0.1619115149747925	SEQC	bootstrap	930.0
	0.04638574466984924	SEQC	bootstrap	931.0
	0.2631974443400811	SEQC	bootstrap	932.0
	0.12058184654762893	SEQC	bootstrap	933.0
	0.17879474675282925	SEQC	bootstrap	934.0
	0.0058331094071357725	SEQC	bootstrap	935.0
	0.14160403485113893	SEQC	bootstrap	936.0
	0.08015245436827989	SEQC	bootstrap	937.0
	0.15538493974515077	SEQC	bootstrap	938.0
	0.23096474694011793	SEQC	bootstrap	939.0
	0.006961518800742361	SEQC	bootstrap	940.0
	0.04823574487587212	SEQC	bootstrap	941.0
	0.5002084969170193	SEQC	bootstrap	942.0
	0.03401212439555046	SEQC	bootstrap	943.0
	-0.10784950994486131	SEQC	bootstrap	944.0
	0.016097333163625827	SEQC	bootstrap	945.0
	0.29180952767297086	SEQC	bootstrap	946.0
	0.20000172242980696	SEQC	bootstrap	947.0
	0.2198586314136879	SEQC	bootstrap	948.0
	0.3632222607656628	SEQC	bootstrap	949.0
	0.3033795007902187	SEQC	bootstrap	950.0
	0.18896867776356796	SEQC	bootstrap	951.0
	0.4477346280946337	SEQC	bootstrap	952.0
	0.21141256214628434	SEQC	bootstrap	953.0
	-0.22174032824824152	SEQC	bootstrap	954.0
	0.06169562370908466	SEQC	bootstrap	955.0
	0.4314568905518721	SEQC	bootstrap	956.0
	0.1920398528214724	SEQC	bootstrap	957.0
	0.2061716233544475	SEQC	bootstrap	958.0
	0.06777845041792752	SEQC	bootstrap	959.0
	0.09805647898854808	SEQC	bootstrap	960.0
	0.36818459137492976	SEQC	bootstrap	961.0
	0.001965788193764695	SEQC	bootstrap	962.0
	0.3539703077899672	SEQC	bootstrap	963.0
	0.4497387658343994	SEQC	bootstrap	964.0
	0.226087966258544	SEQC	bootstrap	965.0
	0.31166118778066476	SEQC	bootstrap	966.0
	0.20199081169001065	SEQC	bootstrap	967.0
	0.22703806696025453	SEQC	bootstrap	968.0
	0.33341492738409784	SEQC	bootstrap	969.0
	0.08838457787872578	SEQC	bootstrap	970.0
	0.18852684394086427	SEQC	bootstrap	971.0
	0.1288404582353211	SEQC	bootstrap	972.0
	-0.04853466587756028	SEQC	bootstrap	973.0
	0.0041356867605042424	SEQC	bootstrap	974.0
	0.23406174143868963	SEQC	bootstrap	975.0
	-0.11365435213628317	SEQC	bootstrap	976.0
	0.3015130830893593	SEQC	bootstrap	977.0
	0.28292583166106944	SEQC	bootstrap	978.0
	-0.017296040074421093	SEQC	bootstrap	979.0
	0.23928547371858233	SEQC	bootstrap	980.0
	-0.05395701802706654	SEQC	bootstrap	981.0
	0.04421346124252157	SEQC	bootstrap	982.0
	0.019325158834476497	SEQC	bootstrap	983.0
	0.19827286492994922	SEQC	bootstrap	984.0
	0.11790068835647549	SEQC	bootstrap	985.0
	0.24576829090501562	SEQC	bootstrap	986.0
	0.3168331585112112	SEQC	bootstrap	987.0
	-0.006544798013648823	SEQC	bootstrap	988.0
	0.008332095292756136	SEQC	bootstrap	989.0
	0.12431347745507093	SEQC	bootstrap	990.0
	0.22723392121744634	SEQC	bootstrap	991.0
	0.3262464015631066	SEQC	bootstrap	992.0
	-0.058080755598754585	SEQC	bootstrap	993.0
	0.20031518665727432	SEQC	bootstrap	994.0
	-0.14671666904745173	SEQC	bootstrap	995.0
	0.2270533675761799	SEQC	bootstrap	996.0
	0.2654654762278694	SEQC	bootstrap	997.0
	0.09379416241570215	SEQC	bootstrap	998.0
	0.2493121660885098	SEQC	bootstrap	999.0
	0.45698747014759533	SEQC	bootstrap	1000.0
	0.29536678728007715	SEQC	bootstrap	1001.0
	0.2337188612220249	SEQC	bootstrap	1002.0
	0.043872536378104954	SEQC	bootstrap	1003.0
	-0.0705539706812024	SEQC	bootstrap	1004.0
	0.28187842869835933	SEQC	bootstrap	1005.0
	0.29891400895092257	SEQC	bootstrap	1006.0
	0.147977538850963	SEQC	bootstrap	1007.0
	0.24883389564836378	SEQC	bootstrap	1008.0
	0.24622744952656994	SEQC	bootstrap	1009.0
	0.022495710516801992	SEQC	bootstrap	1010.0
	0.024298804532882023	SEQC	bootstrap	1011.0
	0.019651168142518216	SEQC	bootstrap	1012.0
	0.3714161718531459	SEQC	bootstrap	1013.0
	0.14461304894711713	SEQC	bootstrap	1014.0
	0.36203748202338293	SEQC	bootstrap	1015.0
	0.0899891831237909	SEQC	bootstrap	1016.0
	0.01779734991641302	SEQC	bootstrap	1017.0
	0.23456250373263643	SEQC	bootstrap	1018.0
	0.1693010052917323	SEQC	bootstrap	1019.0
	0.3401766904079606	SEQC	bootstrap	1020.0
	-0.09446606820915981	SEQC	bootstrap	1021.0
	0.20454830249264067	SEQC	bootstrap	1022.0
	0.14627660377856344	SEQC	bootstrap	1023.0
	0.40469658174294043	SEQC	bootstrap	1024.0
	0.16793285660358404	SEQC	bootstrap	1025.0
	0.2672264762614569	SEQC	bootstrap	1026.0
	0.2587864422869748	SEQC	bootstrap	1027.0
	0.05547759705040267	SEQC	bootstrap	1028.0
	0.7208234413629322	SEQC	bootstrap	1029.0
	0.3150423008717107	SEQC	bootstrap	1030.0
	0.27416714138647436	SEQC	bootstrap	1031.0
	0.0799213918791839	SEQC	bootstrap	1032.0
	0.041357367494245345	SEQC	bootstrap	1033.0
	0.24743057744596797	SEQC	bootstrap	1034.0
	0.3438293825826122	SEQC	bootstrap	1035.0
	0.10108227039349416	SEQC	bootstrap	1036.0
	0.28790421647307873	SEQC	bootstrap	1037.0
	0.08354910804552684	SEQC	bootstrap	1038.0
	0.15635384649689144	SEQC	bootstrap	1039.0
	0.1967796461391087	SEQC	bootstrap	1040.0
	0.2998636473858154	SEQC	bootstrap	1041.0
	0.17139203131433245	SEQC	bootstrap	1042.0
	0.1404847692554636	SEQC	bootstrap	1043.0
	0.0959771520437922	SEQC	bootstrap	1044.0
	0.43807041376654965	SEQC	bootstrap	1045.0
	0.11490036405790782	SEQC	bootstrap	1046.0
	0.171473794433731	SEQC	bootstrap	1047.0
	0.004084517216349504	SEQC	bootstrap	1048.0
	0.4637211098271452	SEQC	bootstrap	1049.0
	0.04453824833946829	SEQC	bootstrap	1050.0
	0.10402842998918338	SEQC	bootstrap	1051.0
	-0.06192477873288649	SEQC	bootstrap	1052.0
	0.22270159864683858	SEQC	bootstrap	1053.0
	0.1099804888214484	SEQC	bootstrap	1054.0
	0.5328867534647292	SEQC	bootstrap	1055.0
	0.2680113798713206	SEQC	bootstrap	1056.0
	-0.16972908409088294	SEQC	bootstrap	1057.0
	0.056454744374593524	SEQC	bootstrap	1058.0
	0.2803982653191932	SEQC	bootstrap	1059.0
	0.2766350969129885	SEQC	bootstrap	1060.0
	0.059594471966892826	SEQC	bootstrap	1061.0
	0.007282275043207775	SEQC	bootstrap	1062.0
	0.18552458888566825	SEQC	bootstrap	1063.0
	0.06570271798895	SEQC	bootstrap	1064.0
	0.49249627257515183	SEQC	bootstrap	1065.0
	0.13033630473560898	SEQC	bootstrap	1066.0
	0.36140258487884935	SEQC	bootstrap	1067.0
	-0.09019883103182647	SEQC	bootstrap	1068.0
	0.0003653956077362963	SEQC	bootstrap	1069.0
	0.2699928023136291	SEQC	bootstrap	1070.0
	0.10386175974806733	SEQC	bootstrap	1071.0
	0.09638302794593567	SEQC	bootstrap	1072.0
	0.22833238798490285	SEQC	bootstrap	1073.0
	0.0716345725551486	SEQC	bootstrap	1074.0
	0.4012878216903033	SEQC	bootstrap	1075.0
	0.37496868252589355	SEQC	bootstrap	1076.0
	-0.11236386942705057	SEQC	bootstrap	1077.0
	0.296289532768931	SEQC	bootstrap	1078.0
	0.07515452587700455	SEQC	bootstrap	1079.0
	0.22901148698233875	SEQC	bootstrap	1080.0
	-0.1685748684619215	SEQC	bootstrap	1081.0
	0.12503795051839894	SEQC	bootstrap	1082.0
	0.21038842208453268	SEQC	bootstrap	1083.0
	0.2962186197820946	SEQC	bootstrap	1084.0
	0.20947276930116487	SEQC	bootstrap	1085.0
	0.13744185304225187	SEQC	bootstrap	1086.0
	0.02824715687577317	SEQC	bootstrap	1087.0
	0.09445032381781004	SEQC	bootstrap	1088.0
	0.026359418994577943	SEQC	bootstrap	1089.0
	0.22667657765006322	SEQC	bootstrap	1090.0
	0.23206738072548205	SEQC	bootstrap	1091.0
	0.32943510604279425	SEQC	bootstrap	1092.0
	0.2910049716821854	SEQC	bootstrap	1093.0
	0.1921129956189036	SEQC	bootstrap	1094.0
	0.28839415410227076	SEQC	bootstrap	1095.0
	0.18882512708721322	SEQC	bootstrap	1096.0
	0.3872777411663444	SEQC	bootstrap	1097.0
	0.11872880946098974	SEQC	bootstrap	1098.0
	0.07218089907529723	SEQC	bootstrap	1099.0
	0.36423044386553993	SEQC	bootstrap	1100.0
	0.038651202575016974	SEQC	bootstrap	1101.0
	0.27498363345936916	SEQC	bootstrap	1102.0
	0.0273593435337256	SEQC	bootstrap	1103.0
	0.5026136759043185	SEQC	bootstrap	1104.0
	0.28238467229837116	SEQC	bootstrap	1105.0
	0.16368881866014284	SEQC	bootstrap	1106.0
	0.1302511851449797	SEQC	bootstrap	1107.0
	0.021379873678607275	SEQC	bootstrap	1108.0
	0.22588330366619047	SEQC	bootstrap	1109.0
	0.2531511148458181	SEQC	bootstrap	1110.0
	0.1841951203544392	SEQC	bootstrap	1111.0
	0.3764442440042437	SEQC	bootstrap	1112.0
	0.12992481594302063	SEQC	bootstrap	1113.0
	0.2890352251345041	SEQC	bootstrap	1114.0
	0.46330731001203684	SEQC	bootstrap	1115.0
	0.2144943300892539	SEQC	bootstrap	1116.0
	0.07825545724507954	SEQC	bootstrap	1117.0
	0.09961500828384473	SEQC	bootstrap	1118.0
	0.04881851471286058	SEQC	bootstrap	1119.0
	0.0677270182184797	SEQC	bootstrap	1120.0
	0.395835535780634	SEQC	bootstrap	1121.0
	0.1372515889473096	SEQC	bootstrap	1122.0
	0.07935065158976862	SEQC	bootstrap	1123.0
	0.19143470931382112	SEQC	bootstrap	1124.0
	0.4353066934591583	SEQC	bootstrap	1125.0
	0.06889511429086603	SEQC	bootstrap	1126.0
	-0.04476967419265865	SEQC	bootstrap	1127.0
	0.16399183359420455	SEQC	bootstrap	1128.0
	0.055670873309049185	SEQC	bootstrap	1129.0
	0.2259646239733053	SEQC	bootstrap	1130.0
	0.4597971054290291	SEQC	bootstrap	1131.0
	0.34582907334186785	SEQC	bootstrap	1132.0
	-0.09096345937122141	SEQC	bootstrap	1133.0
	-0.04725223743062479	SEQC	bootstrap	1134.0
	0.32793268329746716	SEQC	bootstrap	1135.0
	-0.06759883363983565	SEQC	bootstrap	1136.0
	0.315966785350585	SEQC	bootstrap	1137.0
	0.23153225883872341	SEQC	bootstrap	1138.0
	-0.20024068640800863	SEQC	bootstrap	1139.0
	0.21606561897281473	SEQC	bootstrap	1140.0
	0.13276347424993062	SEQC	bootstrap	1141.0
	0.23925855334117507	SEQC	bootstrap	1142.0
	0.1043303899892436	SEQC	bootstrap	1143.0
	0.1740737425511476	SEQC	bootstrap	1144.0
	0.22940074533594146	SEQC	bootstrap	1145.0
	0.043992620721400755	SEQC	bootstrap	1146.0
	0.1710368665669666	SEQC	bootstrap	1147.0
	0.34571123781083735	SEQC	bootstrap	1148.0
	-0.010833437168789928	SEQC	bootstrap	1149.0
	0.09775952835845914	SEQC	bootstrap	1150.0
	0.11148405002965323	SEQC	bootstrap	1151.0
	0.09046330567165217	SEQC	bootstrap	1152.0
	0.36569156439961326	SEQC	bootstrap	1153.0
	0.21923835823844673	SEQC	bootstrap	1154.0
	0.005019341687405365	SEQC	bootstrap	1155.0
	0.09990319148417992	SEQC	bootstrap	1156.0
	-0.034809846958778756	SEQC	bootstrap	1157.0
	0.480418100843492	SEQC	bootstrap	1158.0
	0.2631988952580766	SEQC	bootstrap	1159.0
	0.26409230875629763	SEQC	bootstrap	1160.0
	0.17052408382403428	SEQC	bootstrap	1161.0
	0.10349888751686898	SEQC	bootstrap	1162.0
	-0.21525403785623887	SEQC	bootstrap	1163.0
	0.1258151863642114	SEQC	bootstrap	1164.0
	0.13215024878590587	SEQC	bootstrap	1165.0
	-0.25830425876460517	SEQC	bootstrap	1166.0
	0.35653617243768654	SEQC	bootstrap	1167.0
	0.44230887404530694	SEQC	bootstrap	1168.0
	0.1225868832201007	SEQC	bootstrap	1169.0
	0.364392615367926	SEQC	bootstrap	1170.0
	0.360648513237841	SEQC	bootstrap	1171.0
	0.00024125133844687952	SEQC	bootstrap	1172.0
	0.12059618137416361	SEQC	bootstrap	1173.0
	-0.19806090410727162	SEQC	bootstrap	1174.0
	0.4069089511485524	SEQC	bootstrap	1175.0
	0.16299496553009973	SEQC	bootstrap	1176.0
	-0.33564421596418015	SEQC	bootstrap	1177.0
	0.46910232357155746	SEQC	bootstrap	1178.0
	0.10476771875346902	SEQC	bootstrap	1179.0
	0.2737066096809109	SEQC	bootstrap	1180.0
	0.40439357174888446	SEQC	bootstrap	1181.0
	0.3308000196081089	SEQC	bootstrap	1182.0
	-0.12143947195099258	SEQC	bootstrap	1183.0
	0.21974969106296882	SEQC	bootstrap	1184.0
	0.1745932478972554	SEQC	bootstrap	1185.0
	0.10886644628222797	SEQC	bootstrap	1186.0
	0.010419673921139072	SEQC	bootstrap	1187.0
	0.1487013926019216	SEQC	bootstrap	1188.0
	0.4778615648132485	SEQC	bootstrap	1189.0
	0.024109982568949917	SEQC	bootstrap	1190.0
	0.42438187520990756	SEQC	bootstrap	1191.0
	-0.025927093350879282	SEQC	bootstrap	1192.0
	-0.06366525810522372	SEQC	bootstrap	1193.0
	0.4533752954851238	SEQC	bootstrap	1194.0
	0.15696162893596277	SEQC	bootstrap	1195.0
	0.17110201133857483	SEQC	bootstrap	1196.0
	0.20415451545525798	SEQC	bootstrap	1197.0
	0.03335658664726093	SEQC	bootstrap	1198.0
	0.05002886598194145	SEQC	bootstrap	1199.0
	0.5095685884292322	SEQC	bootstrap	1200.0
	0.18247790409595321	SEQC	bootstrap	1201.0
	0.292588707648326	SEQC	bootstrap	1202.0
	0.06002412314981509	SEQC	bootstrap	1203.0
	0.40916662099403034	SEQC	bootstrap	1204.0
	0.32968520053791206	SEQC	bootstrap	1205.0
	0.265572214099576	SEQC	bootstrap	1206.0
	0.0908837628304191	SEQC	bootstrap	1207.0
	0.39288265084368046	SEQC	bootstrap	1208.0
	0.1916177917135098	SEQC	bootstrap	1209.0
	0.4438509322094637	SEQC	bootstrap	1210.0
	0.13585547628617878	SEQC	bootstrap	1211.0
	-0.047797625731733184	SEQC	bootstrap	1212.0
	0.1703751614279847	SEQC	bootstrap	1213.0
	0.1542475795065963	SEQC	bootstrap	1214.0
	-0.24954764439264832	SEQC	bootstrap	1215.0
	0.11825292255854869	SEQC	bootstrap	1216.0
	0.24001018877447056	SEQC	bootstrap	1217.0
	0.35983316443060076	SEQC	bootstrap	1218.0
	-0.01533317065116968	SEQC	bootstrap	1219.0
	0.34028911399244066	SEQC	bootstrap	1220.0
	0.09792665302058357	SEQC	bootstrap	1221.0
	0.1727935146531827	SEQC	bootstrap	1222.0
	0.054936691461240805	SEQC	bootstrap	1223.0
	0.16043765472887017	SEQC	bootstrap	1224.0
	0.08525849197431423	SEQC	bootstrap	1225.0
	0.01008898286221438	SEQC	bootstrap	1226.0
	0.16404193181994575	SEQC	bootstrap	1227.0
	0.20043204568036455	SEQC	bootstrap	1228.0
	0.3568735891004282	SEQC	bootstrap	1229.0
	0.3049556698234088	SEQC	bootstrap	1230.0
	0.1021928842992148	SEQC	bootstrap	1231.0
	0.4226164110409458	SEQC	bootstrap	1232.0
	0.18545770520849914	SEQC	bootstrap	1233.0
	0.13050515443388466	SEQC	bootstrap	1234.0
	0.2973401665667268	SEQC	bootstrap	1235.0
	0.030510400074831523	SEQC	bootstrap	1236.0
	0.11876686246977552	SEQC	bootstrap	1237.0
	0.38122714081862075	SEQC	bootstrap	1238.0
	0.010544285728755654	SEQC	bootstrap	1239.0
	0.11613405473370975	SEQC	bootstrap	1240.0
	0.0888396662378792	SEQC	bootstrap	1241.0
	0.4469386400485815	SEQC	bootstrap	1242.0
	0.19488484040107856	SEQC	bootstrap	1243.0
	0.0499579558337242	SEQC	bootstrap	1244.0
	0.13792129332398506	SEQC	bootstrap	1245.0
	0.20788730475581207	SEQC	bootstrap	1246.0
	0.16298093521486123	SEQC	bootstrap	1247.0
	0.3064672988390216	SEQC	bootstrap	1248.0
	0.31400565749270193	SEQC	bootstrap	1249.0
	0.15031584505545137	SEQC	bootstrap	1250.0
	0.2398828514343938	SEQC	bootstrap	1251.0
	0.16902579826131525	SEQC	bootstrap	1252.0
	0.1514257184778991	SEQC	bootstrap	1253.0
	0.0989917751139826	SEQC	bootstrap	1254.0
	0.45675346050067844	SEQC	bootstrap	1255.0
	0.3325194430987164	SEQC	bootstrap	1256.0
	0.06355600960068486	SEQC	bootstrap	1257.0
	0.11382674160649842	SEQC	bootstrap	1258.0
	0.29326496407161073	SEQC	bootstrap	1259.0
	0.22964346354790433	SEQC	bootstrap	1260.0
	0.11558412575908417	SEQC	bootstrap	1261.0
	0.06465578480397216	SEQC	bootstrap	1262.0
	0.1937437331634282	SEQC	bootstrap	1263.0
	0.1771912536403617	SEQC	bootstrap	1264.0
	0.21776748727790007	SEQC	bootstrap	1265.0
	0.12191202430676285	SEQC	bootstrap	1266.0
	0.10702082173752903	SEQC	bootstrap	1267.0
	0.05774052674915442	SEQC	bootstrap	1268.0
	-0.013202695491121297	SEQC	bootstrap	1269.0
	0.1289706412557008	SEQC	bootstrap	1270.0
	0.03858653673607115	SEQC	bootstrap	1271.0
	-0.017033757391511806	SEQC	bootstrap	1272.0
	0.36046341547932403	SEQC	bootstrap	1273.0
	0.397353881407013	SEQC	bootstrap	1274.0
	0.34724554220426107	SEQC	bootstrap	1275.0
	-0.011712912171670808	SEQC	bootstrap	1276.0
	0.2690528381112971	SEQC	bootstrap	1277.0
	-0.25499619514734473	SEQC	bootstrap	1278.0
	0.26712988893619993	SEQC	bootstrap	1279.0
	0.2348796002118796	SEQC	bootstrap	1280.0
	-0.020733760238197618	SEQC	bootstrap	1281.0
	0.37869642821122795	SEQC	bootstrap	1282.0
	-0.10773981615787065	SEQC	bootstrap	1283.0
	0.1937915560497272	SEQC	bootstrap	1284.0
	0.16743980618174614	SEQC	bootstrap	1285.0
	0.11661597462997708	SEQC	bootstrap	1286.0
	0.10609776633001644	SEQC	bootstrap	1287.0
	0.21799633496992232	SEQC	bootstrap	1288.0
	-0.22052284842323822	SEQC	bootstrap	1289.0
	0.010459379256682055	SEQC	bootstrap	1290.0
	-0.02666045534256334	SEQC	bootstrap	1291.0
	0.019370670830749503	SEQC	bootstrap	1292.0
	0.3026842218690762	SEQC	bootstrap	1293.0
	0.05982182605890074	SEQC	bootstrap	1294.0
	0.401269741505069	SEQC	bootstrap	1295.0
	0.21351145944004557	SEQC	bootstrap	1296.0
	0.20574281443493359	SEQC	bootstrap	1297.0
	0.1259550351436225	SEQC	bootstrap	1298.0
	0.2555864899046796	SEQC	bootstrap	1299.0
	0.1899641124283038	SEQC	bootstrap	1300.0
	0.08785047582157457	SEQC	bootstrap	1301.0
	-0.03561130207825869	SEQC	bootstrap	1302.0
	0.15228845048636153	SEQC	bootstrap	1303.0
	0.25781862351328844	SEQC	bootstrap	1304.0
	0.05184148945728406	SEQC	bootstrap	1305.0
	0.20254877707927132	SEQC	bootstrap	1306.0
	0.28662921961599785	SEQC	bootstrap	1307.0
	0.07512671820721017	SEQC	bootstrap	1308.0
	0.1136717304480479	SEQC	bootstrap	1309.0
	-0.03686425281202865	SEQC	bootstrap	1310.0
	0.4463697846782635	SEQC	bootstrap	1311.0
	0.4433600815655483	SEQC	bootstrap	1312.0
	0.471408772190812	SEQC	bootstrap	1313.0
	0.31781157533895055	SEQC	bootstrap	1314.0
	0.10006176109032516	SEQC	bootstrap	1315.0
	0.3044502641195619	SEQC	bootstrap	1316.0
	-0.05571795613546193	SEQC	bootstrap	1317.0
	0.043003241370709766	SEQC	bootstrap	1318.0
	0.14387067485739102	SEQC	bootstrap	1319.0
	0.30148884787359176	SEQC	bootstrap	1320.0
	0.06499542708023931	SEQC	bootstrap	1321.0
	0.40280590698076146	SEQC	bootstrap	1322.0
	0.22458474036682308	SEQC	bootstrap	1323.0
	0.1455520150964853	SEQC	bootstrap	1324.0
	-0.05447489751495649	SEQC	bootstrap	1325.0
	-0.0920910913247015	SEQC	bootstrap	1326.0
	0.40971478814065065	SEQC	bootstrap	1327.0
	-0.014469546716648019	SEQC	bootstrap	1328.0
	-0.049811017176927486	SEQC	bootstrap	1329.0
	0.17033023622724208	SEQC	bootstrap	1330.0
	0.049458918881012615	SEQC	bootstrap	1331.0
	-0.0780977584071536	SEQC	bootstrap	1332.0
	-0.059930725038251254	SEQC	bootstrap	1333.0
	-0.11778994544239652	SEQC	bootstrap	1334.0
	0.3425160902092568	SEQC	bootstrap	1335.0
	0.042672352294848004	SEQC	bootstrap	1336.0
	0.3299710723908138	SEQC	bootstrap	1337.0
	-0.04165958273710402	SEQC	bootstrap	1338.0
	0.3132325582317499	SEQC	bootstrap	1339.0
	0.30343226480324326	SEQC	bootstrap	1340.0
	-0.040452876087653244	SEQC	bootstrap	1341.0
	0.4347969638632714	SEQC	bootstrap	1342.0
	0.2209681245081967	SEQC	bootstrap	1343.0
	-0.0537042485757544	SEQC	bootstrap	1344.0
	0.15299778781463225	SEQC	bootstrap	1345.0
	0.36904787455467236	SEQC	bootstrap	1346.0
	0.3565648260386318	SEQC	bootstrap	1347.0
	-0.11103708647687416	SEQC	bootstrap	1348.0
	-0.010944799134595229	SEQC	bootstrap	1349.0
	0.41090102441818477	SEQC	bootstrap	1350.0
	0.21695286290252902	SEQC	bootstrap	1351.0
	-0.2644454245208747	SEQC	bootstrap	1352.0
	0.18019531855388582	SEQC	bootstrap	1353.0
	-0.054098403615755686	SEQC	bootstrap	1354.0
	0.01496894771973789	SEQC	bootstrap	1355.0
	0.13779892530429283	SEQC	bootstrap	1356.0
	0.24527930877762838	SEQC	bootstrap	1357.0
	0.40437280926340424	SEQC	bootstrap	1358.0
	0.20381456915884044	SEQC	bootstrap	1359.0
	0.15717438061686728	SEQC	bootstrap	1360.0
	-0.08788483949982417	SEQC	bootstrap	1361.0
	0.39321456888153694	SEQC	bootstrap	1362.0
	0.05739192206535915	SEQC	bootstrap	1363.0
	0.21179036500156911	SEQC	bootstrap	1364.0
	0.1804692944619033	SEQC	bootstrap	1365.0
	0.3080090209371198	SEQC	bootstrap	1366.0
	0.24640604621364126	SEQC	bootstrap	1367.0
	0.10577838278619378	SEQC	bootstrap	1368.0
	0.29959009838596096	SEQC	bootstrap	1369.0
	0.16989763763696342	SEQC	bootstrap	1370.0
	0.051561399072557634	SEQC	bootstrap	1371.0
	0.04293565609027894	SEQC	bootstrap	1372.0
	0.1621150075852693	SEQC	bootstrap	1373.0
	0.09577745557428319	SEQC	bootstrap	1374.0
	0.2889066375565701	SEQC	bootstrap	1375.0
	0.2335619480683393	SEQC	bootstrap	1376.0
	0.21213037028703052	SEQC	bootstrap	1377.0
	0.37614031773955947	SEQC	bootstrap	1378.0
	0.5225030136092155	SEQC	bootstrap	1379.0
	0.11030969670634416	SEQC	bootstrap	1380.0
	0.4122508098421509	SEQC	bootstrap	1381.0
	0.1241894820822056	SEQC	bootstrap	1382.0
	0.25737392084787647	SEQC	bootstrap	1383.0
	0.031138685686082468	SEQC	bootstrap	1384.0
	0.23997381458679	SEQC	bootstrap	1385.0
	0.2479071533134567	SEQC	bootstrap	1386.0
	0.2950200144848196	SEQC	bootstrap	1387.0
	0.14219187259745336	SEQC	bootstrap	1388.0
	0.15364112827435505	SEQC	bootstrap	1389.0
	0.09426018074903286	SEQC	bootstrap	1390.0
	0.035890352544794446	SEQC	bootstrap	1391.0
	0.30548125534954274	SEQC	bootstrap	1392.0
	0.41294777749540756	SEQC	bootstrap	1393.0
	-0.007692439200972068	SEQC	bootstrap	1394.0
	0.24563199625656207	SEQC	bootstrap	1395.0
	0.06314982371268485	SEQC	bootstrap	1396.0
	0.179121704094527	SEQC	bootstrap	1397.0
	0.030462979994205774	SEQC	bootstrap	1398.0
	0.06900320194774334	SEQC	bootstrap	1399.0
	-0.018368401317642835	SEQC	bootstrap	1400.0
	0.05675930423500031	SEQC	bootstrap	1401.0
	-0.0400887931832381	SEQC	bootstrap	1402.0
	0.29083444772364153	SEQC	bootstrap	1403.0
	0.20888034267799416	SEQC	bootstrap	1404.0
	-0.05664805553962893	SEQC	bootstrap	1405.0
	0.17091389719538963	SEQC	bootstrap	1406.0
	0.24551547897802717	SEQC	bootstrap	1407.0
	0.21792380116706234	SEQC	bootstrap	1408.0
	0.10135888848912433	SEQC	bootstrap	1409.0
	0.06407750459575023	SEQC	bootstrap	1410.0
	0.13379160432891446	SEQC	bootstrap	1411.0
	0.02393635279776518	SEQC	bootstrap	1412.0
	-0.012975113818841422	SEQC	bootstrap	1413.0
	0.11621814166614719	SEQC	bootstrap	1414.0
	0.29304910762912506	SEQC	bootstrap	1415.0
	-0.014677897099019788	SEQC	bootstrap	1416.0
	0.29128384940634255	SEQC	bootstrap	1417.0
	0.2598167243730565	SEQC	bootstrap	1418.0
	0.27207521971382587	SEQC	bootstrap	1419.0
	0.4397878752209099	SEQC	bootstrap	1420.0
	0.04396311853468138	SEQC	bootstrap	1421.0
	0.39124863649136987	SEQC	bootstrap	1422.0
	0.3418884406768301	SEQC	bootstrap	1423.0
	-0.051915290817807325	SEQC	bootstrap	1424.0
	0.15701079373589266	SEQC	bootstrap	1425.0
	-0.22082726883589476	SEQC	bootstrap	1426.0
	0.10129475218330342	SEQC	bootstrap	1427.0
	-0.1591949834355768	SEQC	bootstrap	1428.0
	0.23697907053736422	SEQC	bootstrap	1429.0
	-0.07578736125531371	SEQC	bootstrap	1430.0
	0.18681146418189432	SEQC	bootstrap	1431.0
	0.12522849387197077	SEQC	bootstrap	1432.0
	0.22794473209228805	SEQC	bootstrap	1433.0
	0.18215310560036269	SEQC	bootstrap	1434.0
	0.141908758326168	SEQC	bootstrap	1435.0
	0.13236140989840006	SEQC	bootstrap	1436.0
	0.03458915336430213	SEQC	bootstrap	1437.0
	0.2785567927523207	SEQC	bootstrap	1438.0
	0.15302111552690345	SEQC	bootstrap	1439.0
	0.3593761573445189	SEQC	bootstrap	1440.0
	0.09242513270277897	SEQC	bootstrap	1441.0
	-0.10378318111568863	SEQC	bootstrap	1442.0
	-0.041763648343397186	SEQC	bootstrap	1443.0
	0.035513726211497065	SEQC	bootstrap	1444.0
	0.2660469288041476	SEQC	bootstrap	1445.0
	0.10011884406731131	SEQC	bootstrap	1446.0
	0.07810715450761929	SEQC	bootstrap	1447.0
	0.014549471350640886	SEQC	bootstrap	1448.0
	0.12833488678649374	SEQC	bootstrap	1449.0
	0.2577002873816685	SEQC	bootstrap	1450.0
	-0.029679382003878096	SEQC	bootstrap	1451.0
	-0.0517845698972641	SEQC	bootstrap	1452.0
	0.05089098497027056	SEQC	bootstrap	1453.0
	0.10502769367154219	SEQC	bootstrap	1454.0
	-0.035453695806833885	SEQC	bootstrap	1455.0
	0.04915695619448801	SEQC	bootstrap	1456.0
	-0.01747187269445938	SEQC	bootstrap	1457.0
	0.33898221990123023	SEQC	bootstrap	1458.0
	-0.07688058844279944	SEQC	bootstrap	1459.0
	0.2822117167782494	SEQC	bootstrap	1460.0
	0.05282107315475848	SEQC	bootstrap	1461.0
	0.06322583201295462	SEQC	bootstrap	1462.0
	0.22378552780525318	SEQC	bootstrap	1463.0
	0.06316687603241355	SEQC	bootstrap	1464.0
	0.28980709315126774	SEQC	bootstrap	1465.0
	0.1661308825312826	SEQC	bootstrap	1466.0
	0.22502247568173317	SEQC	bootstrap	1467.0
	0.028473485030691137	SEQC	bootstrap	1468.0
	0.30556422721915855	SEQC	bootstrap	1469.0
	0.35747701725472236	SEQC	bootstrap	1470.0
	-0.014694684928240775	SEQC	bootstrap	1471.0
	-0.03446761352709071	SEQC	bootstrap	1472.0
	0.1854608010542762	SEQC	bootstrap	1473.0
	0.41107806092433385	SEQC	bootstrap	1474.0
	0.3775318854959657	SEQC	bootstrap	1475.0
	0.10325692850911228	SEQC	bootstrap	1476.0
	0.34784579674125116	SEQC	bootstrap	1477.0
	0.1711113958370225	SEQC	bootstrap	1478.0
	0.262410621977863	SEQC	bootstrap	1479.0
	0.234984821012989	SEQC	bootstrap	1480.0
	0.3349926632518363	SEQC	bootstrap	1481.0
	0.3225235692448649	SEQC	bootstrap	1482.0
	0.09051211518422608	SEQC	bootstrap	1483.0
	0.24088734364616649	SEQC	bootstrap	1484.0
	0.3459878071771536	SEQC	bootstrap	1485.0
	0.26375284081534467	SEQC	bootstrap	1486.0
	-0.14735496003515003	SEQC	bootstrap	1487.0
	0.050146186682064275	SEQC	bootstrap	1488.0
	0.30692808336805655	SEQC	bootstrap	1489.0
	-0.013136794113521866	SEQC	bootstrap	1490.0
	0.18950176650272432	SEQC	bootstrap	1491.0
	0.20591418567792097	SEQC	bootstrap	1492.0
	0.27708740317447855	SEQC	bootstrap	1493.0
	0.6083004883617713	SEQC	bootstrap	1494.0
	0.168991275400999	SEQC	bootstrap	1495.0
	0.22237593932375255	SEQC	bootstrap	1496.0
	0.2468489801890259	SEQC	bootstrap	1497.0
	0.07481967971290882	SEQC	bootstrap	1498.0
	0.17959323721416354	SEQC	bootstrap	1499.0
	0.2626461935827784	SEQC	bootstrap	1500.0
	0.120338677273514	SEQC	bootstrap	1501.0
	0.1393673567814009	SEQC	bootstrap	1502.0
	0.17994486642574525	SEQC	bootstrap	1503.0
	-0.07844879076398481	SEQC	bootstrap	1504.0
	-0.13016429892925085	SEQC	bootstrap	1505.0
	0.2799311269436373	SEQC	bootstrap	1506.0
	0.1775181612431771	SEQC	bootstrap	1507.0
	0.25125063517397184	SEQC	bootstrap	1508.0
	-0.15950268446987348	SEQC	bootstrap	1509.0
	0.0635214692419579	SEQC	bootstrap	1510.0
	0.11407740702806635	SEQC	bootstrap	1511.0
	0.24988325996893046	SEQC	bootstrap	1512.0
	0.10213572362595613	SEQC	bootstrap	1513.0
	0.07763087712637429	SEQC	bootstrap	1514.0
	0.30390883514967193	SEQC	bootstrap	1515.0
	0.3467618344055543	SEQC	bootstrap	1516.0
	0.18845859466741022	SEQC	bootstrap	1517.0
	0.32487687152358724	SEQC	bootstrap	1518.0
	0.20584038148132056	SEQC	bootstrap	1519.0
	0.16997474702361437	SEQC	bootstrap	1520.0
	0.2908244966365858	SEQC	bootstrap	1521.0
	0.18720041137951515	SEQC	bootstrap	1522.0
	0.03936582060559424	SEQC	bootstrap	1523.0
	-0.006696323812264815	SEQC	bootstrap	1524.0
	-0.060553754775303226	SEQC	bootstrap	1525.0
	0.029531494008328885	SEQC	bootstrap	1526.0
	0.09051302990078813	SEQC	bootstrap	1527.0
	0.11444646366568989	SEQC	bootstrap	1528.0
	0.23959069969813473	SEQC	bootstrap	1529.0
	0.016641430224861864	SEQC	bootstrap	1530.0
	0.1221791222128763	SEQC	bootstrap	1531.0
	-0.0055322800893282675	SEQC	bootstrap	1532.0
	0.37196929968739045	SEQC	bootstrap	1533.0
	0.23585089825280736	SEQC	bootstrap	1534.0
	0.10106472319965931	SEQC	bootstrap	1535.0
	0.09159873954614728	SEQC	bootstrap	1536.0
	0.3379883606336369	SEQC	bootstrap	1537.0
	-0.1141774222411307	SEQC	bootstrap	1538.0
	0.048503040419576315	SEQC	bootstrap	1539.0
	0.09270309078026795	SEQC	bootstrap	1540.0
	0.22083578140831506	SEQC	bootstrap	1541.0
	0.3398977258372504	SEQC	bootstrap	1542.0
	0.2795275947393119	SEQC	bootstrap	1543.0
	0.19586108995717577	SEQC	bootstrap	1544.0
	0.3943217755171391	SEQC	bootstrap	1545.0
	0.3515063112861849	SEQC	bootstrap	1546.0
	0.036626253914989526	SEQC	bootstrap	1547.0
	0.2356436527820307	SEQC	bootstrap	1548.0
	0.05284519255809084	SEQC	bootstrap	1549.0
	0.01005206203289788	SEQC	bootstrap	1550.0
	0.3262158445324772	SEQC	bootstrap	1551.0
	0.17125062637866062	SEQC	bootstrap	1552.0
	0.0798857980632155	SEQC	bootstrap	1553.0
	-0.08833746921805474	SEQC	bootstrap	1554.0
	0.19920595775402372	SEQC	bootstrap	1555.0
	-0.01613686515080559	SEQC	bootstrap	1556.0
	-0.06685872208032428	SEQC	bootstrap	1557.0
	0.018521977119929645	SEQC	bootstrap	1558.0
	0.2726882855752413	SEQC	bootstrap	1559.0
	0.23292589141826792	SEQC	bootstrap	1560.0
	0.15395563146865676	SEQC	bootstrap	1561.0
	0.29604593833468407	SEQC	bootstrap	1562.0
	0.15719700524552405	SEQC	bootstrap	1563.0
	0.4221668730138788	SEQC	bootstrap	1564.0
	0.09997202617045886	SEQC	bootstrap	1565.0
	0.25508207102927116	SEQC	bootstrap	1566.0
	0.15807339367322637	SEQC	bootstrap	1567.0
	0.1529652426549939	SEQC	bootstrap	1568.0
	0.021046131876123475	SEQC	bootstrap	1569.0
	0.18849660007188085	SEQC	bootstrap	1570.0
	0.0801182788025896	SEQC	bootstrap	1571.0
	0.5159075973044356	SEQC	bootstrap	1572.0
	0.05866518874725202	SEQC	bootstrap	1573.0
	-0.024980016276557215	SEQC	bootstrap	1574.0
	-0.1418119983577757	SEQC	bootstrap	1575.0
	0.02576150511381492	SEQC	bootstrap	1576.0
	0.3123923044281307	SEQC	bootstrap	1577.0
	0.1712326734462808	SEQC	bootstrap	1578.0
	0.11459120774227127	SEQC	bootstrap	1579.0
	0.36194623705849516	SEQC	bootstrap	1580.0
	0.0690936045986641	SEQC	bootstrap	1581.0
	0.13042585654165162	SEQC	bootstrap	1582.0
	0.10968443632010505	SEQC	bootstrap	1583.0
	0.25818263138499464	SEQC	bootstrap	1584.0
	0.1291639931803248	SEQC	bootstrap	1585.0
	0.07182766854274103	SEQC	bootstrap	1586.0
	0.17849439317898863	SEQC	bootstrap	1587.0
	0.07993787246423878	SEQC	bootstrap	1588.0
	0.37339717986214804	SEQC	bootstrap	1589.0
	0.10343089040319953	SEQC	bootstrap	1590.0
	0.09384632875739118	SEQC	bootstrap	1591.0
	-0.08377293090910243	SEQC	bootstrap	1592.0
	0.0420855072192472	SEQC	bootstrap	1593.0
	0.1812940857826204	SEQC	bootstrap	1594.0
	0.4596248959860798	SEQC	bootstrap	1595.0
	-0.006421495894066709	SEQC	bootstrap	1596.0
	0.327768925374901	SEQC	bootstrap	1597.0
	0.2827831133261336	SEQC	bootstrap	1598.0
	0.2223796209109814	SEQC	bootstrap	1599.0
	0.24427573107078615	SEQC	bootstrap	1600.0
	0.06820031981726338	SEQC	bootstrap	1601.0
	-0.09542792932207789	SEQC	bootstrap	1602.0
	0.1159846095030046	SEQC	bootstrap	1603.0
	-0.0612537346029125	SEQC	bootstrap	1604.0
	0.2667375009229227	SEQC	bootstrap	1605.0
	0.13881436187585905	SEQC	bootstrap	1606.0
	0.2738880607128875	SEQC	bootstrap	1607.0
	0.34108499324598274	SEQC	bootstrap	1608.0
	-0.007034954719753017	SEQC	bootstrap	1609.0
	0.3382865798916619	SEQC	bootstrap	1610.0
	0.18730078432353015	SEQC	bootstrap	1611.0
	0.19669658087625752	SEQC	bootstrap	1612.0
	0.16715855992635564	SEQC	bootstrap	1613.0
	0.23102888085652928	SEQC	bootstrap	1614.0
	0.25778666974893216	SEQC	bootstrap	1615.0
	0.2611211752897944	SEQC	bootstrap	1616.0
	0.22704036242046133	SEQC	bootstrap	1617.0
	-0.021375826999904035	SEQC	bootstrap	1618.0
	0.30352500762325185	SEQC	bootstrap	1619.0
	-0.06626538573840701	SEQC	bootstrap	1620.0
	0.5009223979926771	SEQC	bootstrap	1621.0
	0.17121810674352567	SEQC	bootstrap	1622.0
	0.20011667913656428	SEQC	bootstrap	1623.0
	0.02292734997152035	SEQC	bootstrap	1624.0
	0.10974179155670605	SEQC	bootstrap	1625.0
	0.39058649918287713	SEQC	bootstrap	1626.0
	0.09379102229382319	SEQC	bootstrap	1627.0
	0.10216915660564752	SEQC	bootstrap	1628.0
	0.010419464800288658	SEQC	bootstrap	1629.0
	0.1272636755657297	SEQC	bootstrap	1630.0
	-0.1429941830423136	SEQC	bootstrap	1631.0
	0.04831971932816437	SEQC	bootstrap	1632.0
	0.17456551094822448	SEQC	bootstrap	1633.0
	0.2751208375317793	SEQC	bootstrap	1634.0
	0.3847366544959785	SEQC	bootstrap	1635.0
	0.4127426409638737	SEQC	bootstrap	1636.0
	0.07475742737135427	SEQC	bootstrap	1637.0
	-0.006554547486044449	SEQC	bootstrap	1638.0
	-0.1006707467679151	SEQC	bootstrap	1639.0
	0.32547769913270663	SEQC	bootstrap	1640.0
	0.2658326624626266	SEQC	bootstrap	1641.0
	0.2411973541991772	SEQC	bootstrap	1642.0
	0.46479892863207883	SEQC	bootstrap	1643.0
	0.18258802447684808	SEQC	bootstrap	1644.0
	0.11527343118386302	SEQC	bootstrap	1645.0
	0.16416178431840311	SEQC	bootstrap	1646.0
	-0.1911716804656498	SEQC	bootstrap	1647.0
	-0.0008755612186321926	SEQC	bootstrap	1648.0
	-0.05106957065114237	SEQC	bootstrap	1649.0
	0.10508709924653914	SEQC	bootstrap	1650.0
	-0.032022458657558595	SEQC	bootstrap	1651.0
	0.23251732727415497	SEQC	bootstrap	1652.0
	0.2629163432853723	SEQC	bootstrap	1653.0
	0.49297008754279137	SEQC	bootstrap	1654.0
	0.022086798066620617	SEQC	bootstrap	1655.0
	0.10476108867499523	SEQC	bootstrap	1656.0
	0.2078934000368422	SEQC	bootstrap	1657.0
	0.18701992485800734	SEQC	bootstrap	1658.0
	0.1291560406112211	SEQC	bootstrap	1659.0
	0.08123812816686282	SEQC	bootstrap	1660.0
	0.1352375702450832	SEQC	bootstrap	1661.0
	0.3715567270711624	SEQC	bootstrap	1662.0
	0.2153740683909433	SEQC	bootstrap	1663.0
	0.029799188443419666	SEQC	bootstrap	1664.0
	0.07706622631754634	SEQC	bootstrap	1665.0
	0.11116791630831813	SEQC	bootstrap	1666.0
	0.21448475394543198	SEQC	bootstrap	1667.0
	0.14199353956012306	SEQC	bootstrap	1668.0
	0.39223199592187274	SEQC	bootstrap	1669.0
	0.3475302150196553	SEQC	bootstrap	1670.0
	0.21336916289289043	SEQC	bootstrap	1671.0
	0.06406666569233188	SEQC	bootstrap	1672.0
	0.006187709100881733	SEQC	bootstrap	1673.0
	0.009161688320799222	SEQC	bootstrap	1674.0
	0.1471706134682096	SEQC	bootstrap	1675.0
	0.23261107273536297	SEQC	bootstrap	1676.0
	0.20475103058768873	SEQC	bootstrap	1677.0
	0.05928566971125804	SEQC	bootstrap	1678.0
	0.4255111928838087	SEQC	bootstrap	1679.0
	-0.039348535430010934	SEQC	bootstrap	1680.0
	0.19464599237109947	SEQC	bootstrap	1681.0
	-0.024483066402400055	SEQC	bootstrap	1682.0
	0.07811304397813146	SEQC	bootstrap	1683.0
	0.33034579273788367	SEQC	bootstrap	1684.0
	0.20106925562061306	SEQC	bootstrap	1685.0
	0.4160593674106048	SEQC	bootstrap	1686.0
	-0.10437495637861716	SEQC	bootstrap	1687.0
	0.19054220707811265	SEQC	bootstrap	1688.0
	0.10110990866563352	SEQC	bootstrap	1689.0
	0.3327466528451719	SEQC	bootstrap	1690.0
	0.16181830689753252	SEQC	bootstrap	1691.0
	0.20022478627867546	SEQC	bootstrap	1692.0
	-0.194544231972281	SEQC	bootstrap	1693.0
	0.0476464500275382	SEQC	bootstrap	1694.0
	0.207733786703435	SEQC	bootstrap	1695.0
	-0.005816943723911727	SEQC	bootstrap	1696.0
	0.45908563247101597	SEQC	bootstrap	1697.0
	0.1299293888736841	SEQC	bootstrap	1698.0
	0.06264346491378792	SEQC	bootstrap	1699.0
	0.03471485354398318	SEQC	bootstrap	1700.0
	0.11261084607078953	SEQC	bootstrap	1701.0
	0.21406476456706613	SEQC	bootstrap	1702.0
	0.41414920266569677	SEQC	bootstrap	1703.0
	0.11881409205145754	SEQC	bootstrap	1704.0
	0.21252872379943266	SEQC	bootstrap	1705.0
	0.15254167914877392	SEQC	bootstrap	1706.0
	0.1729393643333994	SEQC	bootstrap	1707.0
	-0.04403187065508618	SEQC	bootstrap	1708.0
	0.03632874164180944	SEQC	bootstrap	1709.0
	0.31739203843476105	SEQC	bootstrap	1710.0
	0.06698848281475023	SEQC	bootstrap	1711.0
	0.16714725796130736	SEQC	bootstrap	1712.0
	0.3509155076811643	SEQC	bootstrap	1713.0
	0.20935505984971137	SEQC	bootstrap	1714.0
	0.326403367275355	SEQC	bootstrap	1715.0
	0.1730015988623057	SEQC	bootstrap	1716.0
	0.22396829579906896	SEQC	bootstrap	1717.0
	0.4989119808667013	SEQC	bootstrap	1718.0
	0.046494083615169046	SEQC	bootstrap	1719.0
	0.1118462369314317	SEQC	bootstrap	1720.0
	0.2128299465688963	SEQC	bootstrap	1721.0
	0.06759080329168476	SEQC	bootstrap	1722.0
	0.045238529163331265	SEQC	bootstrap	1723.0
	0.2501546943960422	SEQC	bootstrap	1724.0
	0.2850902353844136	SEQC	bootstrap	1725.0
	0.38725968077104866	SEQC	bootstrap	1726.0
	0.27597940481840944	SEQC	bootstrap	1727.0
	-0.06883296405366135	SEQC	bootstrap	1728.0
	0.37182989900161534	SEQC	bootstrap	1729.0
	0.019561571715844828	SEQC	bootstrap	1730.0
	0.17000798607198586	SEQC	bootstrap	1731.0
	0.26297338934364145	SEQC	bootstrap	1732.0
	0.018455182009526894	SEQC	bootstrap	1733.0
	0.10519339994018839	SEQC	bootstrap	1734.0
	0.0014534279961493368	SEQC	bootstrap	1735.0
	0.17494374225067766	SEQC	bootstrap	1736.0
	0.14010290164847738	SEQC	bootstrap	1737.0
	-0.016259578430425137	SEQC	bootstrap	1738.0
	0.2575367591574427	SEQC	bootstrap	1739.0
	0.1405913618372976	SEQC	bootstrap	1740.0
	0.4710756688618032	SEQC	bootstrap	1741.0
	0.1326450699075421	SEQC	bootstrap	1742.0
	0.2861011194578751	SEQC	bootstrap	1743.0
	0.09335573356084836	SEQC	bootstrap	1744.0
	0.3836381360634853	SEQC	bootstrap	1745.0
	0.23560947058352077	SEQC	bootstrap	1746.0
	-0.030701486416643498	SEQC	bootstrap	1747.0
	0.21936456624020373	SEQC	bootstrap	1748.0
	0.2882504861717736	SEQC	bootstrap	1749.0
	0.11625806934521066	SEQC	bootstrap	1750.0
	0.4381497911879819	SEQC	bootstrap	1751.0
	0.22921530345049934	SEQC	bootstrap	1752.0
	0.28754002230002396	SEQC	bootstrap	1753.0
	0.15634768940761923	SEQC	bootstrap	1754.0
	0.16228238743357526	SEQC	bootstrap	1755.0
	0.22909138745689894	SEQC	bootstrap	1756.0
	0.13020512960138397	SEQC	bootstrap	1757.0
	0.4457273541166229	SEQC	bootstrap	1758.0
	0.23037614257484584	SEQC	bootstrap	1759.0
	0.20274804276201142	SEQC	bootstrap	1760.0
	0.22341376459638962	SEQC	bootstrap	1761.0
	0.3568608118507566	SEQC	bootstrap	1762.0
	0.05141023749528273	SEQC	bootstrap	1763.0
	0.18335211645841643	SEQC	bootstrap	1764.0
	0.4124053078006442	SEQC	bootstrap	1765.0
	0.3955123964271472	SEQC	bootstrap	1766.0
	0.2897840045976441	SEQC	bootstrap	1767.0
	0.3688046015202362	SEQC	bootstrap	1768.0
	0.16214635644172226	SEQC	bootstrap	1769.0
	0.01717071675469306	SEQC	bootstrap	1770.0
	0.4524934143753949	SEQC	bootstrap	1771.0
	0.17066032628184313	SEQC	bootstrap	1772.0
	0.49924223353871877	SEQC	bootstrap	1773.0
	0.009540418451304156	SEQC	bootstrap	1774.0
	0.20388488690186612	SEQC	bootstrap	1775.0
	-0.0003992833079919933	SEQC	bootstrap	1776.0
	0.35340678785129587	SEQC	bootstrap	1777.0
	0.17779282616621028	SEQC	bootstrap	1778.0
	0.3307222020964895	SEQC	bootstrap	1779.0
	0.14717294136666137	SEQC	bootstrap	1780.0
	-0.05665056042657923	SEQC	bootstrap	1781.0
	0.06243864935519827	SEQC	bootstrap	1782.0
	-0.021692300181348045	SEQC	bootstrap	1783.0
	-0.010989324073845452	SEQC	bootstrap	1784.0
	-0.1307328565869783	SEQC	bootstrap	1785.0
	0.3317941940443383	SEQC	bootstrap	1786.0
	0.2834346143637001	SEQC	bootstrap	1787.0
	0.18915302488680918	SEQC	bootstrap	1788.0
	0.12322379958741525	SEQC	bootstrap	1789.0
	0.255025385416511	SEQC	bootstrap	1790.0
	0.09630071153927933	SEQC	bootstrap	1791.0
	-0.04434088495755795	SEQC	bootstrap	1792.0
	-0.047263521973553324	SEQC	bootstrap	1793.0
	0.3583704756275594	SEQC	bootstrap	1794.0
	0.009679265063381237	SEQC	bootstrap	1795.0
	0.08707122056055816	SEQC	bootstrap	1796.0
	0.19634651946879256	SEQC	bootstrap	1797.0
	0.11708490527814064	SEQC	bootstrap	1798.0
	-0.26547554121461037	SEQC	bootstrap	1799.0
	0.35322405602183427	SEQC	bootstrap	1800.0
	0.09617217587918248	SEQC	bootstrap	1801.0
	0.3577606193659548	SEQC	bootstrap	1802.0
	0.2326942334279316	SEQC	bootstrap	1803.0
	0.0980299457667293	SEQC	bootstrap	1804.0
	-0.20848970470600836	SEQC	bootstrap	1805.0
	0.18287709276167785	SEQC	bootstrap	1806.0
	0.2036481564957473	SEQC	bootstrap	1807.0
	0.06543719653150148	SEQC	bootstrap	1808.0
	0.3045616985211561	SEQC	bootstrap	1809.0
	0.4175308156736035	SEQC	bootstrap	1810.0
	0.490820065926143	SEQC	bootstrap	1811.0
	0.2746333862433934	SEQC	bootstrap	1812.0
	0.11082749115365331	SEQC	bootstrap	1813.0
	0.0902471413292858	SEQC	bootstrap	1814.0
	-0.05232453305160867	SEQC	bootstrap	1815.0
	0.3747169834992743	SEQC	bootstrap	1816.0
	0.04885111132047815	SEQC	bootstrap	1817.0
	-0.006561687286779083	SEQC	bootstrap	1818.0
	0.12042783898894172	SEQC	bootstrap	1819.0
	0.13930621675289334	SEQC	bootstrap	1820.0
	0.21611581152129133	SEQC	bootstrap	1821.0
	0.15044651705738943	SEQC	bootstrap	1822.0
	0.3963188196510643	SEQC	bootstrap	1823.0
	0.1513359619529373	SEQC	bootstrap	1824.0
	0.29304393662832684	SEQC	bootstrap	1825.0
	0.2824324008689265	SEQC	bootstrap	1826.0
	0.23575089017086626	SEQC	bootstrap	1827.0
	0.31920423139405063	SEQC	bootstrap	1828.0
	0.09811099973270032	SEQC	bootstrap	1829.0
	0.023149137929939556	SEQC	bootstrap	1830.0
	0.0018277391105563368	SEQC	bootstrap	1831.0
	0.22010092542705095	SEQC	bootstrap	1832.0
	0.2708215623140111	SEQC	bootstrap	1833.0
	0.2887758710726862	SEQC	bootstrap	1834.0
	0.20739237008997513	SEQC	bootstrap	1835.0
	0.11570012578803635	SEQC	bootstrap	1836.0
	0.10150848434981352	SEQC	bootstrap	1837.0
	0.03668732394431018	SEQC	bootstrap	1838.0
	-0.08453720386958707	SEQC	bootstrap	1839.0
	0.18915782103416579	SEQC	bootstrap	1840.0
	0.09430412824063161	SEQC	bootstrap	1841.0
	-0.1457261243743524	SEQC	bootstrap	1842.0
	0.1646889781681855	SEQC	bootstrap	1843.0
	0.0649252722204503	SEQC	bootstrap	1844.0
	0.29791774057027975	SEQC	bootstrap	1845.0
	0.15821331348284584	SEQC	bootstrap	1846.0
	0.03291256548195953	SEQC	bootstrap	1847.0
	0.19958800613218486	SEQC	bootstrap	1848.0
	0.18664399739854876	SEQC	bootstrap	1849.0
	0.20873152518090432	SEQC	bootstrap	1850.0
	0.12911005050368907	SEQC	bootstrap	1851.0
	0.01615161948763877	SEQC	bootstrap	1852.0
	0.11743091476769507	SEQC	bootstrap	1853.0
	0.10917389594494598	SEQC	bootstrap	1854.0
	0.3335661999063566	SEQC	bootstrap	1855.0
	-0.023228358805608806	SEQC	bootstrap	1856.0
	0.12719646028405585	SEQC	bootstrap	1857.0
	-0.05855112077262614	SEQC	bootstrap	1858.0
	0.006678484694831788	SEQC	bootstrap	1859.0
	0.446858087355646	SEQC	bootstrap	1860.0
	0.08524850279198581	SEQC	bootstrap	1861.0
	0.34951214642471573	SEQC	bootstrap	1862.0
	0.4537016103417919	SEQC	bootstrap	1863.0
	0.3475696281151839	SEQC	bootstrap	1864.0
	0.07495060025825229	SEQC	bootstrap	1865.0
	-0.13461859509979668	SEQC	bootstrap	1866.0
	-0.04328792131135817	SEQC	bootstrap	1867.0
	0.1685467355340542	SEQC	bootstrap	1868.0
	-0.041171905810563736	SEQC	bootstrap	1869.0
	0.16569293547817487	SEQC	bootstrap	1870.0
	0.22119312160756088	SEQC	bootstrap	1871.0
	0.3305091367212034	SEQC	bootstrap	1872.0
	0.1670952043859275	SEQC	bootstrap	1873.0
	0.2545785250699062	SEQC	bootstrap	1874.0
	0.13770047614993963	SEQC	bootstrap	1875.0
	0.20657002773247424	SEQC	bootstrap	1876.0
	0.1790076351042682	SEQC	bootstrap	1877.0
	0.05761432938374078	SEQC	bootstrap	1878.0
	-0.14160872607902064	SEQC	bootstrap	1879.0
	0.3880247081269541	SEQC	bootstrap	1880.0
	0.05987720859721435	SEQC	bootstrap	1881.0
	0.09976596951097427	SEQC	bootstrap	1882.0
	0.10097291845227474	SEQC	bootstrap	1883.0
	0.17360734676271417	SEQC	bootstrap	1884.0
	-0.06184741893488699	SEQC	bootstrap	1885.0
	0.4540598520437733	SEQC	bootstrap	1886.0
	0.08567274500996369	SEQC	bootstrap	1887.0
	-0.04647798951210813	SEQC	bootstrap	1888.0
	0.22200891469219108	SEQC	bootstrap	1889.0
	0.19648094992404097	SEQC	bootstrap	1890.0
	0.03486080794317292	SEQC	bootstrap	1891.0
	-0.02783746604774251	SEQC	bootstrap	1892.0
	0.12709459873948425	SEQC	bootstrap	1893.0
	0.34381201595888644	SEQC	bootstrap	1894.0
	0.02860769715010214	SEQC	bootstrap	1895.0
	0.19474225662387923	SEQC	bootstrap	1896.0
	0.1213832448093628	SEQC	bootstrap	1897.0
	0.1309504896146345	SEQC	bootstrap	1898.0
	0.22020371510391712	SEQC	bootstrap	1899.0
	-0.06609931848365491	SEQC	bootstrap	1900.0
	0.22349115189037416	SEQC	bootstrap	1901.0
	0.3110964189153522	SEQC	bootstrap	1902.0
	0.4097358790739438	SEQC	bootstrap	1903.0
	0.41911105370536994	SEQC	bootstrap	1904.0
	0.1882725227789388	SEQC	bootstrap	1905.0
	0.20845574483863416	SEQC	bootstrap	1906.0
	0.1480180556170856	SEQC	bootstrap	1907.0
	0.17111570413762944	SEQC	bootstrap	1908.0
	0.4214979982025122	SEQC	bootstrap	1909.0
	0.2961126782909549	SEQC	bootstrap	1910.0
	0.27045003912691357	SEQC	bootstrap	1911.0
	0.09991130172510587	SEQC	bootstrap	1912.0
	0.21040276090280852	SEQC	bootstrap	1913.0
	0.014307641852141728	SEQC	bootstrap	1914.0
	0.39574510244630545	SEQC	bootstrap	1915.0
	0.08451898136575409	SEQC	bootstrap	1916.0
	0.2804695899815224	SEQC	bootstrap	1917.0
	0.13036257572567678	SEQC	bootstrap	1918.0
	0.13418748584564	SEQC	bootstrap	1919.0
	-0.05032836917013217	SEQC	bootstrap	1920.0
	0.10300287314352818	SEQC	bootstrap	1921.0
	0.23151751870031134	SEQC	bootstrap	1922.0
	0.1622946705569328	SEQC	bootstrap	1923.0
	0.006397309810508567	SEQC	bootstrap	1924.0
	-0.010444343498551945	SEQC	bootstrap	1925.0
	0.07225154251269128	SEQC	bootstrap	1926.0
	0.20373453624107363	SEQC	bootstrap	1927.0
	0.19802557411119182	SEQC	bootstrap	1928.0
	0.23060792660776475	SEQC	bootstrap	1929.0
	-0.20623075641999122	SEQC	bootstrap	1930.0
	0.20848603431433865	SEQC	bootstrap	1931.0
	-0.10714310520109738	SEQC	bootstrap	1932.0
	0.2416790923448442	SEQC	bootstrap	1933.0
	0.23888224852139306	SEQC	bootstrap	1934.0
	-0.1741246478670897	SEQC	bootstrap	1935.0
	0.2067668384304424	SEQC	bootstrap	1936.0
	0.23690783175162178	SEQC	bootstrap	1937.0
	0.22804359500749705	SEQC	bootstrap	1938.0
	0.2511135190302429	SEQC	bootstrap	1939.0
	0.13661429065567532	SEQC	bootstrap	1940.0
	0.17178197433250375	SEQC	bootstrap	1941.0
	0.21969465732757065	SEQC	bootstrap	1942.0
	0.22384276232789446	SEQC	bootstrap	1943.0
	0.16413604237931256	SEQC	bootstrap	1944.0
	0.6477623629141487	SEQC	bootstrap	1945.0
	0.4640022209199639	SEQC	bootstrap	1946.0
	0.040485064672039606	SEQC	bootstrap	1947.0
	0.24888698266452103	SEQC	bootstrap	1948.0
	0.22541187289692832	SEQC	bootstrap	1949.0
	0.07628052172387001	SEQC	bootstrap	1950.0
	-0.07470388972142405	SEQC	bootstrap	1951.0
	0.46986575797153396	SEQC	bootstrap	1952.0
	0.08897197389250966	SEQC	bootstrap	1953.0
	0.10109478446135434	SEQC	bootstrap	1954.0
	0.2602177988311807	SEQC	bootstrap	1955.0
	0.2890477136517182	SEQC	bootstrap	1956.0
	0.18486814551355213	SEQC	bootstrap	1957.0
	-0.03627049966248741	SEQC	bootstrap	1958.0
	0.147341749430681	SEQC	bootstrap	1959.0
	0.11792498553111841	SEQC	bootstrap	1960.0
	0.11083319087709942	SEQC	bootstrap	1961.0
	0.06905544294623578	SEQC	bootstrap	1962.0
	0.14315548894163843	SEQC	bootstrap	1963.0
	0.12583067543542192	SEQC	bootstrap	1964.0
	0.19782206902934085	SEQC	bootstrap	1965.0
	0.41498198069668657	SEQC	bootstrap	1966.0
	0.14879059683413853	SEQC	bootstrap	1967.0
	0.34302089854244944	SEQC	bootstrap	1968.0
	0.14426251621539699	SEQC	bootstrap	1969.0
	0.06049447957687626	SEQC	bootstrap	1970.0
	0.2969913179325969	SEQC	bootstrap	1971.0
	0.4344966277113027	SEQC	bootstrap	1972.0
	0.5497831572075329	SEQC	bootstrap	1973.0
	0.08409598482229885	SEQC	bootstrap	1974.0
	0.07150362272312538	SEQC	bootstrap	1975.0
	-0.08718479969271353	SEQC	bootstrap	1976.0
	0.13884457518304583	SEQC	bootstrap	1977.0
	-0.031341301704327584	SEQC	bootstrap	1978.0
	0.0700363643224895	SEQC	bootstrap	1979.0
	0.12821397926302325	SEQC	bootstrap	1980.0
	-0.03126747502074334	SEQC	bootstrap	1981.0
	0.49735774205374206	SEQC	bootstrap	1982.0
	0.227473478686389	SEQC	bootstrap	1983.0
	0.042672594958396814	SEQC	bootstrap	1984.0
	0.41131465410644363	SEQC	bootstrap	1985.0
	0.3570263373788993	SEQC	bootstrap	1986.0
	0.21254195202285775	SEQC	bootstrap	1987.0
	0.19239465334627948	SEQC	bootstrap	1988.0
	0.29738385936073186	SEQC	bootstrap	1989.0
	0.0710495387295289	SEQC	bootstrap	1990.0
	0.1971142763933056	SEQC	bootstrap	1991.0
	0.12172104808645745	SEQC	bootstrap	1992.0
	0.05602697267722956	SEQC	bootstrap	1993.0
	0.38315324279586616	SEQC	bootstrap	1994.0
	-0.012112588343271113	SEQC	bootstrap	1995.0
	0.25932406193589674	SEQC	bootstrap	1996.0
	-0.04505889279263808	SEQC	bootstrap	1997.0
	0.1649488143346005	SEQC	bootstrap	1998.0
	0.10590549528026649	SEQC	bootstrap	1999.0
	-0.0671118657586085	SEQC	bootstrap	2000.0
1.0	0.048329999601846474	Kocak	permutation	
2.0	0.07867892807830135	Kocak	permutation	
3.0	0.07012996809306404	Kocak	permutation	
4.0	0.1588548693647196	Kocak	permutation	
5.0	0.053977750015557824	Kocak	permutation	
6.0	-0.19975014878846054	Kocak	permutation	
7.0	-0.06767680825502076	Kocak	permutation	
8.0	0.09046738371616314	Kocak	permutation	
9.0	0.0034880971648414416	Kocak	permutation	
10.0	0.12466569617478829	Kocak	permutation	
11.0	0.22064198143846525	Kocak	permutation	
12.0	-0.15256326933597553	Kocak	permutation	
13.0	0.1158583745454882	Kocak	permutation	
14.0	0.09636487472616384	Kocak	permutation	
15.0	-0.10923477680725124	Kocak	permutation	
16.0	0.06901610769292787	Kocak	permutation	
17.0	0.14341754856868594	Kocak	permutation	
18.0	-0.42563008332244756	Kocak	permutation	
19.0	-0.29556922156989174	Kocak	permutation	
20.0	-0.06468237770477092	Kocak	permutation	
21.0	0.14529815766459553	Kocak	permutation	
22.0	0.28713506307568437	Kocak	permutation	
23.0	0.019605681155216992	Kocak	permutation	
24.0	0.29433083077410327	Kocak	permutation	
25.0	-0.16568856392045195	Kocak	permutation	
26.0	0.012924058297474339	Kocak	permutation	
27.0	-0.08651543567957543	Kocak	permutation	
28.0	-0.016695995747164183	Kocak	permutation	
29.0	-0.08194144132058945	Kocak	permutation	
30.0	-0.32355908221036245	Kocak	permutation	
31.0	0.14431154601927876	Kocak	permutation	
32.0	0.24091015124550186	Kocak	permutation	
33.0	0.08327229332169406	Kocak	permutation	
34.0	0.029441806067240783	Kocak	permutation	
35.0	-0.22979918284439282	Kocak	permutation	
36.0	-0.13837031158798485	Kocak	permutation	
37.0	0.10864497681281016	Kocak	permutation	
38.0	0.04364148087638231	Kocak	permutation	
39.0	-0.35918668568661793	Kocak	permutation	
40.0	-0.18047015024115787	Kocak	permutation	
41.0	0.1652826109177301	Kocak	permutation	
42.0	0.018511149014585726	Kocak	permutation	
43.0	0.13367842303698207	Kocak	permutation	
44.0	0.12835265679449304	Kocak	permutation	
45.0	0.12912164620572764	Kocak	permutation	
46.0	0.08346020513091101	Kocak	permutation	
47.0	0.05034383634914619	Kocak	permutation	
48.0	0.012484622367942677	Kocak	permutation	
49.0	0.04379770249666404	Kocak	permutation	
50.0	-0.02104349052442167	Kocak	permutation	
51.0	0.022518866465675025	Kocak	permutation	
52.0	0.1410149667646845	Kocak	permutation	
53.0	0.2324545911153404	Kocak	permutation	
54.0	0.19333155642440225	Kocak	permutation	
55.0	0.26062932902459934	Kocak	permutation	
56.0	-0.07196982727170997	Kocak	permutation	
57.0	0.21292783042815344	Kocak	permutation	
58.0	-0.12306321561726552	Kocak	permutation	
59.0	-0.20671233069525297	Kocak	permutation	
60.0	0.12416185571194305	Kocak	permutation	
61.0	-0.16512414649767848	Kocak	permutation	
62.0	0.07270980429063378	Kocak	permutation	
63.0	0.1410663766263891	Kocak	permutation	
64.0	0.03986366676190922	Kocak	permutation	
65.0	0.3476443998307923	Kocak	permutation	
66.0	0.040855836481193286	Kocak	permutation	
67.0	-0.14555312855154057	Kocak	permutation	
68.0	-0.10558099541082377	Kocak	permutation	
69.0	0.24449015452194267	Kocak	permutation	
70.0	-0.15285160334859604	Kocak	permutation	
71.0	0.14587012480064665	Kocak	permutation	
72.0	0.2949080713125589	Kocak	permutation	
73.0	0.05925308242801375	Kocak	permutation	
74.0	-0.14384953878413498	Kocak	permutation	
75.0	-0.14309098775959228	Kocak	permutation	
76.0	0.27456009294781847	Kocak	permutation	
77.0	-0.07721509199613674	Kocak	permutation	
78.0	-0.19023935711691387	Kocak	permutation	
79.0	0.07508435875555008	Kocak	permutation	
80.0	-0.08272963871048855	Kocak	permutation	
81.0	0.15641782460677067	Kocak	permutation	
82.0	-0.1742354748944832	Kocak	permutation	
83.0	0.19616146081014474	Kocak	permutation	
84.0	-0.13068152568747848	Kocak	permutation	
85.0	-0.029124197434061472	Kocak	permutation	
86.0	0.2809623641183725	Kocak	permutation	
87.0	-0.0755747007234282	Kocak	permutation	
88.0	-0.049292915892857	Kocak	permutation	
89.0	0.05574506191709183	Kocak	permutation	
90.0	0.10062743320455247	Kocak	permutation	
91.0	-0.19251024399658778	Kocak	permutation	
92.0	-0.04117096353054617	Kocak	permutation	
93.0	0.03718547930523464	Kocak	permutation	
94.0	0.19463246668516376	Kocak	permutation	
95.0	0.15012052405356968	Kocak	permutation	
96.0	0.04145747815417966	Kocak	permutation	
97.0	0.12076519347102099	Kocak	permutation	
98.0	-0.31641830442900787	Kocak	permutation	
99.0	-0.09594670852749498	Kocak	permutation	
100.0	0.23367732965859656	Kocak	permutation	
101.0	-0.12422957066241835	Kocak	permutation	
102.0	0.1726056163198173	Kocak	permutation	
103.0	-0.011537692699596924	Kocak	permutation	
104.0	-0.05460211970363105	Kocak	permutation	
105.0	0.06816025152342764	Kocak	permutation	
106.0	-0.0637779066077293	Kocak	permutation	
107.0	-0.05360983811743569	Kocak	permutation	
108.0	0.03327918927795448	Kocak	permutation	
109.0	0.09566361164933124	Kocak	permutation	
110.0	0.11849474704063123	Kocak	permutation	
111.0	0.3604251029988452	Kocak	permutation	
112.0	-0.3841642577969395	Kocak	permutation	
113.0	-0.1310166402290065	Kocak	permutation	
114.0	-0.028578218796008414	Kocak	permutation	
115.0	0.1412126611013198	Kocak	permutation	
116.0	-0.000646504772320533	Kocak	permutation	
117.0	-0.08892325341702634	Kocak	permutation	
118.0	0.03204774707518698	Kocak	permutation	
119.0	-0.06417639128471642	Kocak	permutation	
120.0	0.0291144993325263	Kocak	permutation	
121.0	0.01833741935159683	Kocak	permutation	
122.0	0.0852593994344355	Kocak	permutation	
123.0	-0.02676608754503018	Kocak	permutation	
124.0	0.05385477782408188	Kocak	permutation	
125.0	0.14134357608905113	Kocak	permutation	
126.0	0.2988019230549055	Kocak	permutation	
127.0	-0.02479977916815379	Kocak	permutation	
128.0	0.062302069419710726	Kocak	permutation	
129.0	0.45675474028756824	Kocak	permutation	
130.0	0.17685075182318855	Kocak	permutation	
131.0	-0.1306081382332911	Kocak	permutation	
132.0	-0.009353440728665063	Kocak	permutation	
133.0	-0.29810024954657166	Kocak	permutation	
134.0	0.0673497378723189	Kocak	permutation	
135.0	-0.17135423919165138	Kocak	permutation	
136.0	0.05838719548761162	Kocak	permutation	
137.0	-0.1564116116932981	Kocak	permutation	
138.0	0.0542998601157656	Kocak	permutation	
139.0	0.3682719814774069	Kocak	permutation	
140.0	0.059788263903222116	Kocak	permutation	
141.0	0.06419864009782827	Kocak	permutation	
142.0	0.1204370816061262	Kocak	permutation	
143.0	-0.05653599951657551	Kocak	permutation	
144.0	0.23032827806158984	Kocak	permutation	
145.0	0.10685208544482272	Kocak	permutation	
146.0	0.03680224597238979	Kocak	permutation	
147.0	0.11407457303885948	Kocak	permutation	
148.0	0.08525157357613367	Kocak	permutation	
149.0	0.055274057977676705	Kocak	permutation	
150.0	0.067638548581467	Kocak	permutation	
151.0	0.319243897074867	Kocak	permutation	
152.0	0.027019837949335823	Kocak	permutation	
153.0	0.10912443392035964	Kocak	permutation	
154.0	0.16344945189560267	Kocak	permutation	
155.0	-0.08251666570376415	Kocak	permutation	
156.0	0.24300093403289313	Kocak	permutation	
157.0	0.0892092428160689	Kocak	permutation	
158.0	0.22779196989462225	Kocak	permutation	
159.0	0.0016003688476473599	Kocak	permutation	
160.0	-0.047337095653250394	Kocak	permutation	
161.0	0.2356229058335284	Kocak	permutation	
162.0	0.16414701731766002	Kocak	permutation	
163.0	-0.04453429862718128	Kocak	permutation	
164.0	0.23305376790729593	Kocak	permutation	
165.0	-0.12684111542348564	Kocak	permutation	
166.0	-0.02533174402611227	Kocak	permutation	
167.0	0.12042235829605552	Kocak	permutation	
168.0	0.04630569088890368	Kocak	permutation	
169.0	-0.1230800829621197	Kocak	permutation	
170.0	-0.0791935361748708	Kocak	permutation	
171.0	0.15663636104102618	Kocak	permutation	
172.0	0.05889128027803281	Kocak	permutation	
173.0	-0.08131730712125673	Kocak	permutation	
174.0	0.075147279221353	Kocak	permutation	
175.0	0.06220657255604678	Kocak	permutation	
176.0	0.2987888821758995	Kocak	permutation	
177.0	0.12727816379904588	Kocak	permutation	
178.0	-0.14995996787330235	Kocak	permutation	
179.0	-0.0788181368265084	Kocak	permutation	
180.0	0.07573698360797643	Kocak	permutation	
181.0	-0.18713115846080708	Kocak	permutation	
182.0	-0.11168430189802159	Kocak	permutation	
183.0	0.12178007274898661	Kocak	permutation	
184.0	0.2796843343728863	Kocak	permutation	
185.0	0.13059312487000252	Kocak	permutation	
186.0	0.14709389648546267	Kocak	permutation	
187.0	0.09373602875706943	Kocak	permutation	
188.0	0.2560086468286302	Kocak	permutation	
189.0	-0.17457352398487114	Kocak	permutation	
190.0	0.006073733551173355	Kocak	permutation	
191.0	-0.07188397942806901	Kocak	permutation	
192.0	0.01880334467415601	Kocak	permutation	
193.0	-0.33218107841016753	Kocak	permutation	
194.0	0.11013604010891775	Kocak	permutation	
195.0	-0.046482655837642106	Kocak	permutation	
196.0	0.15182395540777627	Kocak	permutation	
197.0	-0.05122876358971773	Kocak	permutation	
198.0	0.1844061826448673	Kocak	permutation	
199.0	0.05828088489487637	Kocak	permutation	
200.0	-0.03001919101064665	Kocak	permutation	
201.0	0.2813781758652354	Kocak	permutation	
202.0	0.09862189717472791	Kocak	permutation	
203.0	-0.24741817848026404	Kocak	permutation	
204.0	0.09256714794367848	Kocak	permutation	
205.0	0.2318860109908103	Kocak	permutation	
206.0	-0.1551415896192596	Kocak	permutation	
207.0	0.02492739071779937	Kocak	permutation	
208.0	0.2481541954286044	Kocak	permutation	
209.0	0.32251027958295886	Kocak	permutation	
210.0	-0.06221324062927547	Kocak	permutation	
211.0	-0.059567671458808924	Kocak	permutation	
212.0	0.3278549178979837	Kocak	permutation	
213.0	-0.2152720900972085	Kocak	permutation	
214.0	-0.06922030835653459	Kocak	permutation	
215.0	0.15006126578234635	Kocak	permutation	
216.0	0.12820373737431545	Kocak	permutation	
217.0	0.11928857944998938	Kocak	permutation	
218.0	0.3114165813059797	Kocak	permutation	
219.0	0.13721533330674252	Kocak	permutation	
220.0	-0.09536563715623547	Kocak	permutation	
221.0	0.4227336130134951	Kocak	permutation	
222.0	-0.07584987306468349	Kocak	permutation	
223.0	-0.17698851738290067	Kocak	permutation	
224.0	0.0675716217247766	Kocak	permutation	
225.0	0.005537334844146535	Kocak	permutation	
226.0	0.1496827889218757	Kocak	permutation	
227.0	0.11602228456007158	Kocak	permutation	
228.0	-0.00447316782029894	Kocak	permutation	
229.0	0.28242253815360385	Kocak	permutation	
230.0	0.0007292569282375538	Kocak	permutation	
231.0	0.07895505161973304	Kocak	permutation	
232.0	-0.1337137739975338	Kocak	permutation	
233.0	0.021401151234560878	Kocak	permutation	
234.0	0.03516004216180413	Kocak	permutation	
235.0	0.04305272397474802	Kocak	permutation	
236.0	0.21217366667555648	Kocak	permutation	
237.0	0.34759127157682457	Kocak	permutation	
238.0	-0.005591685206406183	Kocak	permutation	
239.0	0.11902297996439692	Kocak	permutation	
240.0	0.2012126811373829	Kocak	permutation	
241.0	0.10250640309102454	Kocak	permutation	
242.0	-0.07988902681014931	Kocak	permutation	
243.0	0.32428680776732044	Kocak	permutation	
244.0	0.07929156846627095	Kocak	permutation	
245.0	0.13143655617568228	Kocak	permutation	
246.0	0.037726795723640905	Kocak	permutation	
247.0	-0.01952286791833835	Kocak	permutation	
248.0	0.18244065443585367	Kocak	permutation	
249.0	0.07071143132475122	Kocak	permutation	
250.0	-0.039413040732466875	Kocak	permutation	
251.0	0.18989863420387554	Kocak	permutation	
252.0	-0.006489580471386702	Kocak	permutation	
253.0	-0.005111336414197254	Kocak	permutation	
254.0	-0.10779123595796936	Kocak	permutation	
255.0	0.010488800674489873	Kocak	permutation	
256.0	0.015657687797353326	Kocak	permutation	
257.0	0.23605574086490932	Kocak	permutation	
258.0	0.17231287636650183	Kocak	permutation	
259.0	-0.05678071581929345	Kocak	permutation	
260.0	0.09569789499397707	Kocak	permutation	
261.0	-0.01651366083130501	Kocak	permutation	
262.0	0.026745553188307625	Kocak	permutation	
263.0	-0.04185979078802138	Kocak	permutation	
264.0	-0.1399397351543472	Kocak	permutation	
265.0	-0.1373075406222748	Kocak	permutation	
266.0	-0.07283332470837234	Kocak	permutation	
267.0	0.15315331664913057	Kocak	permutation	
268.0	0.14170149601454174	Kocak	permutation	
269.0	0.22153833970057502	Kocak	permutation	
270.0	0.2114242520009757	Kocak	permutation	
271.0	0.12393508570282208	Kocak	permutation	
272.0	0.16442495127742163	Kocak	permutation	
273.0	0.18564894137410448	Kocak	permutation	
274.0	0.07518728790984675	Kocak	permutation	
275.0	-0.16111598245128356	Kocak	permutation	
276.0	-0.17652924130476855	Kocak	permutation	
277.0	0.2380304176667627	Kocak	permutation	
278.0	0.19915021320603365	Kocak	permutation	
279.0	-0.1277841916181348	Kocak	permutation	
280.0	0.09434798521957344	Kocak	permutation	
281.0	0.06726276116434704	Kocak	permutation	
282.0	0.08734810650613678	Kocak	permutation	
283.0	0.03765656150538632	Kocak	permutation	
284.0	0.19328448273482923	Kocak	permutation	
285.0	-0.2281321065935975	Kocak	permutation	
286.0	0.3021065667413181	Kocak	permutation	
287.0	0.0672232710935452	Kocak	permutation	
288.0	0.03194455885556291	Kocak	permutation	
289.0	-0.13569543419107521	Kocak	permutation	
290.0	-0.006012886782563953	Kocak	permutation	
291.0	-0.06462939017415437	Kocak	permutation	
292.0	0.2957392127364251	Kocak	permutation	
293.0	0.08269263003380711	Kocak	permutation	
294.0	0.05524496414902558	Kocak	permutation	
295.0	0.08155112194542813	Kocak	permutation	
296.0	-0.05423677094933055	Kocak	permutation	
297.0	0.04405149791170615	Kocak	permutation	
298.0	0.02740074698417949	Kocak	permutation	
299.0	0.08325793528401704	Kocak	permutation	
300.0	-0.07402413739426361	Kocak	permutation	
301.0	0.28919227496607114	Kocak	permutation	
302.0	0.05363319022584534	Kocak	permutation	
303.0	0.1755927453105528	Kocak	permutation	
304.0	0.03305135885725097	Kocak	permutation	
305.0	0.1504535077406386	Kocak	permutation	
306.0	0.19944393677347083	Kocak	permutation	
307.0	-0.11444325912878828	Kocak	permutation	
308.0	0.27775123745975616	Kocak	permutation	
309.0	-0.24288353763994852	Kocak	permutation	
310.0	0.1182568322223041	Kocak	permutation	
311.0	0.0810813056675892	Kocak	permutation	
312.0	-0.06131101446319498	Kocak	permutation	
313.0	-0.14209927988998317	Kocak	permutation	
314.0	-0.18973975372381613	Kocak	permutation	
315.0	0.14581098329434017	Kocak	permutation	
316.0	0.07812616516697002	Kocak	permutation	
317.0	0.0469138655580279	Kocak	permutation	
318.0	-0.2415847336017123	Kocak	permutation	
319.0	-0.1446758921799649	Kocak	permutation	
320.0	-0.11346882391011537	Kocak	permutation	
321.0	-0.28017295922912044	Kocak	permutation	
322.0	-0.16622893440817066	Kocak	permutation	
323.0	0.3877045124889218	Kocak	permutation	
324.0	-0.005027113437359176	Kocak	permutation	
325.0	0.2672810185432368	Kocak	permutation	
326.0	0.2428389699627349	Kocak	permutation	
327.0	0.07067988159346239	Kocak	permutation	
328.0	-0.0877256882008366	Kocak	permutation	
329.0	0.3805132164962748	Kocak	permutation	
330.0	0.16030495535701483	Kocak	permutation	
331.0	0.07412498569202786	Kocak	permutation	
332.0	-0.015881875967503234	Kocak	permutation	
333.0	-0.1875923097055825	Kocak	permutation	
334.0	0.3531470629822744	Kocak	permutation	
335.0	-0.06719034136750679	Kocak	permutation	
336.0	-0.16494702763669444	Kocak	permutation	
337.0	0.17135877858192927	Kocak	permutation	
338.0	-0.05218655460372368	Kocak	permutation	
339.0	0.26554685852137627	Kocak	permutation	
340.0	0.3323079349453675	Kocak	permutation	
341.0	-0.08013685897839462	Kocak	permutation	
342.0	0.04831795614812773	Kocak	permutation	
343.0	0.24661965670618713	Kocak	permutation	
344.0	-0.2195936493988908	Kocak	permutation	
345.0	0.03236598549370928	Kocak	permutation	
346.0	-0.08839351732733469	Kocak	permutation	
347.0	0.13796506503663508	Kocak	permutation	
348.0	0.20454088280118743	Kocak	permutation	
349.0	0.453969786849477	Kocak	permutation	
350.0	0.12618071139454923	Kocak	permutation	
351.0	-0.1469355020101082	Kocak	permutation	
352.0	0.03619852452789374	Kocak	permutation	
353.0	0.03347216378990048	Kocak	permutation	
354.0	0.22227334540762378	Kocak	permutation	
355.0	-0.19096234392791622	Kocak	permutation	
356.0	-0.1141662495310074	Kocak	permutation	
357.0	0.38329815343348805	Kocak	permutation	
358.0	0.2527764435110633	Kocak	permutation	
359.0	-0.0326801527605598	Kocak	permutation	
360.0	0.37184515272909735	Kocak	permutation	
361.0	0.1282901479426508	Kocak	permutation	
362.0	-0.019145911509475866	Kocak	permutation	
363.0	0.16939245517559698	Kocak	permutation	
364.0	-0.15852843275261552	Kocak	permutation	
365.0	0.35582377622870176	Kocak	permutation	
366.0	-0.043943319342726106	Kocak	permutation	
367.0	0.1951026500713473	Kocak	permutation	
368.0	-0.0888198381701164	Kocak	permutation	
369.0	0.2259691038744922	Kocak	permutation	
370.0	-0.13786589152661133	Kocak	permutation	
371.0	0.1957282864156067	Kocak	permutation	
372.0	0.08197595835573956	Kocak	permutation	
373.0	0.5056229230130356	Kocak	permutation	
374.0	0.05175773119906957	Kocak	permutation	
375.0	0.17405734957940222	Kocak	permutation	
376.0	0.1477131729550285	Kocak	permutation	
377.0	0.3922922131876403	Kocak	permutation	
378.0	0.18924007202528692	Kocak	permutation	
379.0	0.10602130537533672	Kocak	permutation	
380.0	-0.04356248174149169	Kocak	permutation	
381.0	0.07966184643020036	Kocak	permutation	
382.0	0.14363547803502463	Kocak	permutation	
383.0	0.09728534946427558	Kocak	permutation	
384.0	0.20610406585888175	Kocak	permutation	
385.0	-0.14495116037504907	Kocak	permutation	
386.0	-0.074421788986065	Kocak	permutation	
387.0	0.0014426868604120457	Kocak	permutation	
388.0	0.15059004349920357	Kocak	permutation	
389.0	0.13499380381334447	Kocak	permutation	
390.0	0.15206138936280045	Kocak	permutation	
391.0	-0.03619317972683689	Kocak	permutation	
392.0	0.10551542123382784	Kocak	permutation	
393.0	0.07183246383461483	Kocak	permutation	
394.0	0.25797856320231816	Kocak	permutation	
395.0	0.06719148583995249	Kocak	permutation	
396.0	0.20176398655674355	Kocak	permutation	
397.0	0.0312418605193594	Kocak	permutation	
398.0	0.11650195690114451	Kocak	permutation	
399.0	-0.04533126901525275	Kocak	permutation	
400.0	-0.22192042438504078	Kocak	permutation	
401.0	0.2247681798462695	Kocak	permutation	
402.0	0.19834262943216352	Kocak	permutation	
403.0	-0.08835121799790979	Kocak	permutation	
404.0	-0.2518999621889604	Kocak	permutation	
405.0	0.10505823560688832	Kocak	permutation	
406.0	0.1542594073917778	Kocak	permutation	
407.0	0.25598765271263524	Kocak	permutation	
408.0	0.16727513321781196	Kocak	permutation	
409.0	-0.10844940660582658	Kocak	permutation	
410.0	0.07180999377014796	Kocak	permutation	
411.0	-0.10846591213603851	Kocak	permutation	
412.0	-0.004545561864297554	Kocak	permutation	
413.0	0.14199031058270872	Kocak	permutation	
414.0	0.1134668544820574	Kocak	permutation	
415.0	-0.1522515810609022	Kocak	permutation	
416.0	0.13017972249260001	Kocak	permutation	
417.0	0.010236781154075558	Kocak	permutation	
418.0	-0.025462771649344518	Kocak	permutation	
419.0	-0.09566777450350283	Kocak	permutation	
420.0	0.096180117071472	Kocak	permutation	
421.0	0.08636900234865852	Kocak	permutation	
422.0	-0.12359382101396665	Kocak	permutation	
423.0	0.016127960177180434	Kocak	permutation	
424.0	-0.07665876489185575	Kocak	permutation	
425.0	0.06712467278982448	Kocak	permutation	
426.0	-0.05945139811106692	Kocak	permutation	
427.0	0.2808802872700831	Kocak	permutation	
428.0	-0.1969223884745901	Kocak	permutation	
429.0	-0.15986451444377003	Kocak	permutation	
430.0	-0.07578185480475685	Kocak	permutation	
431.0	0.059692087201054456	Kocak	permutation	
432.0	0.15336745960681775	Kocak	permutation	
433.0	0.2687927992746797	Kocak	permutation	
434.0	-0.018092899583238342	Kocak	permutation	
435.0	-0.1967550809508838	Kocak	permutation	
436.0	0.22756962670417913	Kocak	permutation	
437.0	0.02499763522028342	Kocak	permutation	
438.0	0.1502356601028172	Kocak	permutation	
439.0	-0.15758232288853335	Kocak	permutation	
440.0	0.21141717505642976	Kocak	permutation	
441.0	0.150942671069906	Kocak	permutation	
442.0	-0.061156100419583304	Kocak	permutation	
443.0	-0.04220243421121683	Kocak	permutation	
444.0	0.25561123675665787	Kocak	permutation	
445.0	0.1520809031192334	Kocak	permutation	
446.0	0.02883273316017032	Kocak	permutation	
447.0	0.1756350457569713	Kocak	permutation	
448.0	-0.07512828749186351	Kocak	permutation	
449.0	-0.021176041782901223	Kocak	permutation	
450.0	-0.06382734847888116	Kocak	permutation	
451.0	-0.23950749316417674	Kocak	permutation	
452.0	0.1370610468330833	Kocak	permutation	
453.0	-0.09003836664444265	Kocak	permutation	
454.0	-0.02355774525531018	Kocak	permutation	
455.0	-0.09517187655560289	Kocak	permutation	
456.0	0.3313916075662364	Kocak	permutation	
457.0	0.05488682524930688	Kocak	permutation	
458.0	-0.07185246554243552	Kocak	permutation	
459.0	-0.008292580434443586	Kocak	permutation	
460.0	-0.05374982881018564	Kocak	permutation	
461.0	0.07886647473532893	Kocak	permutation	
462.0	-0.11051810603944201	Kocak	permutation	
463.0	0.12816724129091472	Kocak	permutation	
464.0	0.005261824545708116	Kocak	permutation	
465.0	-0.03500404441428451	Kocak	permutation	
466.0	0.060972430197427485	Kocak	permutation	
467.0	-0.1741521213881514	Kocak	permutation	
468.0	-0.0845192232050822	Kocak	permutation	
469.0	-0.32348137757721673	Kocak	permutation	
470.0	-0.35654217677993394	Kocak	permutation	
471.0	0.29047753304315194	Kocak	permutation	
472.0	0.08864857691405881	Kocak	permutation	
473.0	-0.1469976719253152	Kocak	permutation	
474.0	0.20094075942860368	Kocak	permutation	
475.0	-0.19436167468922072	Kocak	permutation	
476.0	-0.06774706755832227	Kocak	permutation	
477.0	0.07100675378699961	Kocak	permutation	
478.0	-0.04139726775720032	Kocak	permutation	
479.0	0.043377671932598005	Kocak	permutation	
480.0	-0.12730055364369708	Kocak	permutation	
481.0	0.24571786111579197	Kocak	permutation	
482.0	0.1931426220116963	Kocak	permutation	
483.0	-0.03234643247344504	Kocak	permutation	
484.0	-0.3323156033129857	Kocak	permutation	
485.0	0.24029256966423063	Kocak	permutation	
486.0	0.011483508567620149	Kocak	permutation	
487.0	0.18317368172773651	Kocak	permutation	
488.0	0.03784151216841192	Kocak	permutation	
489.0	-0.04889484320225446	Kocak	permutation	
490.0	0.21215439392220947	Kocak	permutation	
491.0	-0.046890272094619156	Kocak	permutation	
492.0	0.30484140456264	Kocak	permutation	
493.0	0.10671812636315714	Kocak	permutation	
494.0	-0.1210573799838155	Kocak	permutation	
495.0	0.2708447071497888	Kocak	permutation	
496.0	-0.2600870257921466	Kocak	permutation	
497.0	-0.24155587148733915	Kocak	permutation	
498.0	-0.03802916121958333	Kocak	permutation	
499.0	-0.113059834335977	Kocak	permutation	
500.0	-0.03802972464473431	Kocak	permutation	
501.0	0.3315113278278421	Kocak	permutation	
502.0	0.2738033428039248	Kocak	permutation	
503.0	0.5259872807520543	Kocak	permutation	
504.0	0.04539361400336439	Kocak	permutation	
505.0	-0.010959524216577421	Kocak	permutation	
506.0	0.11848547334033821	Kocak	permutation	
507.0	0.03218549443919905	Kocak	permutation	
508.0	0.2987446583285154	Kocak	permutation	
509.0	-0.1748070660051395	Kocak	permutation	
510.0	-0.22635253853086024	Kocak	permutation	
511.0	-0.14551509922875283	Kocak	permutation	
512.0	-0.12110549977217033	Kocak	permutation	
513.0	0.03785935647436833	Kocak	permutation	
514.0	0.006156297255567544	Kocak	permutation	
515.0	-0.1000102900973161	Kocak	permutation	
516.0	0.2771036660190136	Kocak	permutation	
517.0	-0.03389355333149702	Kocak	permutation	
518.0	0.2617467922839687	Kocak	permutation	
519.0	0.06817482635491245	Kocak	permutation	
520.0	0.04861437753719766	Kocak	permutation	
521.0	-0.056360768404099204	Kocak	permutation	
522.0	-0.1413296367738015	Kocak	permutation	
523.0	-0.06331403633492183	Kocak	permutation	
524.0	0.08759425381659636	Kocak	permutation	
525.0	-0.2432877878491615	Kocak	permutation	
526.0	-0.0937472581935328	Kocak	permutation	
527.0	0.104282150620997	Kocak	permutation	
528.0	0.3282037751644129	Kocak	permutation	
529.0	-0.03518326830937202	Kocak	permutation	
530.0	-0.2200611351435695	Kocak	permutation	
531.0	0.23386119081341938	Kocak	permutation	
532.0	0.1282214010258631	Kocak	permutation	
533.0	0.02378545374672747	Kocak	permutation	
534.0	-0.15890169801097098	Kocak	permutation	
535.0	-0.11809967397194843	Kocak	permutation	
536.0	-0.2173931064517447	Kocak	permutation	
537.0	-0.0860862158729585	Kocak	permutation	
538.0	0.16135805844755158	Kocak	permutation	
539.0	0.060965344172847935	Kocak	permutation	
540.0	0.11799150996575847	Kocak	permutation	
541.0	0.11535682305232964	Kocak	permutation	
542.0	0.01806238068650501	Kocak	permutation	
543.0	-0.37805263874149375	Kocak	permutation	
544.0	0.14812762133090374	Kocak	permutation	
545.0	0.10013868746107413	Kocak	permutation	
546.0	0.1569465306821698	Kocak	permutation	
547.0	-0.1259235938197465	Kocak	permutation	
548.0	0.047825925125615676	Kocak	permutation	
549.0	-0.12675219361156298	Kocak	permutation	
550.0	0.03456411756255484	Kocak	permutation	
551.0	0.13276071303205406	Kocak	permutation	
552.0	0.3426465413107129	Kocak	permutation	
553.0	-0.20057063887584192	Kocak	permutation	
554.0	0.290783149116403	Kocak	permutation	
555.0	-0.16031209704687033	Kocak	permutation	
556.0	-0.0549799593943634	Kocak	permutation	
557.0	0.06675438467163275	Kocak	permutation	
558.0	0.03923172225245963	Kocak	permutation	
559.0	0.04970040756589711	Kocak	permutation	
560.0	-0.11120594358257652	Kocak	permutation	
561.0	-0.21710048901585388	Kocak	permutation	
562.0	0.023962377308253124	Kocak	permutation	
563.0	-0.08824614624188065	Kocak	permutation	
564.0	-0.05351140676943533	Kocak	permutation	
565.0	0.16968378865703304	Kocak	permutation	
566.0	-0.006895793209343637	Kocak	permutation	
567.0	0.02848351467766541	Kocak	permutation	
568.0	-0.19561629583135431	Kocak	permutation	
569.0	-0.08509367467709072	Kocak	permutation	
570.0	0.2245987303577257	Kocak	permutation	
571.0	0.16131905937278468	Kocak	permutation	
572.0	-0.26989200294859383	Kocak	permutation	
573.0	0.22461056795221346	Kocak	permutation	
574.0	0.2010560974029474	Kocak	permutation	
575.0	0.13573707150976322	Kocak	permutation	
576.0	-0.08067001386075656	Kocak	permutation	
577.0	-0.33113207474480344	Kocak	permutation	
578.0	0.03039259317118148	Kocak	permutation	
579.0	0.05372914961580122	Kocak	permutation	
580.0	0.03361616786246824	Kocak	permutation	
581.0	-0.05249872590858562	Kocak	permutation	
582.0	0.10572543990909455	Kocak	permutation	
583.0	0.09624999671127377	Kocak	permutation	
584.0	0.0983615082785958	Kocak	permutation	
585.0	0.04298932515016585	Kocak	permutation	
586.0	-0.2876645511505238	Kocak	permutation	
587.0	-0.0870465625017296	Kocak	permutation	
588.0	-0.12387815572040939	Kocak	permutation	
589.0	0.3839784149143579	Kocak	permutation	
590.0	0.2671164447330643	Kocak	permutation	
591.0	-0.0360536092004784	Kocak	permutation	
592.0	0.03691604398826076	Kocak	permutation	
593.0	-0.12381462379457986	Kocak	permutation	
594.0	0.31869865079026116	Kocak	permutation	
595.0	0.5038762480115331	Kocak	permutation	
596.0	0.2790089780382825	Kocak	permutation	
597.0	0.06715591640284835	Kocak	permutation	
598.0	-0.015149603142409873	Kocak	permutation	
599.0	0.009908314444799338	Kocak	permutation	
600.0	0.04248538378588673	Kocak	permutation	
601.0	-0.0040495065900207905	Kocak	permutation	
602.0	-0.162709571602921	Kocak	permutation	
603.0	0.1599260206445834	Kocak	permutation	
604.0	0.17271587305352742	Kocak	permutation	
605.0	-0.06241775666691929	Kocak	permutation	
606.0	-0.11958825521471006	Kocak	permutation	
607.0	-0.009516856599806722	Kocak	permutation	
608.0	-0.2445804153391613	Kocak	permutation	
609.0	0.2968802765837939	Kocak	permutation	
610.0	0.027083105316122236	Kocak	permutation	
611.0	0.272304589573646	Kocak	permutation	
612.0	0.12565272804630823	Kocak	permutation	
613.0	-0.11928330998287251	Kocak	permutation	
614.0	0.30984361966332674	Kocak	permutation	
615.0	0.05406995708092577	Kocak	permutation	
616.0	0.1433003807515636	Kocak	permutation	
617.0	-0.04061959107926327	Kocak	permutation	
618.0	-0.05630087185722843	Kocak	permutation	
619.0	-0.31898060147858054	Kocak	permutation	
620.0	0.28162688293786964	Kocak	permutation	
621.0	-0.013222220346908564	Kocak	permutation	
622.0	-0.09204377857229584	Kocak	permutation	
623.0	0.293403909586063	Kocak	permutation	
624.0	0.11002807062103681	Kocak	permutation	
625.0	-0.19561925703929894	Kocak	permutation	
626.0	0.3428112662008713	Kocak	permutation	
627.0	0.078206390703766	Kocak	permutation	
628.0	-0.06538910464187175	Kocak	permutation	
629.0	0.11727440309636972	Kocak	permutation	
630.0	-0.03738465963573212	Kocak	permutation	
631.0	-0.1064242155796773	Kocak	permutation	
632.0	0.05171849948671969	Kocak	permutation	
633.0	-0.22773204840544903	Kocak	permutation	
634.0	0.1858182350434845	Kocak	permutation	
635.0	0.2728445834797055	Kocak	permutation	
636.0	-0.028787893669786513	Kocak	permutation	
637.0	0.17653088220261992	Kocak	permutation	
638.0	0.059840450025336445	Kocak	permutation	
639.0	-0.03240860218014241	Kocak	permutation	
640.0	0.06039706935739897	Kocak	permutation	
641.0	0.010222182980280436	Kocak	permutation	
642.0	0.1266735649799955	Kocak	permutation	
643.0	0.004325298866023175	Kocak	permutation	
644.0	0.006695520727421744	Kocak	permutation	
645.0	0.05405584624091464	Kocak	permutation	
646.0	-0.13843325543291485	Kocak	permutation	
647.0	0.22057619177047627	Kocak	permutation	
648.0	0.11795859236060213	Kocak	permutation	
649.0	-0.035297930800189725	Kocak	permutation	
650.0	-0.00832651307916521	Kocak	permutation	
651.0	-0.060421380853918905	Kocak	permutation	
652.0	0.023404256296010395	Kocak	permutation	
653.0	0.1378718210422054	Kocak	permutation	
654.0	0.21180312108741006	Kocak	permutation	
655.0	-0.05322733868637286	Kocak	permutation	
656.0	0.06639822555606312	Kocak	permutation	
657.0	0.22416795796566724	Kocak	permutation	
658.0	0.048057601553844975	Kocak	permutation	
659.0	-0.11069599196119029	Kocak	permutation	
660.0	0.006093252549165484	Kocak	permutation	
661.0	-0.17684031369848885	Kocak	permutation	
662.0	0.14576811617086438	Kocak	permutation	
663.0	0.07053400767519502	Kocak	permutation	
664.0	0.10720063263281787	Kocak	permutation	
665.0	0.2129821064918236	Kocak	permutation	
666.0	-0.1955807112499084	Kocak	permutation	
667.0	-0.012776154937641948	Kocak	permutation	
668.0	0.1118768396697325	Kocak	permutation	
669.0	0.09014819830848264	Kocak	permutation	
670.0	0.10097588992373296	Kocak	permutation	
671.0	-0.030912021918775956	Kocak	permutation	
672.0	-0.006938607990708334	Kocak	permutation	
673.0	0.06994815300278745	Kocak	permutation	
674.0	-0.05018157944947976	Kocak	permutation	
675.0	0.2892160023035002	Kocak	permutation	
676.0	0.18640287585859028	Kocak	permutation	
677.0	0.1216978305565215	Kocak	permutation	
678.0	0.3426450998122057	Kocak	permutation	
679.0	0.1079366527197978	Kocak	permutation	
680.0	0.19100825405015076	Kocak	permutation	
681.0	0.23307693470955648	Kocak	permutation	
682.0	-0.004071961996497286	Kocak	permutation	
683.0	0.2648843912262526	Kocak	permutation	
684.0	0.09275307207978312	Kocak	permutation	
685.0	-0.06630759969115463	Kocak	permutation	
686.0	0.043226638187816135	Kocak	permutation	
687.0	-0.2319808706190969	Kocak	permutation	
688.0	-0.04608931828924234	Kocak	permutation	
689.0	0.14736697687856193	Kocak	permutation	
690.0	-0.04900706093451923	Kocak	permutation	
691.0	-0.048559990292353916	Kocak	permutation	
692.0	0.1683680914024075	Kocak	permutation	
693.0	0.07614351759425908	Kocak	permutation	
694.0	0.1656376777675561	Kocak	permutation	
695.0	0.16762068901801896	Kocak	permutation	
696.0	-0.0642825397620923	Kocak	permutation	
697.0	-0.26036750413304777	Kocak	permutation	
698.0	0.1610653244178648	Kocak	permutation	
699.0	-0.07038811233903264	Kocak	permutation	
700.0	0.118496975529788	Kocak	permutation	
701.0	0.20334050141796478	Kocak	permutation	
702.0	0.158629185145867	Kocak	permutation	
703.0	-0.1208156268906837	Kocak	permutation	
704.0	0.21538015378100006	Kocak	permutation	
705.0	0.09926148315769368	Kocak	permutation	
706.0	0.16683500463378564	Kocak	permutation	
707.0	0.13129309439042736	Kocak	permutation	
708.0	0.08245268287745322	Kocak	permutation	
709.0	0.08921433751519281	Kocak	permutation	
710.0	0.05582693295770458	Kocak	permutation	
711.0	0.027333146135196884	Kocak	permutation	
712.0	-0.07536451979015446	Kocak	permutation	
713.0	0.06094380214512718	Kocak	permutation	
714.0	0.0012922873958975956	Kocak	permutation	
715.0	0.07972782633999298	Kocak	permutation	
716.0	0.18368854456319728	Kocak	permutation	
717.0	0.30736893905015084	Kocak	permutation	
718.0	-0.08286334939430162	Kocak	permutation	
719.0	0.3163227107138704	Kocak	permutation	
720.0	0.053839441656792	Kocak	permutation	
721.0	0.03806783843256145	Kocak	permutation	
722.0	-0.09711410135848109	Kocak	permutation	
723.0	0.11629077443823554	Kocak	permutation	
724.0	0.49785650179685703	Kocak	permutation	
725.0	0.16938191865188568	Kocak	permutation	
726.0	-0.1149991929969385	Kocak	permutation	
727.0	-0.04433202468693054	Kocak	permutation	
728.0	-0.10975162208435485	Kocak	permutation	
729.0	-0.22189807059412825	Kocak	permutation	
730.0	0.13170468236948274	Kocak	permutation	
731.0	0.04062410497814728	Kocak	permutation	
732.0	-0.034258496839747465	Kocak	permutation	
733.0	0.22964296931729944	Kocak	permutation	
734.0	0.025136291815756273	Kocak	permutation	
735.0	0.11501432360196695	Kocak	permutation	
736.0	-0.061320568570652156	Kocak	permutation	
737.0	0.057501839172042324	Kocak	permutation	
738.0	0.23078182953958404	Kocak	permutation	
739.0	-0.020107050107321278	Kocak	permutation	
740.0	0.07224397435064489	Kocak	permutation	
741.0	0.09077393808123713	Kocak	permutation	
742.0	0.02714806895775812	Kocak	permutation	
743.0	0.27375841032897963	Kocak	permutation	
744.0	-0.13888297576731734	Kocak	permutation	
745.0	0.14631060170791788	Kocak	permutation	
746.0	0.14108906282959577	Kocak	permutation	
747.0	0.059976537311262845	Kocak	permutation	
748.0	-0.25221680396335344	Kocak	permutation	
749.0	0.12538553699698873	Kocak	permutation	
750.0	0.2818605946405448	Kocak	permutation	
751.0	0.17423124809523127	Kocak	permutation	
752.0	0.01137699006615378	Kocak	permutation	
753.0	-0.02736248739611913	Kocak	permutation	
754.0	-0.13442612623512407	Kocak	permutation	
755.0	-0.06507016543298239	Kocak	permutation	
756.0	0.22331569502434512	Kocak	permutation	
757.0	0.3141054180117324	Kocak	permutation	
758.0	0.04378414926305929	Kocak	permutation	
759.0	-0.38137337220523015	Kocak	permutation	
760.0	0.13923664626501697	Kocak	permutation	
761.0	-0.14695355502415364	Kocak	permutation	
762.0	0.13928472446600626	Kocak	permutation	
763.0	0.057341964079618	Kocak	permutation	
764.0	0.025721883756070874	Kocak	permutation	
765.0	0.10814260256730002	Kocak	permutation	
766.0	-0.12836683949221772	Kocak	permutation	
767.0	0.017898028458673387	Kocak	permutation	
768.0	-0.10357261229880521	Kocak	permutation	
769.0	-0.14434777894846373	Kocak	permutation	
770.0	0.12131671504858232	Kocak	permutation	
771.0	-0.0919976116946275	Kocak	permutation	
772.0	0.0636448801137739	Kocak	permutation	
773.0	0.23149030810531812	Kocak	permutation	
774.0	0.029981304803571085	Kocak	permutation	
775.0	0.09635379462628535	Kocak	permutation	
776.0	0.05889550415782718	Kocak	permutation	
777.0	0.078340325686721	Kocak	permutation	
778.0	-0.07674750884148906	Kocak	permutation	
779.0	-0.32122556498585997	Kocak	permutation	
780.0	-0.021498988381278394	Kocak	permutation	
781.0	0.21669056093587002	Kocak	permutation	
782.0	-0.18420853800508308	Kocak	permutation	
783.0	0.03482040819373644	Kocak	permutation	
784.0	0.2229358687582419	Kocak	permutation	
785.0	0.0884194116721364	Kocak	permutation	
786.0	-0.01341754421264163	Kocak	permutation	
787.0	0.006029464214449831	Kocak	permutation	
788.0	-0.22206657219130044	Kocak	permutation	
789.0	-0.03678346141128852	Kocak	permutation	
790.0	0.1432553323129877	Kocak	permutation	
791.0	0.04167915614369999	Kocak	permutation	
792.0	0.06678247998292619	Kocak	permutation	
793.0	0.14598849503786848	Kocak	permutation	
794.0	-0.14907361352534831	Kocak	permutation	
795.0	-0.05385927825061465	Kocak	permutation	
796.0	-0.05671606733819612	Kocak	permutation	
797.0	-0.17020520595870536	Kocak	permutation	
798.0	0.31011311497896	Kocak	permutation	
799.0	0.113200459117901	Kocak	permutation	
800.0	-0.4169402372779265	Kocak	permutation	
801.0	0.21696269209091312	Kocak	permutation	
802.0	-0.20174350026270993	Kocak	permutation	
803.0	0.012432137637746976	Kocak	permutation	
804.0	0.16258989383938882	Kocak	permutation	
805.0	0.18094757094691616	Kocak	permutation	
806.0	0.07779535024323359	Kocak	permutation	
807.0	0.10146201478302341	Kocak	permutation	
808.0	0.11007438469252318	Kocak	permutation	
809.0	0.06622880780640639	Kocak	permutation	
810.0	-0.08971250248423868	Kocak	permutation	
811.0	-0.28571329349899255	Kocak	permutation	
812.0	0.2887119925396098	Kocak	permutation	
813.0	-0.1803116583143911	Kocak	permutation	
814.0	0.017508117458149286	Kocak	permutation	
815.0	-0.020372361028652364	Kocak	permutation	
816.0	0.3734021238754641	Kocak	permutation	
817.0	0.12235200390432066	Kocak	permutation	
818.0	0.08030134900043961	Kocak	permutation	
819.0	0.011414239085485889	Kocak	permutation	
820.0	0.008222618673382698	Kocak	permutation	
821.0	0.265768250510928	Kocak	permutation	
822.0	0.004185351788673408	Kocak	permutation	
823.0	-0.09130430589481886	Kocak	permutation	
824.0	0.18110213837610623	Kocak	permutation	
825.0	0.011672156285270852	Kocak	permutation	
826.0	0.2605693627660708	Kocak	permutation	
827.0	0.1293969689618253	Kocak	permutation	
828.0	-0.4018639896807352	Kocak	permutation	
829.0	-0.0005901423526459837	Kocak	permutation	
830.0	0.0014657794399823842	Kocak	permutation	
831.0	0.07235932081219243	Kocak	permutation	
832.0	0.4554031984917071	Kocak	permutation	
833.0	0.09673670170291082	Kocak	permutation	
834.0	-0.002041636258390156	Kocak	permutation	
835.0	0.06649287483463961	Kocak	permutation	
836.0	0.116855572844897	Kocak	permutation	
837.0	0.26765572795666603	Kocak	permutation	
838.0	-0.011306407545291108	Kocak	permutation	
839.0	0.03425918810868289	Kocak	permutation	
840.0	0.050949762741163696	Kocak	permutation	
841.0	0.26758131812763075	Kocak	permutation	
842.0	-0.24389947462221961	Kocak	permutation	
843.0	-0.03129385660436679	Kocak	permutation	
844.0	-0.0629681902028052	Kocak	permutation	
845.0	-0.05215928975573636	Kocak	permutation	
846.0	0.18201206250542512	Kocak	permutation	
847.0	0.19803198314951853	Kocak	permutation	
848.0	0.11376594340924662	Kocak	permutation	
849.0	0.10221195632974478	Kocak	permutation	
850.0	0.264094572248303	Kocak	permutation	
851.0	-0.023922011324689407	Kocak	permutation	
852.0	0.1292782693119321	Kocak	permutation	
853.0	-0.2848264362990234	Kocak	permutation	
854.0	0.14749003513944636	Kocak	permutation	
855.0	0.10141160699867591	Kocak	permutation	
856.0	0.2052400616761112	Kocak	permutation	
857.0	0.3288610934736482	Kocak	permutation	
858.0	0.1328914231024605	Kocak	permutation	
859.0	-0.23294083883030492	Kocak	permutation	
860.0	0.1939262530296597	Kocak	permutation	
861.0	-0.04821580848379714	Kocak	permutation	
862.0	-0.31160677555586336	Kocak	permutation	
863.0	0.1390957053974562	Kocak	permutation	
864.0	0.3877633117491026	Kocak	permutation	
865.0	0.0318590900516984	Kocak	permutation	
866.0	0.14317180035111576	Kocak	permutation	
867.0	0.3555674683370116	Kocak	permutation	
868.0	0.4197277202290577	Kocak	permutation	
869.0	-0.009359586155237132	Kocak	permutation	
870.0	-0.11021259437865716	Kocak	permutation	
871.0	0.17917955182173984	Kocak	permutation	
872.0	0.04999821383979075	Kocak	permutation	
873.0	-0.16599402876738711	Kocak	permutation	
874.0	-0.12751571956890562	Kocak	permutation	
875.0	0.027600243290293314	Kocak	permutation	
876.0	0.31790309703660746	Kocak	permutation	
877.0	0.3343893578214381	Kocak	permutation	
878.0	0.24255351330587338	Kocak	permutation	
879.0	-0.17048367174141177	Kocak	permutation	
880.0	-0.09890525542133144	Kocak	permutation	
881.0	-0.06258478627411002	Kocak	permutation	
882.0	0.08527301500349438	Kocak	permutation	
883.0	0.25489257664806697	Kocak	permutation	
884.0	-0.12935713263311044	Kocak	permutation	
885.0	0.02940715337439137	Kocak	permutation	
886.0	0.11627750961321848	Kocak	permutation	
887.0	0.15757608420587488	Kocak	permutation	
888.0	0.19341210837606404	Kocak	permutation	
889.0	0.2453539233070252	Kocak	permutation	
890.0	-0.05790729676740369	Kocak	permutation	
891.0	-0.008474605001244306	Kocak	permutation	
892.0	0.07483736361815296	Kocak	permutation	
893.0	-0.3018055971939777	Kocak	permutation	
894.0	0.019730249897635055	Kocak	permutation	
895.0	0.0061993851279966705	Kocak	permutation	
896.0	0.1513246278304763	Kocak	permutation	
897.0	0.10475704373902683	Kocak	permutation	
898.0	0.02587125725674344	Kocak	permutation	
899.0	0.009871954337911326	Kocak	permutation	
900.0	-0.18378987964618698	Kocak	permutation	
901.0	-0.02410391428631886	Kocak	permutation	
902.0	0.07222612614030055	Kocak	permutation	
903.0	0.2652720132875199	Kocak	permutation	
904.0	-0.008617783883843266	Kocak	permutation	
905.0	0.37123386088714394	Kocak	permutation	
906.0	-0.1486628165057029	Kocak	permutation	
907.0	0.24036584312523157	Kocak	permutation	
908.0	-0.05227860873615775	Kocak	permutation	
909.0	-0.04722943388203937	Kocak	permutation	
910.0	0.22249691030494834	Kocak	permutation	
911.0	0.19564596289921798	Kocak	permutation	
912.0	-0.16463101131590197	Kocak	permutation	
913.0	0.31654216582455685	Kocak	permutation	
914.0	0.09435093162237518	Kocak	permutation	
915.0	-0.07717047062174753	Kocak	permutation	
916.0	0.056011720019562894	Kocak	permutation	
917.0	0.09806198227060126	Kocak	permutation	
918.0	0.2098040786477755	Kocak	permutation	
919.0	-0.18860930853431945	Kocak	permutation	
920.0	-0.15018896474482535	Kocak	permutation	
921.0	-0.18595668678172128	Kocak	permutation	
922.0	0.0358062811956934	Kocak	permutation	
923.0	0.2956220997524026	Kocak	permutation	
924.0	0.0027086212442988256	Kocak	permutation	
925.0	0.15010801880334856	Kocak	permutation	
926.0	0.19395445990551075	Kocak	permutation	
927.0	-0.08941213231763534	Kocak	permutation	
928.0	0.2159254138340163	Kocak	permutation	
929.0	0.025367450049926354	Kocak	permutation	
930.0	0.2069451115528942	Kocak	permutation	
931.0	-0.10132334385635211	Kocak	permutation	
932.0	0.3132118281385692	Kocak	permutation	
933.0	-0.05613588545417336	Kocak	permutation	
934.0	0.09162041962703515	Kocak	permutation	
935.0	0.05839917674582562	Kocak	permutation	
936.0	-0.15253207318639994	Kocak	permutation	
937.0	0.17842714760432088	Kocak	permutation	
938.0	0.07598030710068215	Kocak	permutation	
939.0	0.0041421235863943195	Kocak	permutation	
940.0	0.022527172955530084	Kocak	permutation	
941.0	0.006282334547008439	Kocak	permutation	
942.0	0.22399769681563786	Kocak	permutation	
943.0	0.1199150937352238	Kocak	permutation	
944.0	0.16623970052478043	Kocak	permutation	
945.0	0.03408923127995944	Kocak	permutation	
946.0	-0.1951771449533508	Kocak	permutation	
947.0	0.08253113926881106	Kocak	permutation	
948.0	-0.013158095764908673	Kocak	permutation	
949.0	0.11114551830574726	Kocak	permutation	
950.0	-0.18780232197459412	Kocak	permutation	
951.0	0.24260826091321075	Kocak	permutation	
952.0	0.10362937372537484	Kocak	permutation	
953.0	0.09930700392718261	Kocak	permutation	
954.0	0.007553968509073528	Kocak	permutation	
955.0	-0.0804762315381975	Kocak	permutation	
956.0	-0.08398042905825864	Kocak	permutation	
957.0	-0.07719578156576645	Kocak	permutation	
958.0	0.02956998273540723	Kocak	permutation	
959.0	-0.17478099561339278	Kocak	permutation	
960.0	-0.16587323199175064	Kocak	permutation	
961.0	0.22824374163151084	Kocak	permutation	
962.0	0.09894193216393976	Kocak	permutation	
963.0	-0.06952982902554528	Kocak	permutation	
964.0	0.3219745374362786	Kocak	permutation	
965.0	0.07820487771180407	Kocak	permutation	
966.0	0.01804016442225187	Kocak	permutation	
967.0	0.06588270309890287	Kocak	permutation	
968.0	0.22649481209236644	Kocak	permutation	
969.0	0.09712288959163473	Kocak	permutation	
970.0	0.11901540134823296	Kocak	permutation	
971.0	0.05409705532727571	Kocak	permutation	
972.0	0.00838100497608174	Kocak	permutation	
973.0	0.17585543585488406	Kocak	permutation	
974.0	-0.07899322908161555	Kocak	permutation	
975.0	-0.09601635021993449	Kocak	permutation	
976.0	0.10759375129307269	Kocak	permutation	
977.0	0.13753506146819383	Kocak	permutation	
978.0	0.36214443166211296	Kocak	permutation	
979.0	0.005219521426320206	Kocak	permutation	
980.0	0.014091296542617648	Kocak	permutation	
981.0	-0.2211159402680316	Kocak	permutation	
982.0	-0.4111865416454217	Kocak	permutation	
983.0	-0.03977847502810494	Kocak	permutation	
984.0	0.1250725599828897	Kocak	permutation	
985.0	0.05393179190943975	Kocak	permutation	
986.0	0.45435383965938225	Kocak	permutation	
987.0	-0.10116740269029023	Kocak	permutation	
988.0	-0.013467712825121048	Kocak	permutation	
989.0	-0.07557835410197633	Kocak	permutation	
990.0	0.14647818639272625	Kocak	permutation	
991.0	0.19656381933611744	Kocak	permutation	
992.0	-0.0136856101750924	Kocak	permutation	
993.0	0.15457955296564307	Kocak	permutation	
994.0	-0.08633701765565771	Kocak	permutation	
995.0	0.04069445564508989	Kocak	permutation	
996.0	-0.04161219296192176	Kocak	permutation	
997.0	0.14923377994800013	Kocak	permutation	
998.0	-0.16459597665855252	Kocak	permutation	
999.0	-0.1434729233226406	Kocak	permutation	
1000.0	0.2276780378841039	Kocak	permutation	
1001.0	-0.10136850488555371	Kocak	permutation	
1002.0	0.10985788871397517	Kocak	permutation	
1003.0	-0.15069406299390486	Kocak	permutation	
1004.0	0.3878703864281938	Kocak	permutation	
1005.0	-0.02120491132479252	Kocak	permutation	
1006.0	0.060125715455787265	Kocak	permutation	
1007.0	0.15345317717909523	Kocak	permutation	
1008.0	0.1065744664478725	Kocak	permutation	
1009.0	-0.08004226417560467	Kocak	permutation	
1010.0	-0.16061893424286566	Kocak	permutation	
1011.0	0.21844961087553383	Kocak	permutation	
1012.0	0.14218636712714616	Kocak	permutation	
1013.0	0.0822100096060403	Kocak	permutation	
1014.0	-0.11895618823011311	Kocak	permutation	
1015.0	-0.15951653026444035	Kocak	permutation	
1016.0	0.15849546149208127	Kocak	permutation	
1017.0	0.09656032748308974	Kocak	permutation	
1018.0	0.08974664433958068	Kocak	permutation	
1019.0	0.007031846880967585	Kocak	permutation	
1020.0	-0.14296766279791484	Kocak	permutation	
1021.0	0.1545840194271948	Kocak	permutation	
1022.0	0.24374714763672234	Kocak	permutation	
1023.0	0.14224576098771813	Kocak	permutation	
1024.0	0.12009736566940887	Kocak	permutation	
1025.0	-0.1689609301538093	Kocak	permutation	
1026.0	-0.017911537501036356	Kocak	permutation	
1027.0	0.020149028063420005	Kocak	permutation	
1028.0	0.12683152395836927	Kocak	permutation	
1029.0	-0.10910214476696733	Kocak	permutation	
1030.0	0.004100696386023728	Kocak	permutation	
1031.0	-0.07171284651128218	Kocak	permutation	
1032.0	-0.022659589521235368	Kocak	permutation	
1033.0	0.0939157327441471	Kocak	permutation	
1034.0	-0.04826956177767894	Kocak	permutation	
1035.0	0.004318756083982578	Kocak	permutation	
1036.0	0.07578563589915355	Kocak	permutation	
1037.0	0.08640865735152836	Kocak	permutation	
1038.0	0.12260598208527362	Kocak	permutation	
1039.0	0.18930325564632433	Kocak	permutation	
1040.0	0.05652049603127107	Kocak	permutation	
1041.0	-0.34592153646406043	Kocak	permutation	
1042.0	-0.12786188039238322	Kocak	permutation	
1043.0	0.17809948677218568	Kocak	permutation	
1044.0	0.23612570146327805	Kocak	permutation	
1045.0	-0.1940841830268658	Kocak	permutation	
1046.0	0.2862637589796435	Kocak	permutation	
1047.0	0.2682957295021433	Kocak	permutation	
1048.0	0.0600721467744183	Kocak	permutation	
1049.0	0.04008674394680334	Kocak	permutation	
1050.0	0.05654809575951614	Kocak	permutation	
1051.0	-0.3176037550236641	Kocak	permutation	
1052.0	0.26925373092425176	Kocak	permutation	
1053.0	0.14589394399778843	Kocak	permutation	
1054.0	0.24515532566262443	Kocak	permutation	
1055.0	-0.07824263973246737	Kocak	permutation	
1056.0	0.04437876584848777	Kocak	permutation	
1057.0	0.014662972599368551	Kocak	permutation	
1058.0	0.18348454672261116	Kocak	permutation	
1059.0	0.19711908412408707	Kocak	permutation	
1060.0	-0.12351469921127833	Kocak	permutation	
1061.0	0.036166861080329404	Kocak	permutation	
1062.0	-0.08385261514477182	Kocak	permutation	
1063.0	-0.02745246804028767	Kocak	permutation	
1064.0	0.18666836903878092	Kocak	permutation	
1065.0	0.006550834451504173	Kocak	permutation	
1066.0	-0.10637861448008312	Kocak	permutation	
1067.0	0.22942845279644164	Kocak	permutation	
1068.0	-0.016552389097800102	Kocak	permutation	
1069.0	0.10630163708678442	Kocak	permutation	
1070.0	0.19439691032860917	Kocak	permutation	
1071.0	-0.007078723634545092	Kocak	permutation	
1072.0	0.3154927940425232	Kocak	permutation	
1073.0	0.18591851862474673	Kocak	permutation	
1074.0	0.011096229635802146	Kocak	permutation	
1075.0	-0.08252862807257433	Kocak	permutation	
1076.0	0.0506294250252024	Kocak	permutation	
1077.0	0.1781427566400886	Kocak	permutation	
1078.0	0.05937136081650962	Kocak	permutation	
1079.0	0.08960118109768356	Kocak	permutation	
1080.0	-0.26592046822690474	Kocak	permutation	
1081.0	0.19095526897328696	Kocak	permutation	
1082.0	-0.0939011982562441	Kocak	permutation	
1083.0	-0.05556133062956459	Kocak	permutation	
1084.0	-0.13038170386124737	Kocak	permutation	
1085.0	0.2388992159013128	Kocak	permutation	
1086.0	0.14895666574304212	Kocak	permutation	
1087.0	0.31982593511285184	Kocak	permutation	
1088.0	-0.11574137871812784	Kocak	permutation	
1089.0	-0.07067861040601997	Kocak	permutation	
1090.0	-0.1857864954221604	Kocak	permutation	
1091.0	-0.07901299450459476	Kocak	permutation	
1092.0	0.026767334468988935	Kocak	permutation	
1093.0	0.09527373609254486	Kocak	permutation	
1094.0	-0.04390117115747305	Kocak	permutation	
1095.0	0.2869488915873184	Kocak	permutation	
1096.0	0.009258835877310467	Kocak	permutation	
1097.0	0.12863751434688808	Kocak	permutation	
1098.0	0.12423599380218597	Kocak	permutation	
1099.0	0.2332984164125973	Kocak	permutation	
1100.0	0.13691163795177808	Kocak	permutation	
1101.0	-0.11055496522310371	Kocak	permutation	
1102.0	0.14527737666824514	Kocak	permutation	
1103.0	-0.044816501169991696	Kocak	permutation	
1104.0	0.08361732165670954	Kocak	permutation	
1105.0	0.17896676402685596	Kocak	permutation	
1106.0	-0.06116884737128192	Kocak	permutation	
1107.0	0.36323095000852756	Kocak	permutation	
1108.0	0.3569835106633352	Kocak	permutation	
1109.0	0.1802270835197799	Kocak	permutation	
1110.0	0.3435325088435608	Kocak	permutation	
1111.0	-0.08659408951967862	Kocak	permutation	
1112.0	0.23051140414570614	Kocak	permutation	
1113.0	0.00727485667537664	Kocak	permutation	
1114.0	0.15310082919611734	Kocak	permutation	
1115.0	-0.16552583366353257	Kocak	permutation	
1116.0	0.13432650081042574	Kocak	permutation	
1117.0	-0.2397208202820229	Kocak	permutation	
1118.0	0.036426033239056466	Kocak	permutation	
1119.0	-0.11845631049995564	Kocak	permutation	
1120.0	-0.40163137972244645	Kocak	permutation	
1121.0	-0.18000726583338622	Kocak	permutation	
1122.0	0.15053450182523154	Kocak	permutation	
1123.0	-0.11372616665378832	Kocak	permutation	
1124.0	0.1201286787905369	Kocak	permutation	
1125.0	0.16664722516877095	Kocak	permutation	
1126.0	0.06670489057588913	Kocak	permutation	
1127.0	0.034876909814890666	Kocak	permutation	
1128.0	0.07696751602904861	Kocak	permutation	
1129.0	-0.2702444751524977	Kocak	permutation	
1130.0	0.26488515456824935	Kocak	permutation	
1131.0	-0.21103954221998666	Kocak	permutation	
1132.0	-0.03621097503515536	Kocak	permutation	
1133.0	-0.1934429038765133	Kocak	permutation	
1134.0	0.35750627642677646	Kocak	permutation	
1135.0	-0.10278759554451788	Kocak	permutation	
1136.0	0.21116964143817274	Kocak	permutation	
1137.0	0.05749369614312361	Kocak	permutation	
1138.0	-0.08058544326634998	Kocak	permutation	
1139.0	0.013358077721241202	Kocak	permutation	
1140.0	0.3968807248091677	Kocak	permutation	
1141.0	0.17572631059626698	Kocak	permutation	
1142.0	0.12292372005550423	Kocak	permutation	
1143.0	-0.10312742164048672	Kocak	permutation	
1144.0	-0.12776105782162706	Kocak	permutation	
1145.0	0.24160408611323891	Kocak	permutation	
1146.0	-0.00017656647233010858	Kocak	permutation	
1147.0	0.09329565567371478	Kocak	permutation	
1148.0	-0.23395337773051317	Kocak	permutation	
1149.0	-0.10486402923600657	Kocak	permutation	
1150.0	0.07146470192066534	Kocak	permutation	
1151.0	0.001924618829374225	Kocak	permutation	
1152.0	0.17161479694994508	Kocak	permutation	
1153.0	-0.014957599752603024	Kocak	permutation	
1154.0	-0.02153725317263344	Kocak	permutation	
1155.0	0.18589833919913357	Kocak	permutation	
1156.0	-0.17219710301302538	Kocak	permutation	
1157.0	0.1146003844697896	Kocak	permutation	
1158.0	-0.16348362662613614	Kocak	permutation	
1159.0	-0.07210790661942568	Kocak	permutation	
1160.0	0.07905081818271142	Kocak	permutation	
1161.0	-0.15625602648135395	Kocak	permutation	
1162.0	-0.030463662105542078	Kocak	permutation	
1163.0	-0.0018416206931552992	Kocak	permutation	
1164.0	0.30290671692787985	Kocak	permutation	
1165.0	-0.3341876035958382	Kocak	permutation	
1166.0	0.15535491252057465	Kocak	permutation	
1167.0	0.2589024394032906	Kocak	permutation	
1168.0	-0.10936293809227138	Kocak	permutation	
1169.0	-0.030000579932167426	Kocak	permutation	
1170.0	0.08753584423147576	Kocak	permutation	
1171.0	0.19057255941693008	Kocak	permutation	
1172.0	0.08002913424588876	Kocak	permutation	
1173.0	0.014159348823772788	Kocak	permutation	
1174.0	-0.019070338158855726	Kocak	permutation	
1175.0	0.10638379872442538	Kocak	permutation	
1176.0	0.08151592283720177	Kocak	permutation	
1177.0	0.128037363140451	Kocak	permutation	
1178.0	0.13113862635840334	Kocak	permutation	
1179.0	-0.25277237240399764	Kocak	permutation	
1180.0	0.3454824593050825	Kocak	permutation	
1181.0	0.119034370435255	Kocak	permutation	
1182.0	0.30499696181464664	Kocak	permutation	
1183.0	0.10242794344316408	Kocak	permutation	
1184.0	-0.0346399813901348	Kocak	permutation	
1185.0	-0.14058851806759165	Kocak	permutation	
1186.0	0.12837951768160494	Kocak	permutation	
1187.0	0.02770624520993792	Kocak	permutation	
1188.0	0.11129582681869898	Kocak	permutation	
1189.0	0.031001980448442268	Kocak	permutation	
1190.0	-0.038945413079786384	Kocak	permutation	
1191.0	0.05316991034003937	Kocak	permutation	
1192.0	0.08683519708920251	Kocak	permutation	
1193.0	0.09520714593653334	Kocak	permutation	
1194.0	0.05867249650456596	Kocak	permutation	
1195.0	0.06933735700587018	Kocak	permutation	
1196.0	0.06116861134079965	Kocak	permutation	
1197.0	0.0635560112473561	Kocak	permutation	
1198.0	0.14828605497556957	Kocak	permutation	
1199.0	-0.03301631006877681	Kocak	permutation	
1200.0	0.1065873715811021	Kocak	permutation	
1201.0	0.34236932125261355	Kocak	permutation	
1202.0	-0.05135924201362663	Kocak	permutation	
1203.0	0.09943655840252408	Kocak	permutation	
1204.0	0.10415577991826286	Kocak	permutation	
1205.0	-0.0360788971915067	Kocak	permutation	
1206.0	0.1119791273371682	Kocak	permutation	
1207.0	-0.25325028557419227	Kocak	permutation	
1208.0	0.060900161628977045	Kocak	permutation	
1209.0	0.13639007085076482	Kocak	permutation	
1210.0	-0.03591075563027246	Kocak	permutation	
1211.0	-0.20704266924632364	Kocak	permutation	
1212.0	0.21172052200042657	Kocak	permutation	
1213.0	0.04248407669146914	Kocak	permutation	
1214.0	0.009225291939865876	Kocak	permutation	
1215.0	0.04187039126151948	Kocak	permutation	
1216.0	-0.3141993650467736	Kocak	permutation	
1217.0	0.4162245048467179	Kocak	permutation	
1218.0	0.014975425355553185	Kocak	permutation	
1219.0	0.009641181044442781	Kocak	permutation	
1220.0	0.18986213805109298	Kocak	permutation	
1221.0	0.05618110238377483	Kocak	permutation	
1222.0	0.20991387761011282	Kocak	permutation	
1223.0	-0.1425068520007704	Kocak	permutation	
1224.0	0.049895131668861836	Kocak	permutation	
1225.0	0.12081960597769559	Kocak	permutation	
1226.0	0.20131811055758586	Kocak	permutation	
1227.0	0.006521274125409704	Kocak	permutation	
1228.0	-0.01411102897074823	Kocak	permutation	
1229.0	-0.05834488567200147	Kocak	permutation	
1230.0	0.10968054433806795	Kocak	permutation	
1231.0	0.27014098839581013	Kocak	permutation	
1232.0	0.17338590992843894	Kocak	permutation	
1233.0	0.29214183962411155	Kocak	permutation	
1234.0	-0.08048606162442251	Kocak	permutation	
1235.0	0.010772600375718255	Kocak	permutation	
1236.0	0.22651093760519192	Kocak	permutation	
1237.0	0.1656148039778529	Kocak	permutation	
1238.0	-0.048358162886789735	Kocak	permutation	
1239.0	0.3615120002833292	Kocak	permutation	
1240.0	0.29179487956997985	Kocak	permutation	
1241.0	0.23771441536551574	Kocak	permutation	
1242.0	0.006460924999873718	Kocak	permutation	
1243.0	0.24600855726224147	Kocak	permutation	
1244.0	-0.003483405752239044	Kocak	permutation	
1245.0	0.20874697885536087	Kocak	permutation	
1246.0	0.1914770907681529	Kocak	permutation	
1247.0	0.14700816796144167	Kocak	permutation	
1248.0	-0.0559373675408219	Kocak	permutation	
1249.0	0.1174393843215551	Kocak	permutation	
1250.0	0.19129084808980412	Kocak	permutation	
1251.0	0.1962770790455277	Kocak	permutation	
1252.0	-0.18311271563443032	Kocak	permutation	
1253.0	-0.04781689581922777	Kocak	permutation	
1254.0	-0.19040760753016883	Kocak	permutation	
1255.0	-0.2687757662186616	Kocak	permutation	
1256.0	0.003963779836180237	Kocak	permutation	
1257.0	0.09404680106068053	Kocak	permutation	
1258.0	-0.16728636740468783	Kocak	permutation	
1259.0	0.1134661458079993	Kocak	permutation	
1260.0	0.21863458548786419	Kocak	permutation	
1261.0	0.21496320382379164	Kocak	permutation	
1262.0	0.046911412660170626	Kocak	permutation	
1263.0	0.052680853744370815	Kocak	permutation	
1264.0	-0.043278830164433124	Kocak	permutation	
1265.0	-0.005618228155912952	Kocak	permutation	
1266.0	-0.0743430801500482	Kocak	permutation	
1267.0	0.12194820017377062	Kocak	permutation	
1268.0	0.206474322400358	Kocak	permutation	
1269.0	0.15822107672813068	Kocak	permutation	
1270.0	0.02897155226737791	Kocak	permutation	
1271.0	0.07384657249555815	Kocak	permutation	
1272.0	0.4585212312779179	Kocak	permutation	
1273.0	-0.0006610938952444911	Kocak	permutation	
1274.0	0.0984410980785917	Kocak	permutation	
1275.0	-0.01976469205668252	Kocak	permutation	
1276.0	0.08049965507879264	Kocak	permutation	
1277.0	-0.23367441384346144	Kocak	permutation	
1278.0	0.035787427463134236	Kocak	permutation	
1279.0	0.1325410612422493	Kocak	permutation	
1280.0	-0.1266201769124482	Kocak	permutation	
1281.0	0.08710883191693064	Kocak	permutation	
1282.0	0.05603551787116601	Kocak	permutation	
1283.0	0.20936422907629115	Kocak	permutation	
1284.0	0.1057082192537262	Kocak	permutation	
1285.0	0.15664950917995313	Kocak	permutation	
1286.0	0.17320918776168792	Kocak	permutation	
1287.0	0.13611179596652878	Kocak	permutation	
1288.0	0.014842657594419606	Kocak	permutation	
1289.0	0.04284625556274779	Kocak	permutation	
1290.0	0.2033710093342478	Kocak	permutation	
1291.0	0.16251882754712899	Kocak	permutation	
1292.0	0.05764763262883399	Kocak	permutation	
1293.0	0.0528782134603647	Kocak	permutation	
1294.0	-0.08950309477954388	Kocak	permutation	
1295.0	0.3128095071605026	Kocak	permutation	
1296.0	-0.18933498204276056	Kocak	permutation	
1297.0	0.17327629217987983	Kocak	permutation	
1298.0	-0.0949771131175483	Kocak	permutation	
1299.0	0.019929469514284648	Kocak	permutation	
1300.0	0.1526519445582908	Kocak	permutation	
1301.0	0.12485724340215842	Kocak	permutation	
1302.0	0.1417402388209883	Kocak	permutation	
1303.0	0.12729260079386417	Kocak	permutation	
1304.0	0.3282443279203857	Kocak	permutation	
1305.0	0.1977112231122966	Kocak	permutation	
1306.0	-0.5359975792161018	Kocak	permutation	
1307.0	-0.11356327536527733	Kocak	permutation	
1308.0	0.20429049260452192	Kocak	permutation	
1309.0	-0.12570384183972116	Kocak	permutation	
1310.0	0.07440121632329522	Kocak	permutation	
1311.0	0.1484603932873183	Kocak	permutation	
1312.0	0.2862477821122349	Kocak	permutation	
1313.0	0.25506318394419125	Kocak	permutation	
1314.0	0.15780865310686742	Kocak	permutation	
1315.0	-0.016843201599935576	Kocak	permutation	
1316.0	0.055550871725115414	Kocak	permutation	
1317.0	0.24957949808921853	Kocak	permutation	
1318.0	-0.1233489355223254	Kocak	permutation	
1319.0	0.18533971599894628	Kocak	permutation	
1320.0	0.17378568350350054	Kocak	permutation	
1321.0	0.08609397621691439	Kocak	permutation	
1322.0	0.03596688101170997	Kocak	permutation	
1323.0	0.1465704223369242	Kocak	permutation	
1324.0	-0.20978843691992033	Kocak	permutation	
1325.0	0.1893720221494437	Kocak	permutation	
1326.0	-0.2510725325207108	Kocak	permutation	
1327.0	0.0012350230826321251	Kocak	permutation	
1328.0	0.06673322925415182	Kocak	permutation	
1329.0	0.30989280091310256	Kocak	permutation	
1330.0	0.06839311915064261	Kocak	permutation	
1331.0	0.1317964723514189	Kocak	permutation	
1332.0	0.12366829682683012	Kocak	permutation	
1333.0	-0.0915483873380678	Kocak	permutation	
1334.0	-0.18555864392925336	Kocak	permutation	
1335.0	0.20785728612467747	Kocak	permutation	
1336.0	0.02472403745381957	Kocak	permutation	
1337.0	-0.022743699686365026	Kocak	permutation	
1338.0	0.36923349833107455	Kocak	permutation	
1339.0	-0.06043823032659379	Kocak	permutation	
1340.0	0.014497516882318706	Kocak	permutation	
1341.0	0.032242447755310266	Kocak	permutation	
1342.0	0.2842912998766902	Kocak	permutation	
1343.0	0.14495022377017452	Kocak	permutation	
1344.0	-0.03977873026541712	Kocak	permutation	
1345.0	0.006797639020001078	Kocak	permutation	
1346.0	0.12173120161357609	Kocak	permutation	
1347.0	0.32373263375142436	Kocak	permutation	
1348.0	0.17701107657845938	Kocak	permutation	
1349.0	-0.05423961923245901	Kocak	permutation	
1350.0	0.05125339068575041	Kocak	permutation	
1351.0	-0.11642719654751144	Kocak	permutation	
1352.0	-0.01495942754669688	Kocak	permutation	
1353.0	0.10054270813950161	Kocak	permutation	
1354.0	-0.14796655527333957	Kocak	permutation	
1355.0	-0.21076285243260529	Kocak	permutation	
1356.0	0.061047122543325116	Kocak	permutation	
1357.0	-0.20723093785080593	Kocak	permutation	
1358.0	-0.018732737391321308	Kocak	permutation	
1359.0	0.11654379275596494	Kocak	permutation	
1360.0	0.054170839960081985	Kocak	permutation	
1361.0	0.2222482884706558	Kocak	permutation	
1362.0	-0.011184091491960757	Kocak	permutation	
1363.0	0.16464282678760078	Kocak	permutation	
1364.0	0.16444379967943412	Kocak	permutation	
1365.0	0.09382827588579445	Kocak	permutation	
1366.0	0.27812456606506064	Kocak	permutation	
1367.0	0.3188887461897547	Kocak	permutation	
1368.0	0.39101150062595735	Kocak	permutation	
1369.0	0.032298530690605176	Kocak	permutation	
1370.0	0.13233487292742652	Kocak	permutation	
1371.0	-0.024299904665737948	Kocak	permutation	
1372.0	0.07387866166821055	Kocak	permutation	
1373.0	0.3722800807069584	Kocak	permutation	
1374.0	0.034716832571042744	Kocak	permutation	
1375.0	0.04400501330376905	Kocak	permutation	
1376.0	0.3091350902223917	Kocak	permutation	
1377.0	0.228639371641564	Kocak	permutation	
1378.0	-0.1425154062899363	Kocak	permutation	
1379.0	-0.07792569120152404	Kocak	permutation	
1380.0	0.19699303558314085	Kocak	permutation	
1381.0	-0.05450988641232879	Kocak	permutation	
1382.0	0.15754397713156632	Kocak	permutation	
1383.0	0.18066080922522154	Kocak	permutation	
1384.0	-0.07102848131111195	Kocak	permutation	
1385.0	0.06184645821342727	Kocak	permutation	
1386.0	0.013452458417036794	Kocak	permutation	
1387.0	-0.4190415287342235	Kocak	permutation	
1388.0	-0.2597002148334324	Kocak	permutation	
1389.0	-0.0025243042787126413	Kocak	permutation	
1390.0	0.2155724530549099	Kocak	permutation	
1391.0	-0.044696151596534506	Kocak	permutation	
1392.0	-0.10980583270313726	Kocak	permutation	
1393.0	-0.09250558976590462	Kocak	permutation	
1394.0	0.1070781272263428	Kocak	permutation	
1395.0	-0.053026928332662315	Kocak	permutation	
1396.0	0.3493697227168209	Kocak	permutation	
1397.0	0.026552200964394146	Kocak	permutation	
1398.0	-0.17548710922724275	Kocak	permutation	
1399.0	0.07881133988936728	Kocak	permutation	
1400.0	-0.05104821496261813	Kocak	permutation	
1401.0	-0.15501082530603139	Kocak	permutation	
1402.0	-0.23292980141165298	Kocak	permutation	
1403.0	0.3706308813800794	Kocak	permutation	
1404.0	0.13813892798344707	Kocak	permutation	
1405.0	-0.14758691022780823	Kocak	permutation	
1406.0	0.09863070152827014	Kocak	permutation	
1407.0	0.07201295386970585	Kocak	permutation	
1408.0	-0.10090183583951706	Kocak	permutation	
1409.0	0.2565197458385162	Kocak	permutation	
1410.0	0.26798252512332077	Kocak	permutation	
1411.0	0.059370345365273636	Kocak	permutation	
1412.0	0.008572781319171163	Kocak	permutation	
1413.0	0.11233746090232444	Kocak	permutation	
1414.0	-0.07806673477939619	Kocak	permutation	
1415.0	0.030392533172675762	Kocak	permutation	
1416.0	0.022870166624519683	Kocak	permutation	
1417.0	-0.14351135679123672	Kocak	permutation	
1418.0	0.08065188151925895	Kocak	permutation	
1419.0	0.01434544292286244	Kocak	permutation	
1420.0	0.0495498499930509	Kocak	permutation	
1421.0	0.22673391114526176	Kocak	permutation	
1422.0	0.42153475015548736	Kocak	permutation	
1423.0	0.08551130951766428	Kocak	permutation	
1424.0	0.11450787681256891	Kocak	permutation	
1425.0	-0.32482785678803605	Kocak	permutation	
1426.0	0.027322833918391076	Kocak	permutation	
1427.0	0.3783868013291576	Kocak	permutation	
1428.0	0.007809389227101171	Kocak	permutation	
1429.0	0.17092504272086728	Kocak	permutation	
1430.0	0.32393387939590035	Kocak	permutation	
1431.0	0.0947646787401375	Kocak	permutation	
1432.0	-0.07160056627763467	Kocak	permutation	
1433.0	0.20816210991701656	Kocak	permutation	
1434.0	0.02651125592479442	Kocak	permutation	
1435.0	0.13694305493932912	Kocak	permutation	
1436.0	0.06937508908553358	Kocak	permutation	
1437.0	0.08436679276853543	Kocak	permutation	
1438.0	0.22829334717313543	Kocak	permutation	
1439.0	0.08640349780457779	Kocak	permutation	
1440.0	0.1600770340335167	Kocak	permutation	
1441.0	-0.01158321709923893	Kocak	permutation	
1442.0	0.06638091664126389	Kocak	permutation	
1443.0	-0.00881233979557905	Kocak	permutation	
1444.0	-0.1754475709130192	Kocak	permutation	
1445.0	0.006464816425866715	Kocak	permutation	
1446.0	0.1154895439908401	Kocak	permutation	
1447.0	-0.0853477119047712	Kocak	permutation	
1448.0	0.2713677597170543	Kocak	permutation	
1449.0	0.04685897027440422	Kocak	permutation	
1450.0	0.1689728059468285	Kocak	permutation	
1451.0	-0.020035589284571387	Kocak	permutation	
1452.0	-0.005058847018079682	Kocak	permutation	
1453.0	0.13573559436600924	Kocak	permutation	
1454.0	-0.2032967952293383	Kocak	permutation	
1455.0	0.09938945245201669	Kocak	permutation	
1456.0	-0.16093506519298817	Kocak	permutation	
1457.0	0.08781165132442315	Kocak	permutation	
1458.0	0.16477885841949025	Kocak	permutation	
1459.0	0.045678671373135415	Kocak	permutation	
1460.0	-0.11954290071582285	Kocak	permutation	
1461.0	0.000593403553251548	Kocak	permutation	
1462.0	-0.1501000789118141	Kocak	permutation	
1463.0	0.21009626326669917	Kocak	permutation	
1464.0	-0.04520673953420573	Kocak	permutation	
1465.0	0.2097252140158803	Kocak	permutation	
1466.0	0.08076562191310277	Kocak	permutation	
1467.0	0.18665383973677763	Kocak	permutation	
1468.0	-0.0010089956873455819	Kocak	permutation	
1469.0	0.06432986644315175	Kocak	permutation	
1470.0	0.018871562414089382	Kocak	permutation	
1471.0	-0.14760312986582313	Kocak	permutation	
1472.0	0.41605089810747664	Kocak	permutation	
1473.0	-0.14364450601496337	Kocak	permutation	
1474.0	0.03165953559031198	Kocak	permutation	
1475.0	0.19063456581301885	Kocak	permutation	
1476.0	0.14430449092965691	Kocak	permutation	
1477.0	-0.21019410186219467	Kocak	permutation	
1478.0	-0.028671544609814248	Kocak	permutation	
1479.0	-0.1831914684020841	Kocak	permutation	
1480.0	-0.016939752542725728	Kocak	permutation	
1481.0	0.17777356824009782	Kocak	permutation	
1482.0	-0.10414483892401805	Kocak	permutation	
1483.0	0.02964036996978958	Kocak	permutation	
1484.0	-0.10948108355086017	Kocak	permutation	
1485.0	0.18132505437257684	Kocak	permutation	
1486.0	0.018896595797823323	Kocak	permutation	
1487.0	0.04347535043111961	Kocak	permutation	
1488.0	-0.0014489315095191913	Kocak	permutation	
1489.0	-0.08109914881725278	Kocak	permutation	
1490.0	0.009061451152363453	Kocak	permutation	
1491.0	0.04002079686153692	Kocak	permutation	
1492.0	0.07865140986963848	Kocak	permutation	
1493.0	-0.04921367388605802	Kocak	permutation	
1494.0	0.27806712553994384	Kocak	permutation	
1495.0	0.014061127119060046	Kocak	permutation	
1496.0	0.20413284467731874	Kocak	permutation	
1497.0	-0.06129853814874853	Kocak	permutation	
1498.0	0.11378729922577513	Kocak	permutation	
1499.0	0.05869211142321795	Kocak	permutation	
1500.0	-0.1697859217664135	Kocak	permutation	
1501.0	0.15820835907368558	Kocak	permutation	
1502.0	-0.10812394785573076	Kocak	permutation	
1503.0	-0.027761642925166363	Kocak	permutation	
1504.0	0.1717285954649448	Kocak	permutation	
1505.0	-0.017237189159186705	Kocak	permutation	
1506.0	0.03348334457655611	Kocak	permutation	
1507.0	-0.16182311663682736	Kocak	permutation	
1508.0	-0.18009590359273986	Kocak	permutation	
1509.0	0.0665148177833732	Kocak	permutation	
1510.0	0.32400742624488554	Kocak	permutation	
1511.0	-0.052327380266268264	Kocak	permutation	
1512.0	0.07394071346512376	Kocak	permutation	
1513.0	0.13498892037043753	Kocak	permutation	
1514.0	0.033382225183560266	Kocak	permutation	
1515.0	0.09274661841986198	Kocak	permutation	
1516.0	0.2220868369008917	Kocak	permutation	
1517.0	-0.0007621597955580484	Kocak	permutation	
1518.0	0.12662833784213845	Kocak	permutation	
1519.0	-0.023902580558691433	Kocak	permutation	
1520.0	0.09293661277326759	Kocak	permutation	
1521.0	0.10704308298466625	Kocak	permutation	
1522.0	0.1519262789850373	Kocak	permutation	
1523.0	0.08438513059465169	Kocak	permutation	
1524.0	0.12842064554395005	Kocak	permutation	
1525.0	0.3181650077079343	Kocak	permutation	
1526.0	0.15046902985780886	Kocak	permutation	
1527.0	0.1471680130179056	Kocak	permutation	
1528.0	0.012837326058057208	Kocak	permutation	
1529.0	0.28273470350991836	Kocak	permutation	
1530.0	0.3647417504064574	Kocak	permutation	
1531.0	0.07169330367181104	Kocak	permutation	
1532.0	0.07625567538354439	Kocak	permutation	
1533.0	-0.12549147058158638	Kocak	permutation	
1534.0	0.1904717871156052	Kocak	permutation	
1535.0	0.0685322069383929	Kocak	permutation	
1536.0	-0.2731045108518986	Kocak	permutation	
1537.0	-0.16266727996383068	Kocak	permutation	
1538.0	0.22361153851203053	Kocak	permutation	
1539.0	0.10349693492067313	Kocak	permutation	
1540.0	-0.2398813629804648	Kocak	permutation	
1541.0	-0.02524075792285796	Kocak	permutation	
1542.0	0.13148816520055195	Kocak	permutation	
1543.0	-0.21649636651275905	Kocak	permutation	
1544.0	0.4009746094465161	Kocak	permutation	
1545.0	0.03259319143584172	Kocak	permutation	
1546.0	-0.1559181354418646	Kocak	permutation	
1547.0	0.3754093698689962	Kocak	permutation	
1548.0	0.17327687256604918	Kocak	permutation	
1549.0	-0.20738781333950396	Kocak	permutation	
1550.0	0.01669225499199989	Kocak	permutation	
1551.0	0.08439974994942645	Kocak	permutation	
1552.0	-2.1272856294274334e-05	Kocak	permutation	
1553.0	0.39399493815380016	Kocak	permutation	
1554.0	0.07827843445988947	Kocak	permutation	
1555.0	-0.02365517332660616	Kocak	permutation	
1556.0	-0.26175140943109465	Kocak	permutation	
1557.0	-0.13463625252997158	Kocak	permutation	
1558.0	0.02018093830373857	Kocak	permutation	
1559.0	0.04436262889252607	Kocak	permutation	
1560.0	0.3391696813003602	Kocak	permutation	
1561.0	-0.03906750994162689	Kocak	permutation	
1562.0	-0.08828642038111933	Kocak	permutation	
1563.0	0.0778690004847098	Kocak	permutation	
1564.0	0.0018784114263068474	Kocak	permutation	
1565.0	-0.03396531009671122	Kocak	permutation	
1566.0	-0.21283391192292989	Kocak	permutation	
1567.0	0.1302535045118658	Kocak	permutation	
1568.0	0.06707643307662625	Kocak	permutation	
1569.0	-0.07529953175386606	Kocak	permutation	
1570.0	0.07354327056173293	Kocak	permutation	
1571.0	-0.18255193773149347	Kocak	permutation	
1572.0	-0.06565502905846277	Kocak	permutation	
1573.0	-0.12867931328237336	Kocak	permutation	
1574.0	0.1729395538810108	Kocak	permutation	
1575.0	0.026674725426939716	Kocak	permutation	
1576.0	0.3007835511237493	Kocak	permutation	
1577.0	0.05044004480616504	Kocak	permutation	
1578.0	-0.031950573636991386	Kocak	permutation	
1579.0	-0.013450466665176464	Kocak	permutation	
1580.0	0.23964825440168536	Kocak	permutation	
1581.0	0.2761423603507005	Kocak	permutation	
1582.0	-0.21056486773680838	Kocak	permutation	
1583.0	0.18607460758347827	Kocak	permutation	
1584.0	-0.11427277465243701	Kocak	permutation	
1585.0	0.29476881188966697	Kocak	permutation	
1586.0	0.06459891518894167	Kocak	permutation	
1587.0	-0.2190574376636265	Kocak	permutation	
1588.0	0.02261344015430833	Kocak	permutation	
1589.0	0.029243322761095314	Kocak	permutation	
1590.0	-0.020487115710339232	Kocak	permutation	
1591.0	0.3099137684576565	Kocak	permutation	
1592.0	-0.03838139641928873	Kocak	permutation	
1593.0	-0.0911174975423199	Kocak	permutation	
1594.0	0.17970301074625716	Kocak	permutation	
1595.0	0.1776009685572788	Kocak	permutation	
1596.0	-0.04430846038062164	Kocak	permutation	
1597.0	-0.2376593582528601	Kocak	permutation	
1598.0	0.09251904184398985	Kocak	permutation	
1599.0	-0.177230965484938	Kocak	permutation	
1600.0	-0.04618199610868068	Kocak	permutation	
1601.0	0.12362923832368633	Kocak	permutation	
1602.0	0.1753035327597008	Kocak	permutation	
1603.0	-0.05102316972252474	Kocak	permutation	
1604.0	0.04644318048690366	Kocak	permutation	
1605.0	-0.14975484326730726	Kocak	permutation	
1606.0	0.1988458486180127	Kocak	permutation	
1607.0	0.06611892043986956	Kocak	permutation	
1608.0	0.1747356146532617	Kocak	permutation	
1609.0	0.12506769697105113	Kocak	permutation	
1610.0	0.18514882929331744	Kocak	permutation	
1611.0	0.28038589211121323	Kocak	permutation	
1612.0	-0.028854905486837445	Kocak	permutation	
1613.0	0.14518669110003213	Kocak	permutation	
1614.0	0.11524007818804805	Kocak	permutation	
1615.0	-0.09377113197745501	Kocak	permutation	
1616.0	0.06937568308042152	Kocak	permutation	
1617.0	0.17879239407850278	Kocak	permutation	
1618.0	0.08282751243723219	Kocak	permutation	
1619.0	-0.2275637197980851	Kocak	permutation	
1620.0	-0.06585254146092012	Kocak	permutation	
1621.0	0.02382110331137799	Kocak	permutation	
1622.0	0.015284741076390773	Kocak	permutation	
1623.0	0.06948739104054802	Kocak	permutation	
1624.0	0.19374871067467403	Kocak	permutation	
1625.0	0.08420083230850661	Kocak	permutation	
1626.0	-0.2377610288636891	Kocak	permutation	
1627.0	-0.014855788951519067	Kocak	permutation	
1628.0	0.37154613114221124	Kocak	permutation	
1629.0	-0.20055721551546046	Kocak	permutation	
1630.0	-0.05220551234696735	Kocak	permutation	
1631.0	0.07175200882073174	Kocak	permutation	
1632.0	-0.11528451434218567	Kocak	permutation	
1633.0	0.2059942600260536	Kocak	permutation	
1634.0	0.028551285657973935	Kocak	permutation	
1635.0	0.14010375336609648	Kocak	permutation	
1636.0	0.18991428206443306	Kocak	permutation	
1637.0	0.07408007398190808	Kocak	permutation	
1638.0	0.05593666230202121	Kocak	permutation	
1639.0	-0.004632380714499895	Kocak	permutation	
1640.0	-0.0842696642113987	Kocak	permutation	
1641.0	0.206896686543951	Kocak	permutation	
1642.0	0.19709520582359907	Kocak	permutation	
1643.0	0.00015985406590512952	Kocak	permutation	
1644.0	-0.1524848730029511	Kocak	permutation	
1645.0	-0.18398618607113715	Kocak	permutation	
1646.0	0.009744593101968846	Kocak	permutation	
1647.0	-0.08560955265369241	Kocak	permutation	
1648.0	-0.12635672860696	Kocak	permutation	
1649.0	0.1846091303902231	Kocak	permutation	
1650.0	0.0763510927554849	Kocak	permutation	
1651.0	0.2978073520453064	Kocak	permutation	
1652.0	0.1577201680090381	Kocak	permutation	
1653.0	0.14908395186661227	Kocak	permutation	
1654.0	0.03354366867332281	Kocak	permutation	
1655.0	0.19252652493227096	Kocak	permutation	
1656.0	0.16930425667850812	Kocak	permutation	
1657.0	-0.02142391727887727	Kocak	permutation	
1658.0	0.08470637115664204	Kocak	permutation	
1659.0	0.02932848690480938	Kocak	permutation	
1660.0	0.28849555786086345	Kocak	permutation	
1661.0	0.04658039119701307	Kocak	permutation	
1662.0	0.0395078758086429	Kocak	permutation	
1663.0	-0.08370321307248307	Kocak	permutation	
1664.0	0.09978642640743018	Kocak	permutation	
1665.0	0.06653768341432453	Kocak	permutation	
1666.0	0.08642454268314026	Kocak	permutation	
1667.0	-0.13558345210202116	Kocak	permutation	
1668.0	-0.23960408900610908	Kocak	permutation	
1669.0	0.03995734388700889	Kocak	permutation	
1670.0	-0.025916971708154435	Kocak	permutation	
1671.0	-0.08183778783727469	Kocak	permutation	
1672.0	0.05336281399749865	Kocak	permutation	
1673.0	-0.016246301270522956	Kocak	permutation	
1674.0	0.1721596509865675	Kocak	permutation	
1675.0	0.07929406565387076	Kocak	permutation	
1676.0	-0.20795001340095087	Kocak	permutation	
1677.0	0.11820813140103237	Kocak	permutation	
1678.0	0.1224959852625025	Kocak	permutation	
1679.0	-0.058462803518178674	Kocak	permutation	
1680.0	0.39729457588654604	Kocak	permutation	
1681.0	0.10948164169987784	Kocak	permutation	
1682.0	0.1939738750718707	Kocak	permutation	
1683.0	0.2835522235372476	Kocak	permutation	
1684.0	0.10989907644105301	Kocak	permutation	
1685.0	0.2754342745161793	Kocak	permutation	
1686.0	0.11266491373069343	Kocak	permutation	
1687.0	0.16535990662461852	Kocak	permutation	
1688.0	0.2319060730067708	Kocak	permutation	
1689.0	0.03780903664265001	Kocak	permutation	
1690.0	0.05414661878547733	Kocak	permutation	
1691.0	0.13277512616549458	Kocak	permutation	
1692.0	0.09625866207113631	Kocak	permutation	
1693.0	-0.2686249793184876	Kocak	permutation	
1694.0	0.1054913442139842	Kocak	permutation	
1695.0	0.21576995197022342	Kocak	permutation	
1696.0	-0.0638086248563301	Kocak	permutation	
1697.0	0.12105234310195723	Kocak	permutation	
1698.0	0.4055590348936873	Kocak	permutation	
1699.0	-0.03927638677811718	Kocak	permutation	
1700.0	0.10085826764947647	Kocak	permutation	
1701.0	-0.2231854133803921	Kocak	permutation	
1702.0	-0.13626070600417606	Kocak	permutation	
1703.0	0.17242855677964908	Kocak	permutation	
1704.0	0.2226593964630048	Kocak	permutation	
1705.0	0.2993908735237598	Kocak	permutation	
1706.0	0.17266264780796536	Kocak	permutation	
1707.0	-0.09939709607459957	Kocak	permutation	
1708.0	0.08717138528760238	Kocak	permutation	
1709.0	0.21322389192590396	Kocak	permutation	
1710.0	0.04296373161129896	Kocak	permutation	
1711.0	0.2246350623525597	Kocak	permutation	
1712.0	0.2606477713431987	Kocak	permutation	
1713.0	0.013604409319985855	Kocak	permutation	
1714.0	-0.17630556890160953	Kocak	permutation	
1715.0	-0.04101740343900406	Kocak	permutation	
1716.0	0.018105402318266073	Kocak	permutation	
1717.0	0.1191676109105897	Kocak	permutation	
1718.0	0.23899155586083598	Kocak	permutation	
1719.0	0.24855005471558833	Kocak	permutation	
1720.0	0.1574524755774851	Kocak	permutation	
1721.0	0.12634443811547857	Kocak	permutation	
1722.0	-0.04284729501187723	Kocak	permutation	
1723.0	0.16908880498130507	Kocak	permutation	
1724.0	-0.1481163326691055	Kocak	permutation	
1725.0	0.2581592539234441	Kocak	permutation	
1726.0	-0.12108181086852987	Kocak	permutation	
1727.0	-0.02090004104943599	Kocak	permutation	
1728.0	0.035057744804102065	Kocak	permutation	
1729.0	0.18248599953114208	Kocak	permutation	
1730.0	0.20020982930949938	Kocak	permutation	
1731.0	0.09205385198926308	Kocak	permutation	
1732.0	0.007254736779397142	Kocak	permutation	
1733.0	0.25643405870626523	Kocak	permutation	
1734.0	-0.17329552766956446	Kocak	permutation	
1735.0	0.04511643137806054	Kocak	permutation	
1736.0	0.058677089856853826	Kocak	permutation	
1737.0	0.2079366070107378	Kocak	permutation	
1738.0	-0.0809210049979816	Kocak	permutation	
1739.0	0.2569016809399516	Kocak	permutation	
1740.0	-0.13125494569173224	Kocak	permutation	
1741.0	0.0005578714745837487	Kocak	permutation	
1742.0	0.30855443727844456	Kocak	permutation	
1743.0	0.28496139271141097	Kocak	permutation	
1744.0	0.1778333323311827	Kocak	permutation	
1745.0	-0.34133357597202085	Kocak	permutation	
1746.0	0.1468260603934901	Kocak	permutation	
1747.0	0.24388281481833207	Kocak	permutation	
1748.0	0.20808801980500746	Kocak	permutation	
1749.0	0.16167496808543724	Kocak	permutation	
1750.0	-0.043577024705587775	Kocak	permutation	
1751.0	0.010293209357153721	Kocak	permutation	
1752.0	-0.15326766159976835	Kocak	permutation	
1753.0	-0.16137278741504169	Kocak	permutation	
1754.0	0.21992596676696063	Kocak	permutation	
1755.0	-0.18526262979972596	Kocak	permutation	
1756.0	0.18951802590631228	Kocak	permutation	
1757.0	-0.2167172108831279	Kocak	permutation	
1758.0	-0.03733614024855125	Kocak	permutation	
1759.0	-0.20959298714251506	Kocak	permutation	
1760.0	-0.021652619596549627	Kocak	permutation	
1761.0	0.11279154511459044	Kocak	permutation	
1762.0	0.3860403219432831	Kocak	permutation	
1763.0	-0.11868892514272034	Kocak	permutation	
1764.0	0.1920628071490187	Kocak	permutation	
1765.0	-0.31223886383346766	Kocak	permutation	
1766.0	0.12753391027741579	Kocak	permutation	
1767.0	-0.24736172411714197	Kocak	permutation	
1768.0	-0.07599832791071925	Kocak	permutation	
1769.0	0.09630968487782798	Kocak	permutation	
1770.0	0.008584292391377701	Kocak	permutation	
1771.0	0.033626950366369535	Kocak	permutation	
1772.0	0.12276341708048122	Kocak	permutation	
1773.0	0.31161814240620345	Kocak	permutation	
1774.0	0.1843649568867658	Kocak	permutation	
1775.0	0.028764623734420347	Kocak	permutation	
1776.0	0.2279727752875198	Kocak	permutation	
1777.0	-0.10684389979219588	Kocak	permutation	
1778.0	-0.00509520716392764	Kocak	permutation	
1779.0	0.037381602167551264	Kocak	permutation	
1780.0	0.1458847687860123	Kocak	permutation	
1781.0	-0.32517624467497264	Kocak	permutation	
1782.0	0.03414241376048732	Kocak	permutation	
1783.0	-0.032616735897594396	Kocak	permutation	
1784.0	0.11837046766147452	Kocak	permutation	
1785.0	0.0863181423585404	Kocak	permutation	
1786.0	-0.00436124339176569	Kocak	permutation	
1787.0	0.16180285554711027	Kocak	permutation	
1788.0	-0.06076718479272447	Kocak	permutation	
1789.0	0.05271523562062885	Kocak	permutation	
1790.0	0.2488124537946641	Kocak	permutation	
1791.0	0.1314356604206237	Kocak	permutation	
1792.0	0.1287669491567991	Kocak	permutation	
1793.0	0.06015626556327369	Kocak	permutation	
1794.0	-0.09931403596191934	Kocak	permutation	
1795.0	-0.022008440922507866	Kocak	permutation	
1796.0	-0.19887143018388542	Kocak	permutation	
1797.0	0.22750152105748445	Kocak	permutation	
1798.0	-0.09130776074747615	Kocak	permutation	
1799.0	-0.06416304315328158	Kocak	permutation	
1800.0	0.0018061537362035196	Kocak	permutation	
1801.0	-0.14169778435285352	Kocak	permutation	
1802.0	-0.009996293643173892	Kocak	permutation	
1803.0	-0.1007231586736177	Kocak	permutation	
1804.0	0.24354291445616827	Kocak	permutation	
1805.0	0.005502758876188452	Kocak	permutation	
1806.0	0.19894863460867995	Kocak	permutation	
1807.0	0.354311873338955	Kocak	permutation	
1808.0	0.32617489434305735	Kocak	permutation	
1809.0	-0.1051417848222096	Kocak	permutation	
1810.0	0.15317576578896208	Kocak	permutation	
1811.0	-0.08228537518965862	Kocak	permutation	
1812.0	0.040434345835202556	Kocak	permutation	
1813.0	0.1914682350137964	Kocak	permutation	
1814.0	0.08908449071640323	Kocak	permutation	
1815.0	0.05669489064528399	Kocak	permutation	
1816.0	-0.09249813631807946	Kocak	permutation	
1817.0	0.24481695124128766	Kocak	permutation	
1818.0	-0.2618278733380359	Kocak	permutation	
1819.0	0.23802357980764022	Kocak	permutation	
1820.0	-0.28906280218863056	Kocak	permutation	
1821.0	0.2004718746892582	Kocak	permutation	
1822.0	0.11134511640897138	Kocak	permutation	
1823.0	-0.03211672608660443	Kocak	permutation	
1824.0	0.1309207058268358	Kocak	permutation	
1825.0	0.20002000732639758	Kocak	permutation	
1826.0	-0.026097812820248478	Kocak	permutation	
1827.0	0.054889182246836477	Kocak	permutation	
1828.0	0.3538548541620212	Kocak	permutation	
1829.0	-0.04270084550042785	Kocak	permutation	
1830.0	0.1468130088895956	Kocak	permutation	
1831.0	0.21320535686851017	Kocak	permutation	
1832.0	-0.044333126558221636	Kocak	permutation	
1833.0	0.1208029195896243	Kocak	permutation	
1834.0	0.03239412899972827	Kocak	permutation	
1835.0	-0.11988827106303646	Kocak	permutation	
1836.0	0.0654446850509931	Kocak	permutation	
1837.0	0.005875386139863714	Kocak	permutation	
1838.0	0.1048407850326516	Kocak	permutation	
1839.0	0.05426858069011242	Kocak	permutation	
1840.0	0.09877895838581008	Kocak	permutation	
1841.0	-0.039321973004372346	Kocak	permutation	
1842.0	0.1271896342570038	Kocak	permutation	
1843.0	0.3539974482231383	Kocak	permutation	
1844.0	-0.23966414584270268	Kocak	permutation	
1845.0	-0.08229311864798028	Kocak	permutation	
1846.0	0.014823601923776408	Kocak	permutation	
1847.0	-0.019398987491045183	Kocak	permutation	
1848.0	0.23126879773254316	Kocak	permutation	
1849.0	0.20278419582828988	Kocak	permutation	
1850.0	0.10883491349068475	Kocak	permutation	
1851.0	0.12560485612203198	Kocak	permutation	
1852.0	-0.1229608399747324	Kocak	permutation	
1853.0	-0.0227196504247269	Kocak	permutation	
1854.0	0.14739418615007693	Kocak	permutation	
1855.0	0.04572358310288838	Kocak	permutation	
1856.0	0.32058209725191844	Kocak	permutation	
1857.0	0.0630701556893003	Kocak	permutation	
1858.0	-0.0665277563272495	Kocak	permutation	
1859.0	-0.041484650496761866	Kocak	permutation	
1860.0	0.0439182387285717	Kocak	permutation	
1861.0	0.13902551351128167	Kocak	permutation	
1862.0	0.16641642545477886	Kocak	permutation	
1863.0	0.09929611287753204	Kocak	permutation	
1864.0	-0.008781276908488067	Kocak	permutation	
1865.0	-0.04181134136624198	Kocak	permutation	
1866.0	0.36237798765473794	Kocak	permutation	
1867.0	0.1854369458678713	Kocak	permutation	
1868.0	0.2262099774337214	Kocak	permutation	
1869.0	0.04088207101696728	Kocak	permutation	
1870.0	-0.012010010031126228	Kocak	permutation	
1871.0	-0.04373839698566506	Kocak	permutation	
1872.0	0.266147414899387	Kocak	permutation	
1873.0	-0.17128450887187618	Kocak	permutation	
1874.0	0.013651522885996137	Kocak	permutation	
1875.0	0.20817594088805969	Kocak	permutation	
1876.0	0.14922871006635585	Kocak	permutation	
1877.0	0.008937303825233833	Kocak	permutation	
1878.0	0.19700248406381426	Kocak	permutation	
1879.0	0.151600411865787	Kocak	permutation	
1880.0	0.31747578094081064	Kocak	permutation	
1881.0	0.20445661287526207	Kocak	permutation	
1882.0	0.34517814169152405	Kocak	permutation	
1883.0	0.031231379930639847	Kocak	permutation	
1884.0	-0.13419769945018434	Kocak	permutation	
1885.0	0.08038343714899643	Kocak	permutation	
1886.0	0.344689154795093	Kocak	permutation	
1887.0	0.09732681768621809	Kocak	permutation	
1888.0	-0.07533837033322577	Kocak	permutation	
1889.0	0.09407930154011712	Kocak	permutation	
1890.0	0.020180840253607002	Kocak	permutation	
1891.0	0.1321685910173942	Kocak	permutation	
1892.0	-0.08813893545774398	Kocak	permutation	
1893.0	0.1412547192171747	Kocak	permutation	
1894.0	0.24164090064957744	Kocak	permutation	
1895.0	-0.1032575430534628	Kocak	permutation	
1896.0	0.27955469483858497	Kocak	permutation	
1897.0	-0.18883291490550214	Kocak	permutation	
1898.0	0.10561455881103665	Kocak	permutation	
1899.0	0.017665306660396674	Kocak	permutation	
1900.0	-0.19276313098689268	Kocak	permutation	
1901.0	-0.014588971642192305	Kocak	permutation	
1902.0	-0.07420801423653156	Kocak	permutation	
1903.0	0.16969685009004376	Kocak	permutation	
1904.0	0.13296700815473805	Kocak	permutation	
1905.0	-0.0016754652122639158	Kocak	permutation	
1906.0	0.2300433685316552	Kocak	permutation	
1907.0	-0.06940399361345317	Kocak	permutation	
1908.0	-0.20319040164467594	Kocak	permutation	
1909.0	-0.07093303399775053	Kocak	permutation	
1910.0	-0.18856893349954085	Kocak	permutation	
1911.0	-0.014283794735138855	Kocak	permutation	
1912.0	-0.09311747331159648	Kocak	permutation	
1913.0	-0.13473204805782224	Kocak	permutation	
1914.0	-0.04473833392104254	Kocak	permutation	
1915.0	0.035734014932419456	Kocak	permutation	
1916.0	0.20312703755034178	Kocak	permutation	
1917.0	-0.05269335477449211	Kocak	permutation	
1918.0	-0.18082486460484049	Kocak	permutation	
1919.0	0.14902172323661578	Kocak	permutation	
1920.0	0.005109442080269311	Kocak	permutation	
1921.0	0.0051026766113828614	Kocak	permutation	
1922.0	0.33928648155095953	Kocak	permutation	
1923.0	0.1761347427931197	Kocak	permutation	
1924.0	0.03713316842336578	Kocak	permutation	
1925.0	-0.029271992881714226	Kocak	permutation	
1926.0	0.17631689197526246	Kocak	permutation	
1927.0	-0.11052494172287997	Kocak	permutation	
1928.0	0.01800060518695279	Kocak	permutation	
1929.0	-0.19008395575936188	Kocak	permutation	
1930.0	0.09721414495506941	Kocak	permutation	
1931.0	0.07565723511952349	Kocak	permutation	
1932.0	-0.09274162869771985	Kocak	permutation	
1933.0	0.22836008613956515	Kocak	permutation	
1934.0	0.0009456188480791994	Kocak	permutation	
1935.0	0.025644970089139463	Kocak	permutation	
1936.0	0.21017315503318468	Kocak	permutation	
1937.0	0.07940137950218329	Kocak	permutation	
1938.0	0.20705926641116523	Kocak	permutation	
1939.0	-0.04253144201354697	Kocak	permutation	
1940.0	0.13364300045974353	Kocak	permutation	
1941.0	0.023306051237006464	Kocak	permutation	
1942.0	-0.04735910129035403	Kocak	permutation	
1943.0	-0.06898148066246446	Kocak	permutation	
1944.0	0.1662261281749151	Kocak	permutation	
1945.0	0.27922260807441557	Kocak	permutation	
1946.0	0.0538790875341828	Kocak	permutation	
1947.0	-0.16612218324310213	Kocak	permutation	
1948.0	-0.022918939894232437	Kocak	permutation	
1949.0	0.027768673350323958	Kocak	permutation	
1950.0	0.2847451568917059	Kocak	permutation	
1951.0	0.19453052315934993	Kocak	permutation	
1952.0	0.08635733920508404	Kocak	permutation	
1953.0	0.032487667285168165	Kocak	permutation	
1954.0	0.2082940670141653	Kocak	permutation	
1955.0	0.11473270145169323	Kocak	permutation	
1956.0	0.032524944564842784	Kocak	permutation	
1957.0	-0.09631838032206463	Kocak	permutation	
1958.0	0.12096871425274358	Kocak	permutation	
1959.0	-0.07493661142835784	Kocak	permutation	
1960.0	-0.012623069157878142	Kocak	permutation	
1961.0	0.012216529546545729	Kocak	permutation	
1962.0	0.05264894604306036	Kocak	permutation	
1963.0	0.12651580036278443	Kocak	permutation	
1964.0	0.05570078140593182	Kocak	permutation	
1965.0	0.10777315194842974	Kocak	permutation	
1966.0	0.026683928090292852	Kocak	permutation	
1967.0	-0.04540840312375227	Kocak	permutation	
1968.0	0.016902673602610108	Kocak	permutation	
1969.0	0.1519981417806937	Kocak	permutation	
1970.0	0.12685446934714228	Kocak	permutation	
1971.0	-0.026096846404332297	Kocak	permutation	
1972.0	0.025880686210298265	Kocak	permutation	
1973.0	-0.10269160337772743	Kocak	permutation	
1974.0	-0.001395612020753667	Kocak	permutation	
1975.0	0.19211305944523538	Kocak	permutation	
1976.0	0.25267428044755036	Kocak	permutation	
1977.0	0.21284617443712328	Kocak	permutation	
1978.0	0.29122784461643736	Kocak	permutation	
1979.0	-0.1268366694544616	Kocak	permutation	
1980.0	0.06138957776368148	Kocak	permutation	
1981.0	0.03102404097284417	Kocak	permutation	
1982.0	-0.07669339104389206	Kocak	permutation	
1983.0	0.1503857509093427	Kocak	permutation	
1984.0	0.2464055539600576	Kocak	permutation	
1985.0	0.092419188092979	Kocak	permutation	
1986.0	0.031242900492070014	Kocak	permutation	
1987.0	0.00356766185401991	Kocak	permutation	
1988.0	0.3072475555630385	Kocak	permutation	
1989.0	0.23887503145720768	Kocak	permutation	
1990.0	0.12711824851377962	Kocak	permutation	
1991.0	-0.05425996983291359	Kocak	permutation	
1992.0	0.13866621168552573	Kocak	permutation	
1993.0	-0.08371574583113439	Kocak	permutation	
1994.0	0.02766958666848396	Kocak	permutation	
1995.0	-0.03292557832369081	Kocak	permutation	
1996.0	0.0619822153933276	Kocak	permutation	
1997.0	0.2081086164146182	Kocak	permutation	
1998.0	-0.0441278801086904	Kocak	permutation	
1999.0	0.00044986351643583333	Kocak	permutation	
2000.0	0.21371808442515405	Kocak	permutation	
2001.0	-0.026557816279516366	Kocak	permutation	
2002.0	0.12161050634743642	Kocak	permutation	
2003.0	-0.008137844110530423	Kocak	permutation	
2004.0	0.2546454244784444	Kocak	permutation	
2005.0	0.23291666414465606	Kocak	permutation	
2006.0	-0.11935622017600167	Kocak	permutation	
2007.0	-0.07332328323583237	Kocak	permutation	
2008.0	0.021190038050807658	Kocak	permutation	
2009.0	0.4200706708768518	Kocak	permutation	
2010.0	-0.052027165418826904	Kocak	permutation	
2011.0	-0.10183220627116008	Kocak	permutation	
2012.0	0.19168346790681134	Kocak	permutation	
2013.0	0.0810778604827016	Kocak	permutation	
2014.0	0.0029616693227048074	Kocak	permutation	
2015.0	-0.1451844468122685	Kocak	permutation	
2016.0	0.13309766355525188	Kocak	permutation	
2017.0	-0.013029804671801593	Kocak	permutation	
2018.0	-0.06733740281216427	Kocak	permutation	
2019.0	0.17111921450219825	Kocak	permutation	
2020.0	-0.0449688910129904	Kocak	permutation	
2021.0	-0.0012342710757913267	Kocak	permutation	
2022.0	-0.1537227189998278	Kocak	permutation	
2023.0	0.15484185037999687	Kocak	permutation	
2024.0	0.08006318876458618	Kocak	permutation	
2025.0	-0.012161387975972993	Kocak	permutation	
2026.0	0.07251984125090072	Kocak	permutation	
2027.0	0.11960174791549516	Kocak	permutation	
2028.0	0.23766060587797888	Kocak	permutation	
2029.0	0.1422176984250525	Kocak	permutation	
2030.0	0.23817100059403007	Kocak	permutation	
2031.0	0.05229454402982281	Kocak	permutation	
2032.0	0.03276656276058709	Kocak	permutation	
2033.0	0.20992833034677627	Kocak	permutation	
2034.0	0.10479468883073828	Kocak	permutation	
2035.0	0.13005739004191597	Kocak	permutation	
2036.0	0.27110161404044497	Kocak	permutation	
2037.0	-0.0525425050953201	Kocak	permutation	
2038.0	-0.05323761119756387	Kocak	permutation	
2039.0	0.06529722417226225	Kocak	permutation	
2040.0	0.15772823522257706	Kocak	permutation	
2041.0	0.10398658909364045	Kocak	permutation	
2042.0	0.06440285036202997	Kocak	permutation	
2043.0	0.1528283342857346	Kocak	permutation	
2044.0	0.1625412380022606	Kocak	permutation	
2045.0	0.2438259367329172	Kocak	permutation	
2046.0	-0.12779252123414686	Kocak	permutation	
2047.0	0.15423897061037461	Kocak	permutation	
2048.0	0.1306040538359312	Kocak	permutation	
2049.0	0.141263337317163	Kocak	permutation	
2050.0	-0.16809822865089075	Kocak	permutation	
2051.0	-0.006920852325848159	Kocak	permutation	
2052.0	0.015546775361850784	Kocak	permutation	
2053.0	0.028101453232896034	Kocak	permutation	
2054.0	0.30200026139940483	Kocak	permutation	
2055.0	0.1924630469893316	Kocak	permutation	
2056.0	-0.40748512333136144	Kocak	permutation	
2057.0	-0.03948852348354581	Kocak	permutation	
2058.0	0.0690196668243308	Kocak	permutation	
2059.0	0.06889715553525289	Kocak	permutation	
2060.0	-0.22713489590517089	Kocak	permutation	
2061.0	0.0319535277347347	Kocak	permutation	
2062.0	0.020979326370023088	Kocak	permutation	
2063.0	0.14431054037444113	Kocak	permutation	
2064.0	-0.024469903011553384	Kocak	permutation	
2065.0	0.08407183109625116	Kocak	permutation	
2066.0	0.395527492351313	Kocak	permutation	
2067.0	0.03767300136282259	Kocak	permutation	
2068.0	-0.03356245451791384	Kocak	permutation	
2069.0	0.08945707671965586	Kocak	permutation	
2070.0	0.22954481129313908	Kocak	permutation	
2071.0	0.14999512543238946	Kocak	permutation	
2072.0	0.01536431442397923	Kocak	permutation	
2073.0	-0.17255250207295703	Kocak	permutation	
2074.0	0.12329664512099914	Kocak	permutation	
2075.0	0.2782820163365445	Kocak	permutation	
2076.0	-0.10625279058449433	Kocak	permutation	
2077.0	0.010781854221379561	Kocak	permutation	
2078.0	0.04619969515669098	Kocak	permutation	
2079.0	-0.0007035699618693769	Kocak	permutation	
2080.0	0.1434566959865924	Kocak	permutation	
2081.0	-0.09154605837400354	Kocak	permutation	
2082.0	0.30985010837130034	Kocak	permutation	
2083.0	-0.2918567469883868	Kocak	permutation	
2084.0	0.13793354018002546	Kocak	permutation	
2085.0	-0.08058199662538357	Kocak	permutation	
2086.0	-0.060098628174428015	Kocak	permutation	
2087.0	-0.15517068840058457	Kocak	permutation	
2088.0	0.17823355726468204	Kocak	permutation	
2089.0	0.07880510553078235	Kocak	permutation	
2090.0	0.13789116358712938	Kocak	permutation	
2091.0	-0.3365217492000401	Kocak	permutation	
2092.0	0.15460951156117275	Kocak	permutation	
2093.0	-0.222508125711804	Kocak	permutation	
2094.0	0.0848551438387668	Kocak	permutation	
2095.0	-0.015514567252551181	Kocak	permutation	
2096.0	-0.24033296588951547	Kocak	permutation	
2097.0	-0.034978342859923295	Kocak	permutation	
2098.0	0.15751987693519975	Kocak	permutation	
2099.0	-0.06486399134323406	Kocak	permutation	
2100.0	-0.022159478388682707	Kocak	permutation	
2101.0	-0.029157534792764395	Kocak	permutation	
2102.0	0.046924302260135775	Kocak	permutation	
2103.0	0.27312756903894275	Kocak	permutation	
2104.0	-0.18196791476111684	Kocak	permutation	
2105.0	0.15824094523188492	Kocak	permutation	
2106.0	0.38408757389774983	Kocak	permutation	
2107.0	0.2084409121044839	Kocak	permutation	
2108.0	0.18284160644698044	Kocak	permutation	
2109.0	0.14287100590292479	Kocak	permutation	
2110.0	-0.1853937940826924	Kocak	permutation	
2111.0	-0.09296752652070861	Kocak	permutation	
2112.0	0.028693160032455367	Kocak	permutation	
2113.0	0.11729606488330191	Kocak	permutation	
2114.0	-0.0680960683470353	Kocak	permutation	
2115.0	0.07061083753478403	Kocak	permutation	
2116.0	0.15601695420189277	Kocak	permutation	
2117.0	-0.16465735311007457	Kocak	permutation	
2118.0	0.26699868666966786	Kocak	permutation	
2119.0	0.05033312614480323	Kocak	permutation	
2120.0	0.2565345951014848	Kocak	permutation	
2121.0	-0.0977829187189645	Kocak	permutation	
2122.0	-0.18631975361479824	Kocak	permutation	
2123.0	0.12933663795769146	Kocak	permutation	
2124.0	0.30465014249586275	Kocak	permutation	
2125.0	-0.17853773537903006	Kocak	permutation	
2126.0	-0.4996784509069663	Kocak	permutation	
2127.0	-0.2772967884318298	Kocak	permutation	
2128.0	0.24434287395873167	Kocak	permutation	
2129.0	0.11852052190939677	Kocak	permutation	
2130.0	-0.08798400553168584	Kocak	permutation	
2131.0	-0.09228131364311487	Kocak	permutation	
2132.0	0.06376426095708965	Kocak	permutation	
2133.0	0.08939320485810676	Kocak	permutation	
2134.0	0.16596388664057127	Kocak	permutation	
2135.0	0.08272635482917856	Kocak	permutation	
2136.0	0.05772414967954376	Kocak	permutation	
2137.0	0.0869052031662152	Kocak	permutation	
2138.0	-0.22709899396365518	Kocak	permutation	
2139.0	-0.15429685321736386	Kocak	permutation	
2140.0	0.444086739985015	Kocak	permutation	
2141.0	0.06913988219484679	Kocak	permutation	
2142.0	0.05780369302823907	Kocak	permutation	
2143.0	0.08011949341667357	Kocak	permutation	
2144.0	0.15363301958057285	Kocak	permutation	
2145.0	-0.13977373756940548	Kocak	permutation	
2146.0	-0.11984642203962181	Kocak	permutation	
2147.0	0.05614459080870482	Kocak	permutation	
2148.0	0.2824603819086926	Kocak	permutation	
2149.0	0.2322120980030391	Kocak	permutation	
2150.0	-0.018393746778937903	Kocak	permutation	
2151.0	-0.18370851812217737	Kocak	permutation	
2152.0	0.417122203199928	Kocak	permutation	
2153.0	0.037596775777916314	Kocak	permutation	
2154.0	0.023059309933953998	Kocak	permutation	
2155.0	-0.13118683069273462	Kocak	permutation	
2156.0	0.22775168535908552	Kocak	permutation	
2157.0	0.02575541888346322	Kocak	permutation	
2158.0	-0.06798933460405365	Kocak	permutation	
2159.0	0.05235902892530575	Kocak	permutation	
2160.0	-0.11645841205342844	Kocak	permutation	
2161.0	0.15739158777704088	Kocak	permutation	
2162.0	0.0003183775502213493	Kocak	permutation	
2163.0	0.5121570174252872	Kocak	permutation	
2164.0	-0.07019559169755052	Kocak	permutation	
2165.0	0.13922741949776896	Kocak	permutation	
2166.0	-0.003800627031773196	Kocak	permutation	
2167.0	0.11070076872105528	Kocak	permutation	
2168.0	0.3412798713030103	Kocak	permutation	
2169.0	0.23581768504867107	Kocak	permutation	
2170.0	0.011214423175435861	Kocak	permutation	
2171.0	0.28699852187357955	Kocak	permutation	
2172.0	0.059564227610041875	Kocak	permutation	
2173.0	0.1823850867654011	Kocak	permutation	
2174.0	-0.1425652471461767	Kocak	permutation	
2175.0	0.1217388580541181	Kocak	permutation	
2176.0	0.007376862254692362	Kocak	permutation	
2177.0	0.015874616273931608	Kocak	permutation	
2178.0	0.36097381760766556	Kocak	permutation	
2179.0	0.054503597770257706	Kocak	permutation	
2180.0	-0.26739193224470004	Kocak	permutation	
2181.0	-0.35211381406962605	Kocak	permutation	
2182.0	-0.049095517551359436	Kocak	permutation	
2183.0	0.25845303601798086	Kocak	permutation	
2184.0	0.07032405040697842	Kocak	permutation	
2185.0	-0.052181864194197125	Kocak	permutation	
2186.0	-0.06163412298876292	Kocak	permutation	
2187.0	0.16204009325040492	Kocak	permutation	
2188.0	0.09348116491020342	Kocak	permutation	
2189.0	0.021438464787953748	Kocak	permutation	
2190.0	-0.0724126001358627	Kocak	permutation	
2191.0	-0.14558570687716177	Kocak	permutation	
2192.0	0.10429801151032603	Kocak	permutation	
2193.0	0.2524568972902008	Kocak	permutation	
2194.0	0.12864237531547307	Kocak	permutation	
2195.0	0.32079828900603324	Kocak	permutation	
2196.0	-0.021669295061236937	Kocak	permutation	
2197.0	0.23685810992800427	Kocak	permutation	
2198.0	0.23278656847418056	Kocak	permutation	
2199.0	-0.1354882841736469	Kocak	permutation	
2200.0	0.17353555022652856	Kocak	permutation	
2201.0	-0.03260935688004629	Kocak	permutation	
2202.0	0.2370242021126705	Kocak	permutation	
2203.0	-0.24580303186387553	Kocak	permutation	
2204.0	0.20691703726811994	Kocak	permutation	
2205.0	-0.03532855595712103	Kocak	permutation	
2206.0	0.06109719877706965	Kocak	permutation	
2207.0	0.14008330220284648	Kocak	permutation	
2208.0	0.03852718630391028	Kocak	permutation	
2209.0	0.13914682891675856	Kocak	permutation	
2210.0	-0.1647181316853299	Kocak	permutation	
2211.0	0.3779823697027451	Kocak	permutation	
2212.0	0.12116712677472918	Kocak	permutation	
2213.0	0.36032055110731864	Kocak	permutation	
2214.0	0.20840605840962212	Kocak	permutation	
2215.0	0.14360118112152254	Kocak	permutation	
2216.0	-0.16595660557332437	Kocak	permutation	
2217.0	0.3482640072535075	Kocak	permutation	
2218.0	0.21304372506767777	Kocak	permutation	
2219.0	0.04043435631183634	Kocak	permutation	
2220.0	-0.07747629642901188	Kocak	permutation	
2221.0	0.04429050312163785	Kocak	permutation	
2222.0	0.005339296122685688	Kocak	permutation	
2223.0	0.06547470832344882	Kocak	permutation	
2224.0	0.27486323613286423	Kocak	permutation	
2225.0	0.21459468775569235	Kocak	permutation	
2226.0	-0.08769249253387912	Kocak	permutation	
2227.0	-0.2084884426651028	Kocak	permutation	
2228.0	0.2514026788153547	Kocak	permutation	
2229.0	-0.05026476575425498	Kocak	permutation	
2230.0	0.23850094782287723	Kocak	permutation	
2231.0	-0.02550642983688789	Kocak	permutation	
2232.0	0.23732017055754184	Kocak	permutation	
2233.0	0.18892596066036038	Kocak	permutation	
2234.0	0.01726761922431841	Kocak	permutation	
2235.0	0.29747648327601794	Kocak	permutation	
2236.0	0.15345934848503884	Kocak	permutation	
2237.0	0.11428131761189864	Kocak	permutation	
2238.0	0.012036470843580283	Kocak	permutation	
2239.0	0.15318429535337774	Kocak	permutation	
2240.0	-0.06307145825956617	Kocak	permutation	
2241.0	0.1850359700408788	Kocak	permutation	
2242.0	-0.22538699526106676	Kocak	permutation	
2243.0	0.161945552697504	Kocak	permutation	
2244.0	-0.0962365270775356	Kocak	permutation	
2245.0	0.054635169759869484	Kocak	permutation	
2246.0	0.27587233320794	Kocak	permutation	
2247.0	0.10047647574569574	Kocak	permutation	
2248.0	0.030123999260252887	Kocak	permutation	
2249.0	-0.1774505002009823	Kocak	permutation	
2250.0	0.05695157288644914	Kocak	permutation	
2251.0	-0.136484170005283	Kocak	permutation	
2252.0	-0.17048369182967438	Kocak	permutation	
2253.0	-0.13171976020010145	Kocak	permutation	
2254.0	0.14288801656270333	Kocak	permutation	
2255.0	-0.08046145554308115	Kocak	permutation	
2256.0	0.13622741329960064	Kocak	permutation	
2257.0	-0.12931306992563485	Kocak	permutation	
2258.0	0.37989732448812674	Kocak	permutation	
2259.0	-0.08066974189179454	Kocak	permutation	
2260.0	-0.03465104984716394	Kocak	permutation	
2261.0	-0.024580881533105448	Kocak	permutation	
2262.0	0.22146802540505028	Kocak	permutation	
2263.0	0.1536593727837623	Kocak	permutation	
2264.0	-0.15371364708417	Kocak	permutation	
2265.0	0.011720153501523889	Kocak	permutation	
2266.0	0.05951719369316333	Kocak	permutation	
2267.0	0.10629652157899372	Kocak	permutation	
2268.0	-0.22954130575415022	Kocak	permutation	
2269.0	-0.005815847509517802	Kocak	permutation	
2270.0	-0.12935847643601406	Kocak	permutation	
2271.0	0.4177689609062858	Kocak	permutation	
2272.0	-0.09108125633896513	Kocak	permutation	
2273.0	-0.1118711286787688	Kocak	permutation	
2274.0	0.06705101744100528	Kocak	permutation	
2275.0	0.29766436447517375	Kocak	permutation	
2276.0	0.00849731935115372	Kocak	permutation	
2277.0	-0.028069596902418503	Kocak	permutation	
2278.0	-0.21062016547086237	Kocak	permutation	
2279.0	0.013995289530831734	Kocak	permutation	
2280.0	-0.10657054214668005	Kocak	permutation	
2281.0	-0.21718977926571892	Kocak	permutation	
2282.0	0.10756811491492613	Kocak	permutation	
2283.0	0.023378581361886752	Kocak	permutation	
2284.0	0.07613949811367426	Kocak	permutation	
2285.0	-0.06863429465615489	Kocak	permutation	
2286.0	0.0797714544731063	Kocak	permutation	
2287.0	0.08436034947944737	Kocak	permutation	
2288.0	-0.2053435003726376	Kocak	permutation	
2289.0	-0.10845934248927858	Kocak	permutation	
2290.0	-0.22306748161774248	Kocak	permutation	
2291.0	-0.0016220093982886041	Kocak	permutation	
2292.0	-0.16147962615933054	Kocak	permutation	
2293.0	0.03421303838167056	Kocak	permutation	
2294.0	0.24237422474710524	Kocak	permutation	
2295.0	0.070409381286904	Kocak	permutation	
2296.0	0.11039059624053582	Kocak	permutation	
2297.0	0.008627254147164365	Kocak	permutation	
2298.0	0.0060037807448347635	Kocak	permutation	
2299.0	0.12379402916254811	Kocak	permutation	
2300.0	0.2545870958759071	Kocak	permutation	
2301.0	-0.12609621265262572	Kocak	permutation	
2302.0	0.23291729021577812	Kocak	permutation	
2303.0	-0.44403066077400233	Kocak	permutation	
2304.0	0.16343233498967003	Kocak	permutation	
2305.0	-0.0050127772122614545	Kocak	permutation	
2306.0	0.039709457057570674	Kocak	permutation	
2307.0	0.18961095889936175	Kocak	permutation	
2308.0	-0.0245748705589639	Kocak	permutation	
2309.0	-0.05847772114065197	Kocak	permutation	
2310.0	-0.003077178552092441	Kocak	permutation	
2311.0	-0.2541485586264862	Kocak	permutation	
2312.0	-0.014583230670768721	Kocak	permutation	
2313.0	0.0900045174462818	Kocak	permutation	
2314.0	-0.11819193873753164	Kocak	permutation	
2315.0	0.02975552457484376	Kocak	permutation	
2316.0	-0.06088385267776797	Kocak	permutation	
2317.0	0.12447114415530258	Kocak	permutation	
2318.0	0.08911297706736221	Kocak	permutation	
2319.0	0.20567730958135044	Kocak	permutation	
2320.0	-0.08463180396167225	Kocak	permutation	
2321.0	0.21114804250834762	Kocak	permutation	
2322.0	0.1733743058598245	Kocak	permutation	
2323.0	0.1532876732966182	Kocak	permutation	
2324.0	0.32476362147287663	Kocak	permutation	
2325.0	0.10838330261411766	Kocak	permutation	
2326.0	-0.03492894525144408	Kocak	permutation	
2327.0	-0.19389001785214255	Kocak	permutation	
2328.0	0.06929392176378002	Kocak	permutation	
2329.0	0.05330021955087272	Kocak	permutation	
2330.0	0.024293687273732267	Kocak	permutation	
2331.0	0.3770509836658791	Kocak	permutation	
2332.0	0.10191271034883886	Kocak	permutation	
2333.0	0.09206363311421928	Kocak	permutation	
2334.0	-0.09975940838131692	Kocak	permutation	
2335.0	0.29526725107893537	Kocak	permutation	
2336.0	0.24761155140653557	Kocak	permutation	
2337.0	0.11371688074008901	Kocak	permutation	
2338.0	-0.011389458029885446	Kocak	permutation	
2339.0	0.16528409160735436	Kocak	permutation	
2340.0	-0.07439705580015676	Kocak	permutation	
2341.0	0.5646379296293045	Kocak	permutation	
2342.0	0.07841120392464518	Kocak	permutation	
2343.0	0.19660325719550542	Kocak	permutation	
2344.0	0.14853528302624763	Kocak	permutation	
2345.0	0.048940901193878616	Kocak	permutation	
2346.0	0.17924226987330272	Kocak	permutation	
2347.0	-0.030356637189679958	Kocak	permutation	
2348.0	-0.0870365967106137	Kocak	permutation	
2349.0	0.2776495592823922	Kocak	permutation	
2350.0	0.2455741987419815	Kocak	permutation	
2351.0	-0.07914938447884978	Kocak	permutation	
2352.0	0.059013825976133916	Kocak	permutation	
2353.0	0.0008370731535825016	Kocak	permutation	
2354.0	0.02240762790039419	Kocak	permutation	
2355.0	0.3259956723091193	Kocak	permutation	
2356.0	-0.3200319332894379	Kocak	permutation	
2357.0	0.09850006283165147	Kocak	permutation	
2358.0	0.13177947567180315	Kocak	permutation	
2359.0	-0.08557935187926002	Kocak	permutation	
2360.0	0.24738784288443316	Kocak	permutation	
2361.0	0.013019726718087377	Kocak	permutation	
2362.0	0.09639036952501723	Kocak	permutation	
2363.0	-0.027359234461800774	Kocak	permutation	
2364.0	0.11653958419217858	Kocak	permutation	
2365.0	0.30318322260255837	Kocak	permutation	
2366.0	-0.07808320632855903	Kocak	permutation	
2367.0	0.34853650506351563	Kocak	permutation	
2368.0	0.2050909527571534	Kocak	permutation	
2369.0	0.03849568725440555	Kocak	permutation	
2370.0	-0.09697244444511721	Kocak	permutation	
2371.0	0.047206705301474194	Kocak	permutation	
2372.0	0.062172365871364654	Kocak	permutation	
2373.0	-0.06821098291079686	Kocak	permutation	
2374.0	0.12543318568755346	Kocak	permutation	
2375.0	0.18963959284654042	Kocak	permutation	
2376.0	0.25848044367869694	Kocak	permutation	
2377.0	0.05184926391148181	Kocak	permutation	
2378.0	0.17500265850312946	Kocak	permutation	
2379.0	-0.18537454029227796	Kocak	permutation	
2380.0	0.1669522785784494	Kocak	permutation	
2381.0	0.23827249218437263	Kocak	permutation	
2382.0	0.027113258348838265	Kocak	permutation	
2383.0	-0.1028209220844678	Kocak	permutation	
2384.0	0.25157125636150646	Kocak	permutation	
2385.0	-0.2954093373044655	Kocak	permutation	
2386.0	-0.09455360924310785	Kocak	permutation	
2387.0	0.07567836876154743	Kocak	permutation	
2388.0	-0.3958576227706292	Kocak	permutation	
2389.0	-0.020852547542597577	Kocak	permutation	
2390.0	0.15069856504298862	Kocak	permutation	
2391.0	0.20890789088398165	Kocak	permutation	
2392.0	0.033750220978677525	Kocak	permutation	
2393.0	0.2450049167252608	Kocak	permutation	
2394.0	0.15106228063363947	Kocak	permutation	
2395.0	-0.10248229100432837	Kocak	permutation	
2396.0	0.01576937952597568	Kocak	permutation	
2397.0	-0.1315290903729247	Kocak	permutation	
2398.0	-0.06443601545446409	Kocak	permutation	
2399.0	-0.04617241491216717	Kocak	permutation	
2400.0	-0.07282863765315017	Kocak	permutation	
2401.0	-0.16370094938260227	Kocak	permutation	
2402.0	-0.018253037638865877	Kocak	permutation	
2403.0	-0.14592567596260686	Kocak	permutation	
2404.0	-0.03705277062626955	Kocak	permutation	
2405.0	-0.1477420300595229	Kocak	permutation	
2406.0	-0.08820144947096598	Kocak	permutation	
2407.0	0.1147753880046567	Kocak	permutation	
2408.0	0.11379730318535675	Kocak	permutation	
2409.0	0.03168997442631838	Kocak	permutation	
2410.0	0.11817358576039538	Kocak	permutation	
2411.0	-0.07692642602218047	Kocak	permutation	
2412.0	-0.024251022661210264	Kocak	permutation	
2413.0	-0.07566644217023466	Kocak	permutation	
2414.0	0.0033043310670848314	Kocak	permutation	
2415.0	-0.23027248548350254	Kocak	permutation	
2416.0	0.13829986264400773	Kocak	permutation	
2417.0	0.18395769970632436	Kocak	permutation	
2418.0	-0.13705401273073647	Kocak	permutation	
2419.0	0.1054228739805616	Kocak	permutation	
2420.0	0.05991938304931743	Kocak	permutation	
2421.0	0.1820506217924347	Kocak	permutation	
2422.0	0.030549830962780966	Kocak	permutation	
2423.0	0.07100030412914293	Kocak	permutation	
2424.0	0.16482743299839342	Kocak	permutation	
2425.0	0.3850739748585701	Kocak	permutation	
2426.0	0.02227917103504673	Kocak	permutation	
2427.0	-0.11415476568526195	Kocak	permutation	
2428.0	0.1477085755185792	Kocak	permutation	
2429.0	-0.1610515360360898	Kocak	permutation	
2430.0	0.23312225638790984	Kocak	permutation	
2431.0	0.05398626533061801	Kocak	permutation	
2432.0	-0.1659219671088632	Kocak	permutation	
2433.0	-0.023676048189830823	Kocak	permutation	
2434.0	0.1269510591808558	Kocak	permutation	
2435.0	-0.3446463265287232	Kocak	permutation	
2436.0	-0.01819274437843621	Kocak	permutation	
2437.0	0.05834874085482067	Kocak	permutation	
2438.0	-0.005395526690463726	Kocak	permutation	
2439.0	0.1409506629121413	Kocak	permutation	
2440.0	-0.07682112536232388	Kocak	permutation	
2441.0	-0.3262434598442878	Kocak	permutation	
2442.0	0.1628994581277663	Kocak	permutation	
2443.0	0.1289124464990712	Kocak	permutation	
2444.0	0.13330880612467144	Kocak	permutation	
2445.0	0.1603021389275785	Kocak	permutation	
2446.0	0.15296782346231197	Kocak	permutation	
2447.0	0.008469257308438394	Kocak	permutation	
2448.0	-0.012010132230648729	Kocak	permutation	
2449.0	-0.07037139758735655	Kocak	permutation	
2450.0	0.0303052096665386	Kocak	permutation	
2451.0	0.19635898769707527	Kocak	permutation	
2452.0	0.0592625962021982	Kocak	permutation	
2453.0	0.2826275732914425	Kocak	permutation	
2454.0	0.06391941756389663	Kocak	permutation	
2455.0	0.24334446243437835	Kocak	permutation	
2456.0	0.0751974118769958	Kocak	permutation	
2457.0	-0.06079669161898149	Kocak	permutation	
2458.0	0.4324753010225457	Kocak	permutation	
2459.0	-0.06581034252136408	Kocak	permutation	
2460.0	-0.02169923835324905	Kocak	permutation	
2461.0	0.31698557382104653	Kocak	permutation	
2462.0	0.264391081861314	Kocak	permutation	
2463.0	0.02448942742262261	Kocak	permutation	
2464.0	-0.04538486216511828	Kocak	permutation	
2465.0	0.23469061488054166	Kocak	permutation	
2466.0	0.049427693651229454	Kocak	permutation	
2467.0	0.3552507094264632	Kocak	permutation	
2468.0	0.053613921927311736	Kocak	permutation	
2469.0	-0.08329979621141614	Kocak	permutation	
2470.0	0.35706449478277147	Kocak	permutation	
2471.0	0.0015354121465334103	Kocak	permutation	
2472.0	-0.18717957594615964	Kocak	permutation	
2473.0	-0.023875527269885843	Kocak	permutation	
2474.0	0.0775319988970633	Kocak	permutation	
2475.0	0.09576127416790214	Kocak	permutation	
2476.0	0.4372272317749619	Kocak	permutation	
2477.0	-0.20730251516928977	Kocak	permutation	
2478.0	0.29695683872706535	Kocak	permutation	
2479.0	0.195418331557776	Kocak	permutation	
2480.0	0.27002794103830574	Kocak	permutation	
2481.0	0.17159057326005644	Kocak	permutation	
2482.0	0.03230043115294556	Kocak	permutation	
2483.0	-0.15585995592293678	Kocak	permutation	
2484.0	0.0017266327270855086	Kocak	permutation	
2485.0	0.05792158846776463	Kocak	permutation	
2486.0	-0.023821912660041633	Kocak	permutation	
2487.0	-0.09353732852172492	Kocak	permutation	
2488.0	-0.0037281718086852322	Kocak	permutation	
2489.0	-0.16219341020107958	Kocak	permutation	
2490.0	0.030457348494064895	Kocak	permutation	
2491.0	0.10387053318105277	Kocak	permutation	
2492.0	0.23639468947406073	Kocak	permutation	
2493.0	0.05770738130676634	Kocak	permutation	
2494.0	0.26205590410076773	Kocak	permutation	
2495.0	-0.053189113348858896	Kocak	permutation	
2496.0	0.31393228552657604	Kocak	permutation	
2497.0	0.08750644964340992	Kocak	permutation	
2498.0	0.2533362316973946	Kocak	permutation	
2499.0	0.20070264724536013	Kocak	permutation	
2500.0	-0.10188357878002474	Kocak	permutation	
2501.0	-0.14947813848414615	Kocak	permutation	
2502.0	0.1254811253209569	Kocak	permutation	
2503.0	0.09439636094360004	Kocak	permutation	
2504.0	0.053832259414989814	Kocak	permutation	
2505.0	-0.05355801667047366	Kocak	permutation	
2506.0	0.0779234050701767	Kocak	permutation	
2507.0	0.09552137656994475	Kocak	permutation	
2508.0	0.2598916023210558	Kocak	permutation	
2509.0	0.0791233177257924	Kocak	permutation	
2510.0	0.18679591896942238	Kocak	permutation	
2511.0	0.11436730684871055	Kocak	permutation	
2512.0	0.3214018852456517	Kocak	permutation	
2513.0	-0.21510082089719784	Kocak	permutation	
2514.0	0.03849294007144177	Kocak	permutation	
2515.0	0.04065319900819997	Kocak	permutation	
2516.0	0.12628068534061931	Kocak	permutation	
2517.0	-0.03855644369530076	Kocak	permutation	
2518.0	0.20924318199822078	Kocak	permutation	
2519.0	0.13305197864670326	Kocak	permutation	
2520.0	-0.04541505354169839	Kocak	permutation	
2521.0	-0.359968494022481	Kocak	permutation	
2522.0	-0.015752329174318902	Kocak	permutation	
2523.0	-0.12106434105410102	Kocak	permutation	
2524.0	-0.07132180221262008	Kocak	permutation	
2525.0	0.025776486430767243	Kocak	permutation	
2526.0	-0.07884948169254269	Kocak	permutation	
2527.0	-0.12717492910904138	Kocak	permutation	
2528.0	-0.09445453800905135	Kocak	permutation	
2529.0	-0.08528041224459759	Kocak	permutation	
2530.0	-0.11596626378966324	Kocak	permutation	
2531.0	-0.024365755096185993	Kocak	permutation	
2532.0	-0.10379149647986718	Kocak	permutation	
2533.0	0.24951210858878348	Kocak	permutation	
2534.0	0.1375059050565106	Kocak	permutation	
2535.0	0.15040315469685073	Kocak	permutation	
2536.0	-0.14047197962577407	Kocak	permutation	
2537.0	-0.0629470407691457	Kocak	permutation	
2538.0	0.06035648664864279	Kocak	permutation	
2539.0	-0.018022587242203514	Kocak	permutation	
2540.0	0.004617122313602451	Kocak	permutation	
2541.0	-0.19042028398166355	Kocak	permutation	
2542.0	0.31251624722660676	Kocak	permutation	
2543.0	0.05540809456721352	Kocak	permutation	
2544.0	-0.028289854812171278	Kocak	permutation	
2545.0	0.1729607797586521	Kocak	permutation	
2546.0	-0.10282073114292256	Kocak	permutation	
2547.0	0.10230732033540679	Kocak	permutation	
2548.0	-0.05716941708782741	Kocak	permutation	
2549.0	0.010817119230425831	Kocak	permutation	
2550.0	-0.21015206745495973	Kocak	permutation	
2551.0	0.2998222394463035	Kocak	permutation	
2552.0	-0.018544187798801737	Kocak	permutation	
2553.0	0.03665930232299086	Kocak	permutation	
2554.0	0.10125266092393836	Kocak	permutation	
2555.0	-0.05815175488289981	Kocak	permutation	
2556.0	-0.21726488374827202	Kocak	permutation	
2557.0	0.09415310451193992	Kocak	permutation	
2558.0	-0.17306356281109636	Kocak	permutation	
2559.0	-0.04212384438738681	Kocak	permutation	
2560.0	0.15810871163143236	Kocak	permutation	
2561.0	-0.027236115022487795	Kocak	permutation	
2562.0	0.13675928939326987	Kocak	permutation	
2563.0	0.16492006550397775	Kocak	permutation	
2564.0	-0.07684254521343448	Kocak	permutation	
2565.0	0.20666708663898792	Kocak	permutation	
2566.0	-0.30926591967242256	Kocak	permutation	
2567.0	0.027678979117998992	Kocak	permutation	
2568.0	0.19477443789710325	Kocak	permutation	
2569.0	0.1563912862485326	Kocak	permutation	
2570.0	0.016116313953192574	Kocak	permutation	
2571.0	0.0401234575215863	Kocak	permutation	
2572.0	0.39254184632858635	Kocak	permutation	
2573.0	-0.07660778962127246	Kocak	permutation	
2574.0	-0.05748031944699239	Kocak	permutation	
2575.0	-0.0343436896201057	Kocak	permutation	
2576.0	0.20095182796114752	Kocak	permutation	
2577.0	0.2190355391226415	Kocak	permutation	
2578.0	-0.14674025560914572	Kocak	permutation	
2579.0	0.20049870167878048	Kocak	permutation	
2580.0	0.007084138055040157	Kocak	permutation	
2581.0	0.20743086564896096	Kocak	permutation	
2582.0	0.05281948593781838	Kocak	permutation	
2583.0	-0.25045768316069505	Kocak	permutation	
2584.0	0.0674073656051215	Kocak	permutation	
2585.0	0.04907233363633701	Kocak	permutation	
2586.0	-0.01908676092271655	Kocak	permutation	
2587.0	-0.2036429708432319	Kocak	permutation	
2588.0	-0.10358514096537252	Kocak	permutation	
2589.0	-0.22144437070662004	Kocak	permutation	
2590.0	0.1504927068743971	Kocak	permutation	
2591.0	-0.2881970684424999	Kocak	permutation	
2592.0	0.15637152129379395	Kocak	permutation	
2593.0	0.05518479060647863	Kocak	permutation	
2594.0	-0.18214726068061537	Kocak	permutation	
2595.0	0.020329505187690167	Kocak	permutation	
2596.0	0.16266762609062013	Kocak	permutation	
2597.0	-0.010302367971973148	Kocak	permutation	
2598.0	-0.12212769465641671	Kocak	permutation	
2599.0	0.11914785095226943	Kocak	permutation	
2600.0	0.11588234040955658	Kocak	permutation	
2601.0	-0.07797996033415888	Kocak	permutation	
2602.0	0.012093501222208758	Kocak	permutation	
2603.0	-0.19078847094888118	Kocak	permutation	
2604.0	-0.027858015238121148	Kocak	permutation	
2605.0	-0.24240705401259088	Kocak	permutation	
2606.0	-0.01758903756927932	Kocak	permutation	
2607.0	0.03576933044131092	Kocak	permutation	
2608.0	0.10469953297803158	Kocak	permutation	
2609.0	-0.15963563050819474	Kocak	permutation	
2610.0	0.23603520497702934	Kocak	permutation	
2611.0	0.06079011327282924	Kocak	permutation	
2612.0	-0.024543608944724404	Kocak	permutation	
2613.0	-0.3568643562296989	Kocak	permutation	
2614.0	-0.1585424803178599	Kocak	permutation	
2615.0	0.10464353209434929	Kocak	permutation	
2616.0	0.16019890086201904	Kocak	permutation	
2617.0	0.15167796398894762	Kocak	permutation	
2618.0	0.10061567941181249	Kocak	permutation	
2619.0	0.14372770378686184	Kocak	permutation	
2620.0	0.02414503550604241	Kocak	permutation	
2621.0	0.22193488332327238	Kocak	permutation	
2622.0	0.16252745728434803	Kocak	permutation	
2623.0	0.1566320820150695	Kocak	permutation	
2624.0	0.01602616527884937	Kocak	permutation	
2625.0	-0.044580899479011116	Kocak	permutation	
2626.0	0.06449538351466177	Kocak	permutation	
2627.0	0.2860121247327818	Kocak	permutation	
2628.0	0.009319451063462658	Kocak	permutation	
2629.0	-0.041563051091578096	Kocak	permutation	
2630.0	0.028758352359301576	Kocak	permutation	
2631.0	0.152435958824233	Kocak	permutation	
2632.0	-0.151528143220796	Kocak	permutation	
2633.0	-0.15974863291769825	Kocak	permutation	
2634.0	-0.15395778325897513	Kocak	permutation	
2635.0	0.012057703977358614	Kocak	permutation	
2636.0	-0.19088807079947223	Kocak	permutation	
2637.0	-0.10869447851998171	Kocak	permutation	
2638.0	0.12276764168686327	Kocak	permutation	
2639.0	0.3357050313611518	Kocak	permutation	
2640.0	0.07507049480762973	Kocak	permutation	
2641.0	0.025752767343223404	Kocak	permutation	
2642.0	-0.08920606697348266	Kocak	permutation	
2643.0	-0.034709171421307694	Kocak	permutation	
2644.0	0.22728525674517286	Kocak	permutation	
2645.0	0.2659731093485229	Kocak	permutation	
2646.0	-0.07390915209829174	Kocak	permutation	
2647.0	-0.034450856554689935	Kocak	permutation	
2648.0	-0.11059604985082405	Kocak	permutation	
2649.0	-0.013286708630644739	Kocak	permutation	
2650.0	0.1798788311969819	Kocak	permutation	
2651.0	0.1586879169639417	Kocak	permutation	
2652.0	-0.037529491145427585	Kocak	permutation	
2653.0	0.05661225085933719	Kocak	permutation	
2654.0	0.06944001012992285	Kocak	permutation	
2655.0	-0.08492832665187322	Kocak	permutation	
2656.0	0.08619066651516594	Kocak	permutation	
2657.0	-0.04254777899847184	Kocak	permutation	
2658.0	-0.05358672776261297	Kocak	permutation	
2659.0	0.0949288565442572	Kocak	permutation	
2660.0	-0.014888440227463384	Kocak	permutation	
2661.0	0.1587426806869141	Kocak	permutation	
2662.0	0.2629904761099544	Kocak	permutation	
2663.0	0.0864270199525432	Kocak	permutation	
2664.0	0.03180967254611122	Kocak	permutation	
2665.0	0.12066152997052537	Kocak	permutation	
2666.0	-0.05905044540304605	Kocak	permutation	
2667.0	0.15494615523265853	Kocak	permutation	
2668.0	-0.07438230523275102	Kocak	permutation	
2669.0	-0.09240560682809562	Kocak	permutation	
2670.0	0.13489932533160331	Kocak	permutation	
2671.0	0.05083185508706034	Kocak	permutation	
2672.0	0.018098152398724032	Kocak	permutation	
2673.0	0.038312969445621015	Kocak	permutation	
2674.0	0.07842687645366286	Kocak	permutation	
2675.0	-0.21450991720971935	Kocak	permutation	
2676.0	-0.05096010761685843	Kocak	permutation	
2677.0	-0.07701414546347074	Kocak	permutation	
2678.0	0.0850898267083382	Kocak	permutation	
2679.0	0.11587650775549552	Kocak	permutation	
2680.0	0.006600010679711055	Kocak	permutation	
2681.0	-0.07075000087122163	Kocak	permutation	
2682.0	0.23405933006624213	Kocak	permutation	
2683.0	0.06271831074941225	Kocak	permutation	
2684.0	0.03842276859375282	Kocak	permutation	
2685.0	0.05038789763219942	Kocak	permutation	
2686.0	-0.2570682940716704	Kocak	permutation	
2687.0	-0.3057256158425208	Kocak	permutation	
2688.0	0.09040663202921095	Kocak	permutation	
2689.0	0.1816197891640705	Kocak	permutation	
2690.0	0.05788275462944181	Kocak	permutation	
2691.0	-0.13332282262031558	Kocak	permutation	
2692.0	0.13994654941305562	Kocak	permutation	
2693.0	0.21822392706342786	Kocak	permutation	
2694.0	0.030780654969540855	Kocak	permutation	
2695.0	0.11750861680578595	Kocak	permutation	
2696.0	0.036275685368806876	Kocak	permutation	
2697.0	0.006007749126675677	Kocak	permutation	
2698.0	0.241477152432652	Kocak	permutation	
2699.0	0.10416435800296764	Kocak	permutation	
2700.0	0.08191770914502339	Kocak	permutation	
2701.0	0.09044130631008684	Kocak	permutation	
2702.0	0.09846366736384837	Kocak	permutation	
2703.0	0.04394794871305674	Kocak	permutation	
2704.0	-0.029511140486961907	Kocak	permutation	
2705.0	0.15220936089524084	Kocak	permutation	
2706.0	-0.09520411481836355	Kocak	permutation	
2707.0	0.18636502258636867	Kocak	permutation	
2708.0	0.09402385155151194	Kocak	permutation	
2709.0	0.07653397171282794	Kocak	permutation	
2710.0	0.08977020728639307	Kocak	permutation	
2711.0	0.045937879073699506	Kocak	permutation	
2712.0	-0.2904361796196282	Kocak	permutation	
2713.0	0.05940935634822431	Kocak	permutation	
2714.0	-0.09713817561360116	Kocak	permutation	
2715.0	-0.1803430868397653	Kocak	permutation	
2716.0	0.09258420881141038	Kocak	permutation	
2717.0	0.3948525313612752	Kocak	permutation	
2718.0	0.15330378648095433	Kocak	permutation	
2719.0	0.06524029493249994	Kocak	permutation	
2720.0	0.0037396951974857373	Kocak	permutation	
2721.0	0.1590187905878766	Kocak	permutation	
2722.0	0.04106917884213068	Kocak	permutation	
2723.0	0.06936087668565616	Kocak	permutation	
2724.0	0.07214935932976196	Kocak	permutation	
2725.0	0.0833137267389068	Kocak	permutation	
2726.0	0.19415591619834416	Kocak	permutation	
2727.0	-0.18575515975858092	Kocak	permutation	
2728.0	0.14189811621536563	Kocak	permutation	
2729.0	-0.20566319193522098	Kocak	permutation	
2730.0	0.19779760419999093	Kocak	permutation	
2731.0	0.1686484043198515	Kocak	permutation	
2732.0	0.11778048736454583	Kocak	permutation	
2733.0	0.3221542057062541	Kocak	permutation	
2734.0	0.21477055339054552	Kocak	permutation	
2735.0	0.21016467259485871	Kocak	permutation	
2736.0	0.06925059679967838	Kocak	permutation	
2737.0	0.18406911803593662	Kocak	permutation	
2738.0	0.04365973423578229	Kocak	permutation	
2739.0	0.08654935518732909	Kocak	permutation	
2740.0	0.07800865965915005	Kocak	permutation	
2741.0	0.15902562205539006	Kocak	permutation	
2742.0	-0.03117496034979439	Kocak	permutation	
2743.0	0.11031397741280813	Kocak	permutation	
2744.0	-0.05630463096988514	Kocak	permutation	
2745.0	-0.18633802844476044	Kocak	permutation	
2746.0	-0.0891026718672574	Kocak	permutation	
2747.0	0.02515192868351246	Kocak	permutation	
2748.0	0.35585009953383295	Kocak	permutation	
2749.0	0.01773573020234398	Kocak	permutation	
2750.0	0.13482606525327867	Kocak	permutation	
2751.0	0.1371630549425431	Kocak	permutation	
2752.0	0.13317438632915923	Kocak	permutation	
2753.0	0.06654206521985628	Kocak	permutation	
2754.0	0.12003895766514017	Kocak	permutation	
2755.0	-0.008202216427933173	Kocak	permutation	
2756.0	0.06247608140081695	Kocak	permutation	
2757.0	0.23836150614493423	Kocak	permutation	
2758.0	-0.044024718678140395	Kocak	permutation	
2759.0	0.24285268912525648	Kocak	permutation	
2760.0	-0.03309098532445276	Kocak	permutation	
2761.0	0.19231089516964417	Kocak	permutation	
2762.0	0.1267028956212961	Kocak	permutation	
2763.0	0.12428105999562966	Kocak	permutation	
2764.0	0.026346137109828582	Kocak	permutation	
2765.0	0.15036021673479283	Kocak	permutation	
2766.0	0.1713215705637774	Kocak	permutation	
2767.0	0.23570307696763937	Kocak	permutation	
2768.0	-0.11348384043416893	Kocak	permutation	
2769.0	-0.013477959271070539	Kocak	permutation	
2770.0	-0.0020215058936976504	Kocak	permutation	
2771.0	-0.03637372141778439	Kocak	permutation	
2772.0	0.22579923590638895	Kocak	permutation	
2773.0	0.27665913655429364	Kocak	permutation	
2774.0	0.17570928737692615	Kocak	permutation	
2775.0	0.2517321180181247	Kocak	permutation	
2776.0	0.03182741347082363	Kocak	permutation	
2777.0	-0.01227721962764683	Kocak	permutation	
2778.0	0.05819671014147865	Kocak	permutation	
2779.0	-0.0672272891533785	Kocak	permutation	
2780.0	0.1645021852608597	Kocak	permutation	
2781.0	-0.03431512194553665	Kocak	permutation	
2782.0	0.29415452414604903	Kocak	permutation	
2783.0	-0.06527058284435494	Kocak	permutation	
2784.0	0.08678544514465525	Kocak	permutation	
2785.0	0.02206904538334964	Kocak	permutation	
2786.0	0.15628967295032314	Kocak	permutation	
2787.0	0.043587379267833626	Kocak	permutation	
2788.0	-0.16761720205105135	Kocak	permutation	
2789.0	0.3168241564574119	Kocak	permutation	
2790.0	0.24804632379584834	Kocak	permutation	
2791.0	0.24680809173240892	Kocak	permutation	
2792.0	-0.09696717167161228	Kocak	permutation	
2793.0	0.06875219171311375	Kocak	permutation	
2794.0	-0.05404827272204482	Kocak	permutation	
2795.0	-0.1634708575375079	Kocak	permutation	
2796.0	0.20941159474271132	Kocak	permutation	
2797.0	0.05067979123006339	Kocak	permutation	
2798.0	0.05870984575589233	Kocak	permutation	
2799.0	0.0766685120470445	Kocak	permutation	
2800.0	0.24433451966598874	Kocak	permutation	
2801.0	0.15631205173150065	Kocak	permutation	
2802.0	-0.032656829140565335	Kocak	permutation	
2803.0	0.1739984908488177	Kocak	permutation	
2804.0	-0.08548591542667427	Kocak	permutation	
2805.0	-0.010092124813172454	Kocak	permutation	
2806.0	0.10655622951482435	Kocak	permutation	
2807.0	0.21201699029624166	Kocak	permutation	
2808.0	-0.24781365576343717	Kocak	permutation	
2809.0	-0.0817757989384269	Kocak	permutation	
2810.0	0.008211053254695955	Kocak	permutation	
2811.0	0.006440157464433938	Kocak	permutation	
2812.0	-0.09966313786927206	Kocak	permutation	
2813.0	0.1808572981396237	Kocak	permutation	
2814.0	-0.2696088390287663	Kocak	permutation	
2815.0	0.0396271475619141	Kocak	permutation	
2816.0	0.16452193029263107	Kocak	permutation	
2817.0	-0.0629353987237602	Kocak	permutation	
2818.0	-0.15242278426645495	Kocak	permutation	
2819.0	-0.015162104538073429	Kocak	permutation	
2820.0	-0.19360201445386327	Kocak	permutation	
2821.0	0.12270227887292862	Kocak	permutation	
2822.0	0.10280574132573417	Kocak	permutation	
2823.0	-0.16786729141131485	Kocak	permutation	
2824.0	0.20143105260159988	Kocak	permutation	
2825.0	-0.21507108207215442	Kocak	permutation	
2826.0	-0.18233887639043544	Kocak	permutation	
2827.0	0.02753441452558647	Kocak	permutation	
2828.0	-0.2272576187429367	Kocak	permutation	
2829.0	0.3632771451839911	Kocak	permutation	
2830.0	0.11608032978966332	Kocak	permutation	
2831.0	-0.19321824751058791	Kocak	permutation	
2832.0	0.5198018967353635	Kocak	permutation	
2833.0	-0.2327771461321344	Kocak	permutation	
2834.0	-0.2443807214549043	Kocak	permutation	
2835.0	0.22254121331628873	Kocak	permutation	
2836.0	0.09987774314359044	Kocak	permutation	
2837.0	-0.14623385077007178	Kocak	permutation	
2838.0	0.10844643210886584	Kocak	permutation	
2839.0	-0.004030651578656119	Kocak	permutation	
2840.0	0.19236699944902025	Kocak	permutation	
2841.0	-0.03847348848093901	Kocak	permutation	
2842.0	0.23153760110926047	Kocak	permutation	
2843.0	0.1605550760303185	Kocak	permutation	
2844.0	-0.05703998150655565	Kocak	permutation	
2845.0	0.0021245950866175534	Kocak	permutation	
2846.0	0.14935049840886627	Kocak	permutation	
2847.0	-0.19519927875489707	Kocak	permutation	
2848.0	-0.25913544263886124	Kocak	permutation	
2849.0	-0.04805385484292568	Kocak	permutation	
2850.0	0.35972618796727485	Kocak	permutation	
2851.0	-0.029819816903581042	Kocak	permutation	
2852.0	0.036027141451691946	Kocak	permutation	
2853.0	-0.3855914218243983	Kocak	permutation	
2854.0	0.267635172166238	Kocak	permutation	
2855.0	0.11130053920749106	Kocak	permutation	
2856.0	0.2501882158882669	Kocak	permutation	
2857.0	-0.008854462589691359	Kocak	permutation	
2858.0	-0.050100670404591874	Kocak	permutation	
2859.0	0.02681823487909174	Kocak	permutation	
2860.0	-0.09167684271225873	Kocak	permutation	
2861.0	0.1659346138044553	Kocak	permutation	
2862.0	0.20070096346825217	Kocak	permutation	
2863.0	0.1872232427387921	Kocak	permutation	
2864.0	0.03269705975349524	Kocak	permutation	
2865.0	0.17364143097781426	Kocak	permutation	
2866.0	0.37503306862032826	Kocak	permutation	
2867.0	-0.16887216138078198	Kocak	permutation	
2868.0	0.13931885382003717	Kocak	permutation	
2869.0	0.023670749409819614	Kocak	permutation	
2870.0	0.010622099446307764	Kocak	permutation	
2871.0	-0.11715672573936331	Kocak	permutation	
2872.0	0.28420307580314397	Kocak	permutation	
2873.0	-0.03802731977237972	Kocak	permutation	
2874.0	-0.005565450773797664	Kocak	permutation	
2875.0	0.3065187399213487	Kocak	permutation	
2876.0	-0.056582236333095004	Kocak	permutation	
2877.0	0.10077675546289022	Kocak	permutation	
2878.0	0.07333590843282067	Kocak	permutation	
2879.0	0.16689765094006148	Kocak	permutation	
2880.0	0.16755649295991581	Kocak	permutation	
2881.0	0.24842011593160596	Kocak	permutation	
2882.0	-0.03849315616105731	Kocak	permutation	
2883.0	0.3883528350589991	Kocak	permutation	
2884.0	-0.1792776226536148	Kocak	permutation	
2885.0	0.05635916870347124	Kocak	permutation	
2886.0	0.33259053600716104	Kocak	permutation	
2887.0	0.22055272296833106	Kocak	permutation	
2888.0	0.07766762832551777	Kocak	permutation	
2889.0	0.1090108870427553	Kocak	permutation	
2890.0	-0.06547358021877869	Kocak	permutation	
2891.0	-0.12263294495190014	Kocak	permutation	
2892.0	-0.003019338387985293	Kocak	permutation	
2893.0	0.0869030484017177	Kocak	permutation	
2894.0	0.17103963043015558	Kocak	permutation	
2895.0	0.11380408367261108	Kocak	permutation	
2896.0	-0.0632933168874601	Kocak	permutation	
2897.0	0.013437281812824331	Kocak	permutation	
2898.0	-0.12426758062792498	Kocak	permutation	
2899.0	-0.04440481963113019	Kocak	permutation	
2900.0	0.27915502045683027	Kocak	permutation	
2901.0	0.07892923533261698	Kocak	permutation	
2902.0	-0.05202447778725272	Kocak	permutation	
2903.0	0.08358122578835836	Kocak	permutation	
2904.0	-0.26211156853432893	Kocak	permutation	
2905.0	0.07808029810670991	Kocak	permutation	
2906.0	-0.23310351395208873	Kocak	permutation	
2907.0	-0.08396266783760442	Kocak	permutation	
2908.0	0.1364077424485588	Kocak	permutation	
2909.0	-0.03346368542499878	Kocak	permutation	
2910.0	0.13951139426523085	Kocak	permutation	
2911.0	0.07487341735866071	Kocak	permutation	
2912.0	-0.04767152850328138	Kocak	permutation	
2913.0	-0.14510516757755187	Kocak	permutation	
2914.0	-0.019241257613503038	Kocak	permutation	
2915.0	0.19853414786887225	Kocak	permutation	
2916.0	0.020459379387265386	Kocak	permutation	
2917.0	-0.05065210307629009	Kocak	permutation	
2918.0	0.33790153967311287	Kocak	permutation	
2919.0	-0.09852518039884028	Kocak	permutation	
2920.0	0.18800469069921277	Kocak	permutation	
2921.0	0.17119966609670634	Kocak	permutation	
2922.0	-0.04810416763658765	Kocak	permutation	
2923.0	0.2947488066324917	Kocak	permutation	
2924.0	0.05221306241857615	Kocak	permutation	
2925.0	0.21955533117463855	Kocak	permutation	
2926.0	0.2386624505088477	Kocak	permutation	
2927.0	0.1740239089563298	Kocak	permutation	
2928.0	-0.17648645411629538	Kocak	permutation	
2929.0	0.21402118903762446	Kocak	permutation	
2930.0	0.32491055937114055	Kocak	permutation	
2931.0	-0.042652357580750255	Kocak	permutation	
2932.0	0.02512832178710589	Kocak	permutation	
2933.0	0.12028499540371662	Kocak	permutation	
2934.0	0.2887831187127716	Kocak	permutation	
2935.0	0.006640532963515966	Kocak	permutation	
2936.0	0.26714171283563015	Kocak	permutation	
2937.0	0.0772374646931775	Kocak	permutation	
2938.0	-0.23736093112184076	Kocak	permutation	
2939.0	-0.3045721186497552	Kocak	permutation	
2940.0	0.2203641350986194	Kocak	permutation	
2941.0	-0.11152609979904682	Kocak	permutation	
2942.0	0.05660327969529	Kocak	permutation	
2943.0	0.22326524716977936	Kocak	permutation	
2944.0	0.200242788344565	Kocak	permutation	
2945.0	0.01185104778982371	Kocak	permutation	
2946.0	0.14095876879077984	Kocak	permutation	
2947.0	-0.17672137140135646	Kocak	permutation	
2948.0	-0.15423116109789703	Kocak	permutation	
2949.0	0.13817231082225234	Kocak	permutation	
2950.0	0.037397733450059256	Kocak	permutation	
2951.0	-0.08429862670797128	Kocak	permutation	
2952.0	-0.15221424514499482	Kocak	permutation	
2953.0	-0.01779058517139731	Kocak	permutation	
2954.0	0.06496909654796656	Kocak	permutation	
2955.0	0.06026238874142997	Kocak	permutation	
2956.0	-0.4658964231257672	Kocak	permutation	
2957.0	0.053347856014659634	Kocak	permutation	
2958.0	0.2906494946023601	Kocak	permutation	
2959.0	-0.13128733433023143	Kocak	permutation	
2960.0	0.24995638332190317	Kocak	permutation	
2961.0	0.21596763376716588	Kocak	permutation	
2962.0	-0.3721302073095698	Kocak	permutation	
2963.0	-0.20165871453577733	Kocak	permutation	
2964.0	-0.12767322938941916	Kocak	permutation	
2965.0	0.15803241926200506	Kocak	permutation	
2966.0	-0.01991879484643544	Kocak	permutation	
2967.0	-0.08344848177926689	Kocak	permutation	
2968.0	0.040126028175184736	Kocak	permutation	
2969.0	0.25155351708250073	Kocak	permutation	
2970.0	0.3509100011209041	Kocak	permutation	
2971.0	0.2716196705683762	Kocak	permutation	
2972.0	0.2266727638832391	Kocak	permutation	
2973.0	0.08503747960574604	Kocak	permutation	
2974.0	0.2062040665411038	Kocak	permutation	
2975.0	0.2834333516665133	Kocak	permutation	
2976.0	-0.05211108147574972	Kocak	permutation	
2977.0	0.19617819720188656	Kocak	permutation	
2978.0	0.16828447578839612	Kocak	permutation	
2979.0	0.10288026693137553	Kocak	permutation	
2980.0	0.17557570771673348	Kocak	permutation	
2981.0	0.05694859552042164	Kocak	permutation	
2982.0	-0.03751045915939155	Kocak	permutation	
2983.0	-0.020685511976081372	Kocak	permutation	
2984.0	-0.1883468953665277	Kocak	permutation	
2985.0	-0.09215138243325516	Kocak	permutation	
2986.0	0.04648854698237592	Kocak	permutation	
2987.0	-0.24784232056547673	Kocak	permutation	
2988.0	0.23176776192450443	Kocak	permutation	
2989.0	0.18442329628712617	Kocak	permutation	
2990.0	0.01919198109453557	Kocak	permutation	
2991.0	0.23163849416708437	Kocak	permutation	
2992.0	0.2048374849877046	Kocak	permutation	
2993.0	0.1986047187183324	Kocak	permutation	
2994.0	0.038544777830749055	Kocak	permutation	
2995.0	-0.03457780492300255	Kocak	permutation	
2996.0	0.03935874400528672	Kocak	permutation	
2997.0	0.0399607407617113	Kocak	permutation	
2998.0	-0.08157746859548709	Kocak	permutation	
2999.0	-0.004600602068833837	Kocak	permutation	
3000.0	0.1186701107208119	Kocak	permutation	
3001.0	0.15779221099102436	Kocak	permutation	
3002.0	0.2372850874396848	Kocak	permutation	
3003.0	0.04580549198418726	Kocak	permutation	
3004.0	0.14177164096438677	Kocak	permutation	
3005.0	0.006604878431528682	Kocak	permutation	
3006.0	0.11959792844110417	Kocak	permutation	
3007.0	-0.12171914196072198	Kocak	permutation	
3008.0	0.17338383362846255	Kocak	permutation	
3009.0	-0.10581158203049235	Kocak	permutation	
3010.0	-0.012998492918156579	Kocak	permutation	
3011.0	0.0775082830108822	Kocak	permutation	
3012.0	0.17035842438563709	Kocak	permutation	
3013.0	-0.3695550504446894	Kocak	permutation	
3014.0	0.2390118928529894	Kocak	permutation	
3015.0	-0.05689417575222144	Kocak	permutation	
3016.0	-0.1326328096524847	Kocak	permutation	
3017.0	0.13082958007663414	Kocak	permutation	
3018.0	0.17527342322232542	Kocak	permutation	
3019.0	0.10503033893432168	Kocak	permutation	
3020.0	0.1955867899727055	Kocak	permutation	
3021.0	0.10647222849442262	Kocak	permutation	
3022.0	0.1761417419844875	Kocak	permutation	
3023.0	0.11604950307198703	Kocak	permutation	
3024.0	0.1776650879359858	Kocak	permutation	
3025.0	0.30978267517041225	Kocak	permutation	
3026.0	0.008089498092829217	Kocak	permutation	
3027.0	0.1397570118476379	Kocak	permutation	
3028.0	-0.2746559402877189	Kocak	permutation	
3029.0	0.09793935566432488	Kocak	permutation	
3030.0	0.2545849978103023	Kocak	permutation	
3031.0	0.019759141741787722	Kocak	permutation	
3032.0	-0.05445856393535653	Kocak	permutation	
3033.0	0.1111830297572336	Kocak	permutation	
3034.0	0.13133595034610224	Kocak	permutation	
3035.0	0.17314965658085057	Kocak	permutation	
3036.0	0.14593710800405635	Kocak	permutation	
3037.0	0.017436638671695093	Kocak	permutation	
3038.0	0.3542906132707877	Kocak	permutation	
3039.0	-0.17894423231801326	Kocak	permutation	
3040.0	-0.030723941977186975	Kocak	permutation	
3041.0	-0.29612803544535815	Kocak	permutation	
3042.0	-0.03224581058972387	Kocak	permutation	
3043.0	-0.058850949054214396	Kocak	permutation	
3044.0	-0.12347416319201976	Kocak	permutation	
3045.0	-0.024790531172983243	Kocak	permutation	
3046.0	-0.09297655829698304	Kocak	permutation	
3047.0	0.09421751777064902	Kocak	permutation	
3048.0	0.19985280586732213	Kocak	permutation	
3049.0	-0.15669330745971877	Kocak	permutation	
3050.0	-0.13394333945454573	Kocak	permutation	
3051.0	-0.04148916159597693	Kocak	permutation	
3052.0	-0.04996645842399694	Kocak	permutation	
3053.0	-0.10935618684383552	Kocak	permutation	
3054.0	-0.023287666256778472	Kocak	permutation	
3055.0	-0.011455081524710309	Kocak	permutation	
3056.0	0.016088593983931254	Kocak	permutation	
3057.0	0.14048921074187248	Kocak	permutation	
3058.0	0.20398549746094563	Kocak	permutation	
3059.0	-0.11204159652939527	Kocak	permutation	
3060.0	0.14711729107580318	Kocak	permutation	
3061.0	-0.28769398070240815	Kocak	permutation	
3062.0	0.38028525970517535	Kocak	permutation	
3063.0	0.17542655914590632	Kocak	permutation	
3064.0	0.5106980384197222	Kocak	permutation	
3065.0	0.16527031534612835	Kocak	permutation	
3066.0	-0.2976171359101709	Kocak	permutation	
3067.0	0.10022598181026243	Kocak	permutation	
3068.0	0.22343613931754014	Kocak	permutation	
3069.0	-0.044284956415307164	Kocak	permutation	
3070.0	-0.002341437688015091	Kocak	permutation	
3071.0	-0.01843057608732135	Kocak	permutation	
3072.0	-0.15287201121840166	Kocak	permutation	
3073.0	0.02423932410086227	Kocak	permutation	
3074.0	0.019443980873274036	Kocak	permutation	
3075.0	0.07713313000949285	Kocak	permutation	
3076.0	0.13001053957130182	Kocak	permutation	
3077.0	-0.1851982612105978	Kocak	permutation	
3078.0	0.15089214137361218	Kocak	permutation	
3079.0	0.12873428149979294	Kocak	permutation	
3080.0	-0.08844282611956	Kocak	permutation	
3081.0	-0.1225847603264496	Kocak	permutation	
3082.0	-0.02312772969645227	Kocak	permutation	
3083.0	0.01139110565611201	Kocak	permutation	
3084.0	0.1530153115286934	Kocak	permutation	
3085.0	0.06993554155580739	Kocak	permutation	
3086.0	-0.27469264476199484	Kocak	permutation	
3087.0	-0.0913557013186379	Kocak	permutation	
3088.0	0.1797764109527904	Kocak	permutation	
3089.0	0.0014662747350264738	Kocak	permutation	
3090.0	0.29196592183532744	Kocak	permutation	
3091.0	0.07604536134877282	Kocak	permutation	
3092.0	0.21417281497106355	Kocak	permutation	
3093.0	-0.04065643881653802	Kocak	permutation	
3094.0	-0.2018139140064612	Kocak	permutation	
3095.0	-0.029432911349399404	Kocak	permutation	
3096.0	-0.18911102243857325	Kocak	permutation	
3097.0	0.1351943921406864	Kocak	permutation	
3098.0	0.024102555851847285	Kocak	permutation	
3099.0	-0.053401113929537836	Kocak	permutation	
3100.0	0.1628219438941123	Kocak	permutation	
3101.0	0.42625513198285336	Kocak	permutation	
3102.0	0.06660460784955369	Kocak	permutation	
3103.0	-0.06588209572191506	Kocak	permutation	
3104.0	0.20789856831541265	Kocak	permutation	
3105.0	0.06814199805910803	Kocak	permutation	
3106.0	0.07519391224940186	Kocak	permutation	
3107.0	-0.042181423421310704	Kocak	permutation	
3108.0	0.24661885332237254	Kocak	permutation	
3109.0	0.12271540028307282	Kocak	permutation	
3110.0	-0.013831996963904025	Kocak	permutation	
3111.0	-0.0941326764088739	Kocak	permutation	
3112.0	-0.13016545327478735	Kocak	permutation	
3113.0	-0.03835174468303926	Kocak	permutation	
3114.0	-0.036742691398178984	Kocak	permutation	
3115.0	0.1645880489660465	Kocak	permutation	
3116.0	0.2086024802057196	Kocak	permutation	
3117.0	0.12055754908019978	Kocak	permutation	
3118.0	-0.079173776225824	Kocak	permutation	
3119.0	0.022936673396650953	Kocak	permutation	
3120.0	-0.08640098729577961	Kocak	permutation	
3121.0	0.10559813570132714	Kocak	permutation	
3122.0	0.01328510410380268	Kocak	permutation	
3123.0	0.138531170063672	Kocak	permutation	
3124.0	0.009041317919144198	Kocak	permutation	
3125.0	-0.013159253186703523	Kocak	permutation	
3126.0	-0.05122870245918332	Kocak	permutation	
3127.0	-0.17460078819017877	Kocak	permutation	
3128.0	0.013136563224096065	Kocak	permutation	
3129.0	0.07124554682826911	Kocak	permutation	
3130.0	0.04106567666980521	Kocak	permutation	
3131.0	0.03429183211426601	Kocak	permutation	
3132.0	-0.0614772240511936	Kocak	permutation	
3133.0	0.3672747639444047	Kocak	permutation	
3134.0	0.02397968462907496	Kocak	permutation	
3135.0	0.08258800515888343	Kocak	permutation	
3136.0	-0.050560030142984935	Kocak	permutation	
3137.0	0.04450652360232077	Kocak	permutation	
3138.0	0.12734562324456	Kocak	permutation	
3139.0	0.06972022525192223	Kocak	permutation	
3140.0	0.17235953120127956	Kocak	permutation	
3141.0	-0.05027719248848772	Kocak	permutation	
3142.0	0.19185036116188492	Kocak	permutation	
3143.0	-0.024321055030003258	Kocak	permutation	
3144.0	0.041994400615385175	Kocak	permutation	
3145.0	-0.1750436705489351	Kocak	permutation	
3146.0	0.003653741651391762	Kocak	permutation	
3147.0	0.16370951842319048	Kocak	permutation	
3148.0	0.10817476932449388	Kocak	permutation	
3149.0	-0.02878808001145483	Kocak	permutation	
3150.0	0.22171176262177905	Kocak	permutation	
3151.0	0.25723434312097027	Kocak	permutation	
3152.0	-0.050834974842469904	Kocak	permutation	
3153.0	0.08181162343933313	Kocak	permutation	
3154.0	0.1888768676696717	Kocak	permutation	
3155.0	0.08773884196804715	Kocak	permutation	
3156.0	0.13138404266971815	Kocak	permutation	
3157.0	0.2636362675030046	Kocak	permutation	
3158.0	0.20396774797332817	Kocak	permutation	
3159.0	0.043038063413146865	Kocak	permutation	
3160.0	-0.03721554912043867	Kocak	permutation	
3161.0	-0.2078373245344034	Kocak	permutation	
3162.0	0.1794544442235102	Kocak	permutation	
3163.0	0.007703452681473877	Kocak	permutation	
3164.0	-0.1360879634961858	Kocak	permutation	
3165.0	-0.050583164344661036	Kocak	permutation	
3166.0	0.17094642202010224	Kocak	permutation	
3167.0	0.04637625931131062	Kocak	permutation	
3168.0	0.13123396456443182	Kocak	permutation	
3169.0	0.09387493967361049	Kocak	permutation	
3170.0	0.0057471931318691105	Kocak	permutation	
3171.0	-0.2426998214505005	Kocak	permutation	
3172.0	-0.008804216360621453	Kocak	permutation	
3173.0	-0.03068499267350866	Kocak	permutation	
3174.0	-0.22115477664781125	Kocak	permutation	
3175.0	-0.28996829910631394	Kocak	permutation	
3176.0	0.26460453590989985	Kocak	permutation	
3177.0	0.27132137979470805	Kocak	permutation	
3178.0	0.05499461862710131	Kocak	permutation	
3179.0	0.12400477057996895	Kocak	permutation	
3180.0	0.14841378976319408	Kocak	permutation	
3181.0	-0.096907059634038	Kocak	permutation	
3182.0	0.0635388459833841	Kocak	permutation	
3183.0	-0.06580951687042447	Kocak	permutation	
3184.0	-0.09279476025203692	Kocak	permutation	
3185.0	-0.0552089045949149	Kocak	permutation	
3186.0	0.014036168111448255	Kocak	permutation	
3187.0	0.16371717969849264	Kocak	permutation	
3188.0	-0.05995010460917616	Kocak	permutation	
3189.0	0.10267084224487011	Kocak	permutation	
3190.0	0.13792721794702967	Kocak	permutation	
3191.0	0.022006158965366396	Kocak	permutation	
3192.0	-0.09884838774472993	Kocak	permutation	
3193.0	0.12890534671941012	Kocak	permutation	
3194.0	0.009683352739056517	Kocak	permutation	
3195.0	0.05456748891382812	Kocak	permutation	
3196.0	0.05437988442846642	Kocak	permutation	
3197.0	0.16117007782279646	Kocak	permutation	
3198.0	-0.14238583945662597	Kocak	permutation	
3199.0	0.05659846629327259	Kocak	permutation	
3200.0	0.11299349980038276	Kocak	permutation	
3201.0	0.004337176007036092	Kocak	permutation	
3202.0	0.08893589560158954	Kocak	permutation	
3203.0	-0.0582684740998225	Kocak	permutation	
3204.0	0.2545141601758001	Kocak	permutation	
3205.0	-0.024465240438307667	Kocak	permutation	
3206.0	-0.027507673249864695	Kocak	permutation	
3207.0	-0.11568729485156126	Kocak	permutation	
3208.0	0.22039246988128713	Kocak	permutation	
3209.0	-0.1542855265379819	Kocak	permutation	
3210.0	-0.003933956199876576	Kocak	permutation	
3211.0	-0.024993804445529122	Kocak	permutation	
3212.0	-0.1612377272348322	Kocak	permutation	
3213.0	-0.23360218532628618	Kocak	permutation	
3214.0	-0.06627429398972584	Kocak	permutation	
3215.0	0.35179338327774357	Kocak	permutation	
3216.0	0.03696255133044346	Kocak	permutation	
3217.0	0.05763099284665518	Kocak	permutation	
3218.0	-0.08510130947185512	Kocak	permutation	
3219.0	-0.039786162881189746	Kocak	permutation	
3220.0	0.25910005450441354	Kocak	permutation	
3221.0	-0.3236270396105798	Kocak	permutation	
3222.0	0.20853020576657855	Kocak	permutation	
3223.0	-0.14309056214711457	Kocak	permutation	
3224.0	0.005972753191803015	Kocak	permutation	
3225.0	0.09209198652166783	Kocak	permutation	
3226.0	0.5923862470276182	Kocak	permutation	
3227.0	-0.1305483276329955	Kocak	permutation	
3228.0	0.11457317585155913	Kocak	permutation	
3229.0	-0.23452388980649186	Kocak	permutation	
3230.0	0.04621376444390357	Kocak	permutation	
3231.0	-0.05304680634465164	Kocak	permutation	
3232.0	0.04170753379351577	Kocak	permutation	
3233.0	0.11649009771789132	Kocak	permutation	
3234.0	0.2360260328763868	Kocak	permutation	
3235.0	0.29148773741865686	Kocak	permutation	
3236.0	0.11615380855304647	Kocak	permutation	
3237.0	-0.1131244650996841	Kocak	permutation	
3238.0	0.1231127802179337	Kocak	permutation	
3239.0	0.2899725122615804	Kocak	permutation	
3240.0	0.12427712361737875	Kocak	permutation	
3241.0	-0.18372730612727217	Kocak	permutation	
3242.0	0.22904191035804278	Kocak	permutation	
3243.0	-0.14521740369293035	Kocak	permutation	
3244.0	-0.012862290398204301	Kocak	permutation	
3245.0	0.2814402023957605	Kocak	permutation	
3246.0	-0.11374276730581823	Kocak	permutation	
3247.0	-0.0005423252421037361	Kocak	permutation	
3248.0	0.196372358285946	Kocak	permutation	
3249.0	-0.019958448633082604	Kocak	permutation	
3250.0	-0.181512271638665	Kocak	permutation	
3251.0	0.05299617329138684	Kocak	permutation	
3252.0	0.16186550157170387	Kocak	permutation	
3253.0	0.37068583223051377	Kocak	permutation	
3254.0	0.061957964116809094	Kocak	permutation	
3255.0	-0.12753170426038984	Kocak	permutation	
3256.0	-0.021667372754904157	Kocak	permutation	
3257.0	0.013538353335052378	Kocak	permutation	
3258.0	0.0886274833557712	Kocak	permutation	
3259.0	0.12059055991794132	Kocak	permutation	
3260.0	0.08052077298727056	Kocak	permutation	
3261.0	-0.08176114188041606	Kocak	permutation	
3262.0	-0.05415617813203877	Kocak	permutation	
3263.0	0.3220765196232964	Kocak	permutation	
3264.0	-0.06073753910923063	Kocak	permutation	
3265.0	0.1708906824642078	Kocak	permutation	
3266.0	0.05492134525929515	Kocak	permutation	
3267.0	-0.00976863870749689	Kocak	permutation	
3268.0	-0.11137895455471192	Kocak	permutation	
3269.0	-0.11776355930195503	Kocak	permutation	
3270.0	-0.10438169341158865	Kocak	permutation	
3271.0	0.12704891806020857	Kocak	permutation	
3272.0	0.22518621009555506	Kocak	permutation	
3273.0	0.029884859767385308	Kocak	permutation	
3274.0	0.12896980126550162	Kocak	permutation	
3275.0	0.12806799396253687	Kocak	permutation	
3276.0	0.09479585528470302	Kocak	permutation	
3277.0	0.10789521842252636	Kocak	permutation	
3278.0	-0.15772784147861074	Kocak	permutation	
3279.0	0.1840363796491804	Kocak	permutation	
3280.0	-0.027290006600129146	Kocak	permutation	
3281.0	0.004766334117242366	Kocak	permutation	
3282.0	0.4462682631625352	Kocak	permutation	
3283.0	0.23556081078287683	Kocak	permutation	
3284.0	0.19606230580938444	Kocak	permutation	
3285.0	0.11704013444536265	Kocak	permutation	
3286.0	0.033597613323669506	Kocak	permutation	
3287.0	-0.25777951886351236	Kocak	permutation	
3288.0	0.3561250254996873	Kocak	permutation	
3289.0	0.23735913142999454	Kocak	permutation	
3290.0	-0.14304485285372248	Kocak	permutation	
3291.0	0.1708965358918313	Kocak	permutation	
3292.0	0.022034290393692757	Kocak	permutation	
3293.0	-0.15955000890458315	Kocak	permutation	
3294.0	0.16259726518901996	Kocak	permutation	
3295.0	-0.34341121343469094	Kocak	permutation	
3296.0	-0.21109787918561196	Kocak	permutation	
3297.0	0.015489409923415742	Kocak	permutation	
3298.0	0.2823816064674354	Kocak	permutation	
3299.0	-0.06632721890428428	Kocak	permutation	
3300.0	0.025211792405512412	Kocak	permutation	
3301.0	-0.19777942053168118	Kocak	permutation	
3302.0	0.22919517894309038	Kocak	permutation	
3303.0	0.05571720276339942	Kocak	permutation	
3304.0	-0.04307949167283098	Kocak	permutation	
3305.0	0.015752496616799228	Kocak	permutation	
3306.0	0.17926171081397868	Kocak	permutation	
3307.0	-0.08582216757929473	Kocak	permutation	
3308.0	0.03255440615864291	Kocak	permutation	
3309.0	-0.04973046364784306	Kocak	permutation	
3310.0	-0.008352768401176824	Kocak	permutation	
3311.0	0.057628607135065124	Kocak	permutation	
3312.0	0.10425274786050487	Kocak	permutation	
3313.0	-0.17223463825106577	Kocak	permutation	
3314.0	-0.11080113512771383	Kocak	permutation	
3315.0	0.2901738241231877	Kocak	permutation	
3316.0	0.07776858997816749	Kocak	permutation	
3317.0	-0.24176517175999912	Kocak	permutation	
3318.0	0.18702509874800022	Kocak	permutation	
3319.0	0.26609496602351435	Kocak	permutation	
3320.0	0.07223274577502092	Kocak	permutation	
3321.0	0.12780958862591962	Kocak	permutation	
3322.0	-0.29606393171566214	Kocak	permutation	
3323.0	0.39167477326216726	Kocak	permutation	
3324.0	0.33683019059760433	Kocak	permutation	
3325.0	-0.08730499855204243	Kocak	permutation	
3326.0	0.2848711788505627	Kocak	permutation	
3327.0	0.25549792505279	Kocak	permutation	
3328.0	0.07032151775762685	Kocak	permutation	
3329.0	0.039379563182468935	Kocak	permutation	
3330.0	0.03210284589732826	Kocak	permutation	
3331.0	-0.1314317711026023	Kocak	permutation	
3332.0	0.06128937411555313	Kocak	permutation	
3333.0	0.14509950329995203	Kocak	permutation	
3334.0	-0.025626434055063818	Kocak	permutation	
3335.0	0.001025600623145273	Kocak	permutation	
3336.0	-0.21721182784363524	Kocak	permutation	
3337.0	-0.17350725321660576	Kocak	permutation	
3338.0	0.1883109054013401	Kocak	permutation	
3339.0	0.2649447320501892	Kocak	permutation	
3340.0	-0.22477186172209684	Kocak	permutation	
3341.0	-0.07951969717676821	Kocak	permutation	
3342.0	0.25721371720083486	Kocak	permutation	
3343.0	-0.3056119189393236	Kocak	permutation	
3344.0	0.1717376809996498	Kocak	permutation	
3345.0	0.1889755080625557	Kocak	permutation	
3346.0	-0.11897681016185135	Kocak	permutation	
3347.0	-0.2222174421426697	Kocak	permutation	
3348.0	-0.0717903689976307	Kocak	permutation	
3349.0	-0.15582435851271637	Kocak	permutation	
3350.0	-0.18457445292318742	Kocak	permutation	
3351.0	0.24092175907421698	Kocak	permutation	
3352.0	0.09451817455527589	Kocak	permutation	
3353.0	-0.0909762336520954	Kocak	permutation	
3354.0	0.07680692550069246	Kocak	permutation	
3355.0	-0.16443170289599074	Kocak	permutation	
3356.0	-0.09976163909250868	Kocak	permutation	
3357.0	-0.103264257994657	Kocak	permutation	
3358.0	0.19508089341987045	Kocak	permutation	
3359.0	0.03284164215425367	Kocak	permutation	
3360.0	-0.10305720188847811	Kocak	permutation	
3361.0	0.017398550299071225	Kocak	permutation	
3362.0	0.04358224709131164	Kocak	permutation	
3363.0	0.23778763160007	Kocak	permutation	
3364.0	-0.029229398299800202	Kocak	permutation	
3365.0	0.14855378666730434	Kocak	permutation	
3366.0	-0.06752585259224819	Kocak	permutation	
3367.0	-0.20332060365997418	Kocak	permutation	
3368.0	0.2194651982610658	Kocak	permutation	
3369.0	0.03228814109289324	Kocak	permutation	
3370.0	-0.21683620684210148	Kocak	permutation	
3371.0	-0.08933444864349305	Kocak	permutation	
3372.0	-0.3525037948503993	Kocak	permutation	
3373.0	0.2717556015502893	Kocak	permutation	
3374.0	0.09317446251787853	Kocak	permutation	
3375.0	0.03845557607300165	Kocak	permutation	
3376.0	-0.2215182873839936	Kocak	permutation	
3377.0	0.06690283777148309	Kocak	permutation	
3378.0	0.06469861669379373	Kocak	permutation	
3379.0	0.34657204255564356	Kocak	permutation	
3380.0	-0.21500535730243175	Kocak	permutation	
3381.0	0.17285552142581118	Kocak	permutation	
3382.0	0.11041113272031122	Kocak	permutation	
3383.0	0.0789303504761456	Kocak	permutation	
3384.0	-0.3905869874674268	Kocak	permutation	
3385.0	0.17073151550913224	Kocak	permutation	
3386.0	-0.09451807950206437	Kocak	permutation	
3387.0	-0.19585706338487974	Kocak	permutation	
3388.0	0.006299106765580653	Kocak	permutation	
3389.0	0.012550182741685845	Kocak	permutation	
3390.0	-0.18957841323865843	Kocak	permutation	
3391.0	-0.11814486427440674	Kocak	permutation	
3392.0	-0.438525199544487	Kocak	permutation	
3393.0	0.16989373672521246	Kocak	permutation	
3394.0	-0.1080995329986516	Kocak	permutation	
3395.0	-0.1188156159473639	Kocak	permutation	
3396.0	0.24332090046410748	Kocak	permutation	
3397.0	0.30971317507844454	Kocak	permutation	
3398.0	-0.2341227143437834	Kocak	permutation	
3399.0	0.1966896376773004	Kocak	permutation	
3400.0	-0.05706521455740887	Kocak	permutation	
3401.0	0.1146606227153697	Kocak	permutation	
3402.0	0.060631894011466514	Kocak	permutation	
3403.0	0.06818871998186715	Kocak	permutation	
3404.0	0.10919095879268248	Kocak	permutation	
3405.0	0.24844656052033898	Kocak	permutation	
3406.0	0.15954536898251437	Kocak	permutation	
3407.0	0.1409535068037373	Kocak	permutation	
3408.0	0.1588175017182003	Kocak	permutation	
3409.0	0.13468417917100606	Kocak	permutation	
3410.0	0.13843243721552767	Kocak	permutation	
3411.0	0.15232556842000822	Kocak	permutation	
3412.0	0.5313852067358171	Kocak	permutation	
3413.0	0.2378979058357622	Kocak	permutation	
3414.0	0.04856551869802761	Kocak	permutation	
3415.0	0.1783261862842389	Kocak	permutation	
3416.0	0.022031634584851467	Kocak	permutation	
3417.0	-0.018927614613059696	Kocak	permutation	
3418.0	0.3520710767698283	Kocak	permutation	
3419.0	-0.02580530363672029	Kocak	permutation	
3420.0	0.11499997525060657	Kocak	permutation	
3421.0	0.2519892044009078	Kocak	permutation	
3422.0	0.17235082883198594	Kocak	permutation	
3423.0	0.0162020832572356	Kocak	permutation	
3424.0	0.1569657963651112	Kocak	permutation	
3425.0	0.24320816441863258	Kocak	permutation	
3426.0	-0.060153121793072195	Kocak	permutation	
3427.0	-0.3547750916242114	Kocak	permutation	
3428.0	0.07399849531360214	Kocak	permutation	
3429.0	-0.20101840601687204	Kocak	permutation	
3430.0	0.2550315048699625	Kocak	permutation	
3431.0	-0.06264171438901567	Kocak	permutation	
3432.0	0.22127792890265852	Kocak	permutation	
3433.0	0.2392612495511628	Kocak	permutation	
3434.0	0.1876400036672905	Kocak	permutation	
3435.0	0.1659550510952883	Kocak	permutation	
3436.0	0.17210952912777788	Kocak	permutation	
3437.0	-0.2131888255120007	Kocak	permutation	
3438.0	0.07620977408231333	Kocak	permutation	
3439.0	0.051763608087897595	Kocak	permutation	
3440.0	-0.1264685290488261	Kocak	permutation	
3441.0	-0.018185169474078222	Kocak	permutation	
3442.0	0.32217208835015754	Kocak	permutation	
3443.0	-0.21738876913715188	Kocak	permutation	
3444.0	0.08236932554573784	Kocak	permutation	
3445.0	0.10999953253111538	Kocak	permutation	
3446.0	0.035616206450635346	Kocak	permutation	
3447.0	0.11942800126890862	Kocak	permutation	
3448.0	0.3569556309679225	Kocak	permutation	
3449.0	-0.17140799455570388	Kocak	permutation	
3450.0	0.054135480318317164	Kocak	permutation	
3451.0	0.15487620595764806	Kocak	permutation	
3452.0	0.0642017693104151	Kocak	permutation	
3453.0	0.015478047904916359	Kocak	permutation	
3454.0	0.05188731880877917	Kocak	permutation	
3455.0	0.053956370707849644	Kocak	permutation	
3456.0	0.17359437333316308	Kocak	permutation	
3457.0	0.15717862829570706	Kocak	permutation	
3458.0	0.2597856358463533	Kocak	permutation	
3459.0	0.030854766019600355	Kocak	permutation	
3460.0	0.05842170936615698	Kocak	permutation	
3461.0	0.013590514579487234	Kocak	permutation	
3462.0	0.2444114617659361	Kocak	permutation	
3463.0	0.17521715846871544	Kocak	permutation	
3464.0	0.28279207239569804	Kocak	permutation	
3465.0	0.3340210368745149	Kocak	permutation	
3466.0	0.1850941018818597	Kocak	permutation	
3467.0	0.010034342626727977	Kocak	permutation	
3468.0	-0.01844261123146218	Kocak	permutation	
3469.0	-0.14733366592425678	Kocak	permutation	
3470.0	-0.054582855519894835	Kocak	permutation	
3471.0	0.07550345767210409	Kocak	permutation	
3472.0	0.053325310507273294	Kocak	permutation	
3473.0	0.2097423310401627	Kocak	permutation	
3474.0	0.18785407821056932	Kocak	permutation	
3475.0	-0.09768000087690876	Kocak	permutation	
3476.0	-0.044328589724170975	Kocak	permutation	
3477.0	-0.15702972835976592	Kocak	permutation	
3478.0	0.05298739275977926	Kocak	permutation	
3479.0	0.062489359115796894	Kocak	permutation	
3480.0	0.08815045260120868	Kocak	permutation	
3481.0	0.302605376274931	Kocak	permutation	
3482.0	0.040283947891563976	Kocak	permutation	
3483.0	0.05391986803322002	Kocak	permutation	
3484.0	0.09259976784317825	Kocak	permutation	
3485.0	-0.014426066184165975	Kocak	permutation	
3486.0	0.36329325750392627	Kocak	permutation	
3487.0	0.4513486547115324	Kocak	permutation	
3488.0	-0.1991347029517101	Kocak	permutation	
3489.0	-0.06407699541733525	Kocak	permutation	
3490.0	0.009853669492252415	Kocak	permutation	
3491.0	0.09497852555180675	Kocak	permutation	
3492.0	0.027126724452233297	Kocak	permutation	
3493.0	0.028998420058187868	Kocak	permutation	
3494.0	0.1929296020290625	Kocak	permutation	
3495.0	-0.4918713664738874	Kocak	permutation	
3496.0	0.079773958023309	Kocak	permutation	
3497.0	0.05195164672161212	Kocak	permutation	
3498.0	0.06445027506594236	Kocak	permutation	
3499.0	-0.07862038548103101	Kocak	permutation	
3500.0	0.01983406237979768	Kocak	permutation	
3501.0	0.21070063502768477	Kocak	permutation	
3502.0	0.06711964527161829	Kocak	permutation	
3503.0	0.2563997178777706	Kocak	permutation	
3504.0	-0.012391805004172696	Kocak	permutation	
3505.0	-0.24713789911841477	Kocak	permutation	
3506.0	0.3151002074244724	Kocak	permutation	
3507.0	0.04047544648639079	Kocak	permutation	
3508.0	0.07806974106105358	Kocak	permutation	
3509.0	0.0348627391492089	Kocak	permutation	
3510.0	-0.0473718390062583	Kocak	permutation	
3511.0	-0.2458245102525174	Kocak	permutation	
3512.0	0.1605333387827068	Kocak	permutation	
3513.0	0.05283402923773117	Kocak	permutation	
3514.0	0.23747170845056598	Kocak	permutation	
3515.0	0.006752685407057868	Kocak	permutation	
3516.0	-0.07369633602268788	Kocak	permutation	
3517.0	0.20525012072425586	Kocak	permutation	
3518.0	-0.006679185820316569	Kocak	permutation	
3519.0	0.19603796545872054	Kocak	permutation	
3520.0	0.38080647287515657	Kocak	permutation	
3521.0	0.012981991792460512	Kocak	permutation	
3522.0	0.27499942930788634	Kocak	permutation	
3523.0	-0.0267315010690945	Kocak	permutation	
3524.0	-0.24464096185094686	Kocak	permutation	
3525.0	0.04353356491412619	Kocak	permutation	
3526.0	0.08096025714701938	Kocak	permutation	
3527.0	-0.10475487750689982	Kocak	permutation	
3528.0	0.1006380491734502	Kocak	permutation	
3529.0	0.15684113485917894	Kocak	permutation	
3530.0	-0.1231370126751603	Kocak	permutation	
3531.0	0.23299174567283565	Kocak	permutation	
3532.0	-0.07930961474951914	Kocak	permutation	
3533.0	-0.1925117032513297	Kocak	permutation	
3534.0	-0.15288124940323122	Kocak	permutation	
3535.0	0.07308208881575684	Kocak	permutation	
3536.0	0.09468391710399082	Kocak	permutation	
3537.0	0.11504168773577383	Kocak	permutation	
3538.0	0.452347240751112	Kocak	permutation	
3539.0	0.03817005394015727	Kocak	permutation	
3540.0	0.1360967860820015	Kocak	permutation	
3541.0	0.08573920991218653	Kocak	permutation	
3542.0	-0.026327116436880793	Kocak	permutation	
3543.0	0.21337917796516415	Kocak	permutation	
3544.0	-0.22577849378649173	Kocak	permutation	
3545.0	0.17068465445213388	Kocak	permutation	
3546.0	-0.06480248947462552	Kocak	permutation	
3547.0	0.2850979853643887	Kocak	permutation	
3548.0	0.20072152874009674	Kocak	permutation	
3549.0	0.09854472500598543	Kocak	permutation	
3550.0	-0.10399423929502394	Kocak	permutation	
3551.0	0.009362636018514614	Kocak	permutation	
3552.0	-0.09114580058191102	Kocak	permutation	
3553.0	-0.01074731407913454	Kocak	permutation	
3554.0	0.35351302381527194	Kocak	permutation	
3555.0	-0.21155958744479442	Kocak	permutation	
3556.0	-0.039916754361194684	Kocak	permutation	
3557.0	0.008601364024634073	Kocak	permutation	
3558.0	0.3953612322169615	Kocak	permutation	
3559.0	-0.04966299765817084	Kocak	permutation	
3560.0	0.09608778720169919	Kocak	permutation	
3561.0	-0.05497490252647541	Kocak	permutation	
3562.0	0.2444979083261778	Kocak	permutation	
3563.0	0.30083520475030845	Kocak	permutation	
3564.0	0.0030032799176318292	Kocak	permutation	
3565.0	0.05818526996764639	Kocak	permutation	
3566.0	-0.10029393710655299	Kocak	permutation	
3567.0	0.15210845808344775	Kocak	permutation	
3568.0	-0.3614941438209849	Kocak	permutation	
3569.0	-0.10655426692146541	Kocak	permutation	
3570.0	-0.07523640978087176	Kocak	permutation	
3571.0	0.12907723817011973	Kocak	permutation	
3572.0	-0.16676476288777575	Kocak	permutation	
3573.0	-0.06395497902646863	Kocak	permutation	
3574.0	0.235632803405462	Kocak	permutation	
3575.0	0.24058603958050728	Kocak	permutation	
3576.0	0.22071928957954068	Kocak	permutation	
3577.0	-0.01416284793668865	Kocak	permutation	
3578.0	-0.002056366074189242	Kocak	permutation	
3579.0	-0.09476923559513217	Kocak	permutation	
3580.0	-0.12159278236147575	Kocak	permutation	
3581.0	0.07873639133348309	Kocak	permutation	
3582.0	0.12076700995920042	Kocak	permutation	
3583.0	-0.09032173637599872	Kocak	permutation	
3584.0	-0.0851370038990007	Kocak	permutation	
3585.0	0.4002017260089037	Kocak	permutation	
3586.0	-0.12729392700118236	Kocak	permutation	
3587.0	0.023830546878404135	Kocak	permutation	
3588.0	0.14230731595057122	Kocak	permutation	
3589.0	-0.11418172702687368	Kocak	permutation	
3590.0	0.0029101469001666658	Kocak	permutation	
3591.0	0.03389574262324846	Kocak	permutation	
3592.0	0.1027265191399458	Kocak	permutation	
3593.0	0.38289324466002306	Kocak	permutation	
3594.0	0.016096964636203026	Kocak	permutation	
3595.0	0.08847802536987981	Kocak	permutation	
3596.0	0.22531153381957214	Kocak	permutation	
3597.0	-0.14093208529616064	Kocak	permutation	
3598.0	0.13481545697901698	Kocak	permutation	
3599.0	-0.06495040380244532	Kocak	permutation	
3600.0	0.1280128939612144	Kocak	permutation	
3601.0	0.05740378937918056	Kocak	permutation	
3602.0	0.12474452519145718	Kocak	permutation	
3603.0	0.08074161762050558	Kocak	permutation	
3604.0	-0.19456890689059758	Kocak	permutation	
3605.0	-0.1419494753837407	Kocak	permutation	
3606.0	0.1139803289325041	Kocak	permutation	
3607.0	0.017534315969256475	Kocak	permutation	
3608.0	-0.06124543057032117	Kocak	permutation	
3609.0	0.11573341053671538	Kocak	permutation	
3610.0	-0.12717021871845535	Kocak	permutation	
3611.0	0.11827822338115812	Kocak	permutation	
3612.0	-0.00022379438629283044	Kocak	permutation	
3613.0	0.1282405054413589	Kocak	permutation	
3614.0	-0.0901534514793676	Kocak	permutation	
3615.0	-0.14613810089593215	Kocak	permutation	
3616.0	0.27925979523593014	Kocak	permutation	
3617.0	0.3148305903835702	Kocak	permutation	
3618.0	0.11460302889801977	Kocak	permutation	
3619.0	0.12103975915448117	Kocak	permutation	
3620.0	0.13342220017035977	Kocak	permutation	
3621.0	0.03998968516979584	Kocak	permutation	
3622.0	-0.11473766653222839	Kocak	permutation	
3623.0	-0.10476332751005835	Kocak	permutation	
3624.0	0.05756095087144342	Kocak	permutation	
3625.0	0.08519753938457697	Kocak	permutation	
3626.0	-0.19504239761458653	Kocak	permutation	
3627.0	-0.029836890701180785	Kocak	permutation	
3628.0	-0.020571252743070367	Kocak	permutation	
3629.0	0.01553623485586364	Kocak	permutation	
3630.0	-0.06741481094313961	Kocak	permutation	
3631.0	0.007299960366026426	Kocak	permutation	
3632.0	0.3122467711694572	Kocak	permutation	
3633.0	-0.19803717771016327	Kocak	permutation	
3634.0	0.17451657516499086	Kocak	permutation	
3635.0	0.29857440911246336	Kocak	permutation	
3636.0	-0.01573603159934489	Kocak	permutation	
3637.0	0.22570501650641894	Kocak	permutation	
3638.0	-0.01560980471353357	Kocak	permutation	
3639.0	0.07670530666532027	Kocak	permutation	
3640.0	0.2663040211977359	Kocak	permutation	
3641.0	0.008055744234537698	Kocak	permutation	
3642.0	0.1053755346034686	Kocak	permutation	
3643.0	0.31533663764337394	Kocak	permutation	
3644.0	0.22515934473380117	Kocak	permutation	
3645.0	-0.10675294992861506	Kocak	permutation	
3646.0	0.15648954480516863	Kocak	permutation	
3647.0	-0.37465294712150143	Kocak	permutation	
3648.0	0.13606140358457974	Kocak	permutation	
3649.0	0.28326945793916103	Kocak	permutation	
3650.0	0.04254776936565996	Kocak	permutation	
3651.0	-0.06210163608383468	Kocak	permutation	
3652.0	0.18799097700049483	Kocak	permutation	
3653.0	-0.08429699428644888	Kocak	permutation	
3654.0	0.2676058802897314	Kocak	permutation	
3655.0	0.18479638460902859	Kocak	permutation	
3656.0	0.13607683743787025	Kocak	permutation	
3657.0	0.1525014957360762	Kocak	permutation	
3658.0	-0.09657803720650548	Kocak	permutation	
3659.0	-0.2220803542537464	Kocak	permutation	
3660.0	-0.07554784940709958	Kocak	permutation	
3661.0	0.046699198554015275	Kocak	permutation	
3662.0	0.06174396885473765	Kocak	permutation	
3663.0	0.11439765349025688	Kocak	permutation	
3664.0	0.044557995701730135	Kocak	permutation	
3665.0	0.2287064799169487	Kocak	permutation	
3666.0	-0.062475592565603755	Kocak	permutation	
3667.0	-0.08218254927525859	Kocak	permutation	
3668.0	-0.0674178333654254	Kocak	permutation	
3669.0	0.17284151507157564	Kocak	permutation	
3670.0	0.23308157103882632	Kocak	permutation	
3671.0	0.41915430825037614	Kocak	permutation	
3672.0	-0.17865478683008273	Kocak	permutation	
3673.0	-0.07321123312164168	Kocak	permutation	
3674.0	-0.051765783981712055	Kocak	permutation	
3675.0	0.0602811843215445	Kocak	permutation	
3676.0	0.29387976541983907	Kocak	permutation	
3677.0	0.17752835653139964	Kocak	permutation	
3678.0	0.12575706043370172	Kocak	permutation	
3679.0	0.12189956462537577	Kocak	permutation	
3680.0	-0.19741198590465103	Kocak	permutation	
3681.0	-0.238243778182194	Kocak	permutation	
3682.0	-0.06856316149068231	Kocak	permutation	
3683.0	0.1745986968567932	Kocak	permutation	
3684.0	0.18950064286468393	Kocak	permutation	
3685.0	0.26612133276945293	Kocak	permutation	
3686.0	0.14559500144059978	Kocak	permutation	
3687.0	0.1749522873213376	Kocak	permutation	
3688.0	0.21569384834631222	Kocak	permutation	
3689.0	0.38737227911728134	Kocak	permutation	
3690.0	-0.0709899583678002	Kocak	permutation	
3691.0	-0.03361048810928846	Kocak	permutation	
3692.0	-0.06488388009891288	Kocak	permutation	
3693.0	0.12526741576547185	Kocak	permutation	
3694.0	0.15748190992584732	Kocak	permutation	
3695.0	0.14535679668647017	Kocak	permutation	
3696.0	-0.2801909457474121	Kocak	permutation	
3697.0	0.06754845815148247	Kocak	permutation	
3698.0	-0.00742131051299566	Kocak	permutation	
3699.0	0.02525543439542588	Kocak	permutation	
3700.0	0.2051637450534205	Kocak	permutation	
3701.0	0.1260078235596911	Kocak	permutation	
3702.0	0.07380229592317633	Kocak	permutation	
3703.0	0.2396970390052804	Kocak	permutation	
3704.0	-0.3510253242267716	Kocak	permutation	
3705.0	0.22992523859551817	Kocak	permutation	
3706.0	0.18941402619206116	Kocak	permutation	
3707.0	0.12146721283094841	Kocak	permutation	
3708.0	-0.07721199132100853	Kocak	permutation	
3709.0	-0.0457628405392283	Kocak	permutation	
3710.0	0.008128294152252913	Kocak	permutation	
3711.0	0.0469233398731701	Kocak	permutation	
3712.0	-0.055595874997599104	Kocak	permutation	
3713.0	0.1485142777298023	Kocak	permutation	
3714.0	-0.1299129211606047	Kocak	permutation	
3715.0	-0.17795477270675075	Kocak	permutation	
3716.0	0.2093230864806701	Kocak	permutation	
3717.0	-0.015500027722640475	Kocak	permutation	
3718.0	0.034857263156746754	Kocak	permutation	
3719.0	0.18596149680832497	Kocak	permutation	
3720.0	-0.06906155728285679	Kocak	permutation	
3721.0	-0.259676899721728	Kocak	permutation	
3722.0	-0.059590294137105815	Kocak	permutation	
3723.0	-0.11633310617225678	Kocak	permutation	
3724.0	0.26166174158646704	Kocak	permutation	
3725.0	0.25250374422984034	Kocak	permutation	
3726.0	0.3370006286338274	Kocak	permutation	
3727.0	0.033255727063465024	Kocak	permutation	
3728.0	0.144475170405574	Kocak	permutation	
3729.0	-0.2583293484963072	Kocak	permutation	
3730.0	0.03913256830397138	Kocak	permutation	
3731.0	0.2525159508815742	Kocak	permutation	
3732.0	0.09135294694423735	Kocak	permutation	
3733.0	0.0017198622294483101	Kocak	permutation	
3734.0	0.11497768642524786	Kocak	permutation	
3735.0	-0.037329614789165966	Kocak	permutation	
3736.0	0.1555409624648778	Kocak	permutation	
3737.0	0.19949478813865706	Kocak	permutation	
3738.0	-0.10702228769306732	Kocak	permutation	
3739.0	-0.1557538534314169	Kocak	permutation	
3740.0	-0.07806203479972496	Kocak	permutation	
3741.0	-0.0315412837798803	Kocak	permutation	
3742.0	0.1428786263834434	Kocak	permutation	
3743.0	-0.024433048354472575	Kocak	permutation	
3744.0	0.19730674527776326	Kocak	permutation	
3745.0	0.10794924760047397	Kocak	permutation	
3746.0	-0.08860420450262474	Kocak	permutation	
3747.0	0.19221161465891434	Kocak	permutation	
3748.0	0.06616702741513958	Kocak	permutation	
3749.0	0.11307904014669745	Kocak	permutation	
3750.0	0.16445315763963553	Kocak	permutation	
3751.0	-0.03884536647192949	Kocak	permutation	
3752.0	-0.14120314729464845	Kocak	permutation	
3753.0	-0.1441221589544277	Kocak	permutation	
3754.0	0.1754553339736491	Kocak	permutation	
3755.0	0.07902115406237797	Kocak	permutation	
3756.0	0.24673821227847625	Kocak	permutation	
3757.0	0.0951056623593649	Kocak	permutation	
3758.0	0.18091789527998703	Kocak	permutation	
3759.0	-0.12466858126010827	Kocak	permutation	
3760.0	-0.02865089775723817	Kocak	permutation	
3761.0	0.026728826989995014	Kocak	permutation	
3762.0	-0.08556351459828893	Kocak	permutation	
3763.0	-0.2579088161342744	Kocak	permutation	
3764.0	-0.20496505007358934	Kocak	permutation	
3765.0	0.020307409322074754	Kocak	permutation	
3766.0	0.039714646769847484	Kocak	permutation	
3767.0	-0.09812226921120981	Kocak	permutation	
3768.0	0.03284959257037201	Kocak	permutation	
3769.0	0.002641876570614876	Kocak	permutation	
3770.0	0.22741730739590427	Kocak	permutation	
3771.0	-0.023493597295798807	Kocak	permutation	
3772.0	-0.010186797089853705	Kocak	permutation	
3773.0	0.0734896134281886	Kocak	permutation	
3774.0	0.05194790518397863	Kocak	permutation	
3775.0	0.06525324311810099	Kocak	permutation	
3776.0	-0.12297810223514194	Kocak	permutation	
3777.0	-0.040033591565548754	Kocak	permutation	
3778.0	0.025330812278450132	Kocak	permutation	
3779.0	0.0770077795315105	Kocak	permutation	
3780.0	-0.06295269380375235	Kocak	permutation	
3781.0	0.23564975777224717	Kocak	permutation	
3782.0	0.20015894998584383	Kocak	permutation	
3783.0	0.16437804529332123	Kocak	permutation	
3784.0	-0.11266629993607502	Kocak	permutation	
3785.0	0.09442386724911156	Kocak	permutation	
3786.0	0.04926181341871061	Kocak	permutation	
3787.0	-0.021893669565618445	Kocak	permutation	
3788.0	0.08388758749679415	Kocak	permutation	
3789.0	0.13515399429439334	Kocak	permutation	
3790.0	0.06033860356062526	Kocak	permutation	
3791.0	-0.18949005915020845	Kocak	permutation	
3792.0	-0.16690950019617112	Kocak	permutation	
3793.0	0.019856658546810735	Kocak	permutation	
3794.0	0.02020043565626306	Kocak	permutation	
3795.0	0.5320227061161047	Kocak	permutation	
3796.0	0.19761915562104626	Kocak	permutation	
3797.0	0.012915182222464239	Kocak	permutation	
3798.0	-0.2523515724476999	Kocak	permutation	
3799.0	-0.012685790040340095	Kocak	permutation	
3800.0	-0.2638333363192942	Kocak	permutation	
3801.0	-0.09736648644676915	Kocak	permutation	
3802.0	0.007750447933930538	Kocak	permutation	
3803.0	-0.12892489330512547	Kocak	permutation	
3804.0	0.08550691309943659	Kocak	permutation	
3805.0	0.021880828989060852	Kocak	permutation	
3806.0	-0.17207710415583755	Kocak	permutation	
3807.0	-0.04964001523481798	Kocak	permutation	
3808.0	0.050119511244004045	Kocak	permutation	
3809.0	-0.08963183745410319	Kocak	permutation	
3810.0	0.33999606592159726	Kocak	permutation	
3811.0	0.030099998001587025	Kocak	permutation	
3812.0	-0.15120036086214395	Kocak	permutation	
3813.0	-0.1584229186639865	Kocak	permutation	
3814.0	0.23024935757437692	Kocak	permutation	
3815.0	0.028959777412818966	Kocak	permutation	
3816.0	0.3920981851626051	Kocak	permutation	
3817.0	0.1638023961114934	Kocak	permutation	
3818.0	-0.07098409525580873	Kocak	permutation	
3819.0	0.22512315077294698	Kocak	permutation	
3820.0	-0.06930822443976314	Kocak	permutation	
3821.0	0.06743994452477242	Kocak	permutation	
3822.0	0.3110814179390724	Kocak	permutation	
3823.0	0.13879998150626705	Kocak	permutation	
3824.0	-0.012491212213959102	Kocak	permutation	
3825.0	0.12092381290847332	Kocak	permutation	
3826.0	-0.015193479518197606	Kocak	permutation	
3827.0	0.04195210580314335	Kocak	permutation	
3828.0	0.043330984733695566	Kocak	permutation	
3829.0	0.02517309322867156	Kocak	permutation	
3830.0	0.23509926901180833	Kocak	permutation	
3831.0	-0.088654262045333	Kocak	permutation	
3832.0	0.28079533518454713	Kocak	permutation	
3833.0	-0.006459068356089226	Kocak	permutation	
3834.0	0.07760225745385263	Kocak	permutation	
3835.0	-0.009804381790280203	Kocak	permutation	
3836.0	-0.07670791411160227	Kocak	permutation	
3837.0	-0.0038486905014689654	Kocak	permutation	
3838.0	-0.1192771578340448	Kocak	permutation	
3839.0	0.019165236586825785	Kocak	permutation	
3840.0	0.33138722555393674	Kocak	permutation	
3841.0	0.2561343223719943	Kocak	permutation	
3842.0	0.1953883818135589	Kocak	permutation	
3843.0	-0.08808199594423094	Kocak	permutation	
3844.0	-0.18533610355758512	Kocak	permutation	
3845.0	0.29765058980854064	Kocak	permutation	
3846.0	-0.08379606892764091	Kocak	permutation	
3847.0	0.24316429807294782	Kocak	permutation	
3848.0	0.11324264922323479	Kocak	permutation	
3849.0	0.4456490769376993	Kocak	permutation	
3850.0	0.07373283205406	Kocak	permutation	
3851.0	0.18058168456249835	Kocak	permutation	
3852.0	0.08204721624276257	Kocak	permutation	
3853.0	-0.006240120947862415	Kocak	permutation	
3854.0	0.020626773687291156	Kocak	permutation	
3855.0	-0.08524554188763567	Kocak	permutation	
3856.0	0.15537320089353734	Kocak	permutation	
3857.0	0.07200329156298135	Kocak	permutation	
3858.0	-0.020953210948260192	Kocak	permutation	
3859.0	0.1917832774503303	Kocak	permutation	
3860.0	0.05163377892267729	Kocak	permutation	
3861.0	0.014420604006247117	Kocak	permutation	
3862.0	-0.05121016309692372	Kocak	permutation	
3863.0	0.25588620693804565	Kocak	permutation	
3864.0	0.1517632455708089	Kocak	permutation	
3865.0	-0.07072346947027341	Kocak	permutation	
3866.0	-0.15363306561233614	Kocak	permutation	
3867.0	0.047405930320034706	Kocak	permutation	
3868.0	0.09279988592161281	Kocak	permutation	
3869.0	0.024146303741047426	Kocak	permutation	
3870.0	0.01920815767015327	Kocak	permutation	
3871.0	0.05893201656915892	Kocak	permutation	
3872.0	-0.10976818160840729	Kocak	permutation	
3873.0	0.13583503521171725	Kocak	permutation	
3874.0	0.12376894972372998	Kocak	permutation	
3875.0	0.0047954570330643875	Kocak	permutation	
3876.0	0.22479288568793354	Kocak	permutation	
3877.0	0.10101850934110779	Kocak	permutation	
3878.0	0.09656474872764598	Kocak	permutation	
3879.0	0.3909253314723262	Kocak	permutation	
3880.0	0.1514292518348892	Kocak	permutation	
3881.0	0.2452052101682609	Kocak	permutation	
3882.0	0.1434904517783595	Kocak	permutation	
3883.0	0.13460198623850594	Kocak	permutation	
3884.0	0.15947048169813538	Kocak	permutation	
3885.0	0.1996406992544042	Kocak	permutation	
3886.0	-0.01763283163429641	Kocak	permutation	
3887.0	0.06684388116243412	Kocak	permutation	
3888.0	-0.20248114572396947	Kocak	permutation	
3889.0	0.12983963099402018	Kocak	permutation	
3890.0	0.046007279596771866	Kocak	permutation	
3891.0	-0.02480306643559871	Kocak	permutation	
3892.0	0.27032191925912485	Kocak	permutation	
3893.0	0.13645098880042728	Kocak	permutation	
3894.0	0.14393337679053264	Kocak	permutation	
3895.0	-0.1293726034912348	Kocak	permutation	
3896.0	0.21252038883528357	Kocak	permutation	
3897.0	0.025765887171757207	Kocak	permutation	
3898.0	-0.3031275605683028	Kocak	permutation	
3899.0	-0.09011863839712753	Kocak	permutation	
3900.0	0.13786929834931883	Kocak	permutation	
3901.0	0.2512989412768123	Kocak	permutation	
3902.0	-0.022068978796375482	Kocak	permutation	
3903.0	0.06456371632333813	Kocak	permutation	
3904.0	0.365270588893047	Kocak	permutation	
3905.0	0.13027115519983568	Kocak	permutation	
3906.0	0.01414005203057389	Kocak	permutation	
3907.0	0.027305070306703705	Kocak	permutation	
3908.0	-0.17741259302677115	Kocak	permutation	
3909.0	-0.16474665997989124	Kocak	permutation	
3910.0	0.25957163569216046	Kocak	permutation	
3911.0	-0.17613546878919095	Kocak	permutation	
3912.0	-0.21299768649848883	Kocak	permutation	
3913.0	0.0941682134386932	Kocak	permutation	
3914.0	0.024690619976019512	Kocak	permutation	
3915.0	0.14713412384801572	Kocak	permutation	
3916.0	0.16206064554586952	Kocak	permutation	
3917.0	0.05619381768942411	Kocak	permutation	
3918.0	0.204266946208584	Kocak	permutation	
3919.0	0.14393716631165354	Kocak	permutation	
3920.0	0.09748511866323817	Kocak	permutation	
3921.0	0.0785408756953263	Kocak	permutation	
3922.0	-0.025093785355842613	Kocak	permutation	
3923.0	0.12854991654005232	Kocak	permutation	
3924.0	-0.04541903118749335	Kocak	permutation	
3925.0	0.3830646002072564	Kocak	permutation	
3926.0	0.14803495920549015	Kocak	permutation	
3927.0	-0.16385038117385697	Kocak	permutation	
3928.0	0.02942784471468407	Kocak	permutation	
3929.0	0.12217705093477971	Kocak	permutation	
3930.0	0.1956945247836206	Kocak	permutation	
3931.0	0.026405876893761615	Kocak	permutation	
3932.0	0.07087262553149376	Kocak	permutation	
3933.0	-0.12361103433837073	Kocak	permutation	
3934.0	-0.15188431504378297	Kocak	permutation	
3935.0	0.23658774677806615	Kocak	permutation	
3936.0	0.082697263015862	Kocak	permutation	
3937.0	0.040613776217994335	Kocak	permutation	
3938.0	0.11068306870521027	Kocak	permutation	
3939.0	0.2764575442312216	Kocak	permutation	
3940.0	-0.12836045127223628	Kocak	permutation	
3941.0	-0.03452152023348276	Kocak	permutation	
3942.0	0.02570911764196726	Kocak	permutation	
3943.0	0.18036150876575885	Kocak	permutation	
3944.0	0.10653612783778588	Kocak	permutation	
3945.0	-0.033611641189106756	Kocak	permutation	
3946.0	0.09250929325179857	Kocak	permutation	
3947.0	-0.1461186444516791	Kocak	permutation	
3948.0	0.057901215312954335	Kocak	permutation	
3949.0	0.03299084606821712	Kocak	permutation	
3950.0	-0.37203448889306934	Kocak	permutation	
3951.0	-0.15666893281113126	Kocak	permutation	
3952.0	0.26262688021048053	Kocak	permutation	
3953.0	0.2831676268233192	Kocak	permutation	
3954.0	0.28382300244101444	Kocak	permutation	
3955.0	0.25463341529709904	Kocak	permutation	
3956.0	0.23918392538247968	Kocak	permutation	
3957.0	0.3492853283372934	Kocak	permutation	
3958.0	0.2432019060344679	Kocak	permutation	
3959.0	0.2504292578711569	Kocak	permutation	
3960.0	-0.09666083942718284	Kocak	permutation	
3961.0	0.19350070743681247	Kocak	permutation	
3962.0	0.04231084299590471	Kocak	permutation	
3963.0	-0.05341804072865486	Kocak	permutation	
3964.0	0.031361670095485294	Kocak	permutation	
3965.0	0.05757863511996497	Kocak	permutation	
3966.0	-0.08765935764703148	Kocak	permutation	
3967.0	-0.004094268564468706	Kocak	permutation	
3968.0	0.03511181027626176	Kocak	permutation	
3969.0	0.11201772654716624	Kocak	permutation	
3970.0	-0.21777321367447477	Kocak	permutation	
3971.0	0.17803321278511675	Kocak	permutation	
3972.0	0.11759642789466618	Kocak	permutation	
3973.0	0.06872316233122433	Kocak	permutation	
3974.0	0.11084812605205752	Kocak	permutation	
3975.0	-0.1801506564593245	Kocak	permutation	
3976.0	0.266443977415455	Kocak	permutation	
3977.0	0.10544366241248859	Kocak	permutation	
3978.0	-0.0962877420478856	Kocak	permutation	
3979.0	0.040837126800139956	Kocak	permutation	
3980.0	0.10847624374527687	Kocak	permutation	
3981.0	-0.20773466986860978	Kocak	permutation	
3982.0	0.4594719333490538	Kocak	permutation	
3983.0	0.41494084119654584	Kocak	permutation	
3984.0	0.07563387906037633	Kocak	permutation	
3985.0	-0.07083999222127968	Kocak	permutation	
3986.0	0.033370874472756995	Kocak	permutation	
3987.0	0.1903947016769072	Kocak	permutation	
3988.0	0.16234789491014556	Kocak	permutation	
3989.0	0.05548419522861803	Kocak	permutation	
3990.0	0.21925288187263536	Kocak	permutation	
3991.0	-0.12994332646520235	Kocak	permutation	
3992.0	0.23706226791356944	Kocak	permutation	
3993.0	-0.10962802485769263	Kocak	permutation	
3994.0	0.3062019780973966	Kocak	permutation	
3995.0	0.3587928908621514	Kocak	permutation	
3996.0	-0.31303001139149345	Kocak	permutation	
3997.0	0.15498046970710444	Kocak	permutation	
3998.0	0.3873106324730111	Kocak	permutation	
3999.0	0.14641716499565582	Kocak	permutation	
4000.0	0.06729192559530173	Kocak	permutation	
4001.0	0.10009188566665372	Kocak	permutation	
4002.0	0.03527298379116228	Kocak	permutation	
4003.0	-0.07787464656566012	Kocak	permutation	
4004.0	0.16743636284708163	Kocak	permutation	
4005.0	0.047277267995738725	Kocak	permutation	
4006.0	0.09399145664985475	Kocak	permutation	
4007.0	-4.328620221549784e-05	Kocak	permutation	
4008.0	0.08756755316499998	Kocak	permutation	
4009.0	0.1369030403317213	Kocak	permutation	
4010.0	-0.16310011689590098	Kocak	permutation	
4011.0	0.010962436376805051	Kocak	permutation	
4012.0	-0.05077592400900155	Kocak	permutation	
4013.0	0.1900422009160634	Kocak	permutation	
4014.0	-0.04738990282890132	Kocak	permutation	
4015.0	0.3066359182823062	Kocak	permutation	
4016.0	0.22959737984558082	Kocak	permutation	
4017.0	0.039883241067454556	Kocak	permutation	
4018.0	-0.16782562725471362	Kocak	permutation	
4019.0	-0.057786092415685	Kocak	permutation	
4020.0	-0.22310881627935686	Kocak	permutation	
4021.0	0.21779263348498468	Kocak	permutation	
4022.0	0.09624844708509883	Kocak	permutation	
4023.0	-0.03490623216773692	Kocak	permutation	
4024.0	-0.09538880129509231	Kocak	permutation	
4025.0	-0.09202759107911618	Kocak	permutation	
4026.0	-0.037523234670486794	Kocak	permutation	
4027.0	-0.09002587048528365	Kocak	permutation	
4028.0	-0.034820708745137985	Kocak	permutation	
4029.0	0.18089188332466932	Kocak	permutation	
4030.0	0.034275188594659944	Kocak	permutation	
4031.0	0.011075348245261019	Kocak	permutation	
4032.0	-0.11461742539216235	Kocak	permutation	
4033.0	0.09833211984163359	Kocak	permutation	
4034.0	-0.18955110872741887	Kocak	permutation	
4035.0	0.16538517287627297	Kocak	permutation	
4036.0	-0.170455405013894	Kocak	permutation	
4037.0	-0.23968581208022144	Kocak	permutation	
4038.0	0.08104800160163617	Kocak	permutation	
4039.0	0.06882615044030249	Kocak	permutation	
4040.0	0.23430785743964844	Kocak	permutation	
4041.0	-0.19530042511918833	Kocak	permutation	
4042.0	-0.07627235019658674	Kocak	permutation	
4043.0	0.11388338321180136	Kocak	permutation	
4044.0	-0.13292873653181214	Kocak	permutation	
4045.0	-0.11433109021246857	Kocak	permutation	
4046.0	-0.09903294992004241	Kocak	permutation	
4047.0	0.10400754735967332	Kocak	permutation	
4048.0	0.43565810565323027	Kocak	permutation	
4049.0	-0.14693840169414507	Kocak	permutation	
4050.0	0.05328510342508874	Kocak	permutation	
4051.0	0.05377095843610302	Kocak	permutation	
4052.0	0.2683930592862849	Kocak	permutation	
4053.0	0.3332770179451927	Kocak	permutation	
4054.0	0.21729578075185785	Kocak	permutation	
4055.0	0.27817030638009843	Kocak	permutation	
4056.0	0.23888061453097187	Kocak	permutation	
4057.0	0.17203618098506013	Kocak	permutation	
4058.0	-0.16256325679755168	Kocak	permutation	
4059.0	0.07745474093373339	Kocak	permutation	
4060.0	0.2685048667408161	Kocak	permutation	
4061.0	0.056566326557799584	Kocak	permutation	
4062.0	0.34956854501903045	Kocak	permutation	
4063.0	0.34925055174618347	Kocak	permutation	
4064.0	0.06253913431722058	Kocak	permutation	
4065.0	0.12765737421805934	Kocak	permutation	
4066.0	0.04580507237564735	Kocak	permutation	
4067.0	0.12200519387183206	Kocak	permutation	
4068.0	-0.0075813349516042905	Kocak	permutation	
4069.0	0.42658478294597924	Kocak	permutation	
4070.0	0.20554086348333733	Kocak	permutation	
4071.0	-0.0447082885181036	Kocak	permutation	
4072.0	0.14635225677332375	Kocak	permutation	
4073.0	-0.16214823128611844	Kocak	permutation	
4074.0	0.23094564921857064	Kocak	permutation	
4075.0	0.08516264519524697	Kocak	permutation	
4076.0	-0.072968019753481	Kocak	permutation	
4077.0	-0.04446198359814968	Kocak	permutation	
4078.0	0.19490279063239857	Kocak	permutation	
4079.0	0.20056295871534857	Kocak	permutation	
4080.0	0.13696464769583283	Kocak	permutation	
4081.0	0.12100721914221868	Kocak	permutation	
4082.0	-0.1570645412404179	Kocak	permutation	
4083.0	0.18848387430634883	Kocak	permutation	
4084.0	-0.27859395505726336	Kocak	permutation	
4085.0	0.18244747402606443	Kocak	permutation	
4086.0	-0.015040946403531485	Kocak	permutation	
4087.0	0.03170603829703822	Kocak	permutation	
4088.0	-0.025204640255128474	Kocak	permutation	
4089.0	0.10782199423065553	Kocak	permutation	
4090.0	0.09178954270038187	Kocak	permutation	
4091.0	0.10657117233714786	Kocak	permutation	
4092.0	0.3517449872253584	Kocak	permutation	
4093.0	0.15012251343779948	Kocak	permutation	
4094.0	0.1508848769108182	Kocak	permutation	
4095.0	0.13528108788879134	Kocak	permutation	
4096.0	0.04861793927562541	Kocak	permutation	
4097.0	-0.11469691561775175	Kocak	permutation	
4098.0	0.025480508123004952	Kocak	permutation	
4099.0	0.14413830584046305	Kocak	permutation	
4100.0	-0.1329106467876242	Kocak	permutation	
4101.0	-0.13626095089376644	Kocak	permutation	
4102.0	-0.01690793945814395	Kocak	permutation	
4103.0	0.05130986871110288	Kocak	permutation	
4104.0	-0.1292046804473861	Kocak	permutation	
4105.0	0.08815184255227582	Kocak	permutation	
4106.0	-0.14119589363941287	Kocak	permutation	
4107.0	0.04733114396523774	Kocak	permutation	
4108.0	-0.04779275809723327	Kocak	permutation	
4109.0	-0.11087582343014368	Kocak	permutation	
4110.0	-0.15948268959810274	Kocak	permutation	
4111.0	0.0624958911245459	Kocak	permutation	
4112.0	0.26012380676571834	Kocak	permutation	
4113.0	0.001292084173849517	Kocak	permutation	
4114.0	-0.2261621674504859	Kocak	permutation	
4115.0	0.009933331237783172	Kocak	permutation	
4116.0	-0.10220745635590056	Kocak	permutation	
4117.0	0.12632001816189398	Kocak	permutation	
4118.0	-0.10338050222260353	Kocak	permutation	
4119.0	0.018746607317469355	Kocak	permutation	
4120.0	0.03596283052374716	Kocak	permutation	
4121.0	0.12570195249823257	Kocak	permutation	
4122.0	-0.12720080728783412	Kocak	permutation	
4123.0	0.17068994563648054	Kocak	permutation	
4124.0	-0.08395465775074129	Kocak	permutation	
4125.0	0.07867460781322233	Kocak	permutation	
4126.0	-0.04798135815499727	Kocak	permutation	
4127.0	-0.10374121872789654	Kocak	permutation	
4128.0	-0.017804736125323295	Kocak	permutation	
4129.0	0.08799788074783166	Kocak	permutation	
4130.0	-0.03811823437024753	Kocak	permutation	
4131.0	0.23922587582597377	Kocak	permutation	
4132.0	0.14009316743735667	Kocak	permutation	
4133.0	0.05875099936333683	Kocak	permutation	
4134.0	0.16818295109394743	Kocak	permutation	
4135.0	0.18522825087731132	Kocak	permutation	
4136.0	0.1375245578407247	Kocak	permutation	
4137.0	0.09558336780692667	Kocak	permutation	
4138.0	-0.2148171881709775	Kocak	permutation	
4139.0	-0.08173240332477949	Kocak	permutation	
4140.0	-0.19832856296023493	Kocak	permutation	
4141.0	-0.3782697440269276	Kocak	permutation	
4142.0	0.026370982749072347	Kocak	permutation	
4143.0	0.15545426073628477	Kocak	permutation	
4144.0	0.11121927022713063	Kocak	permutation	
4145.0	0.008474594686672887	Kocak	permutation	
4146.0	-0.27951623700065653	Kocak	permutation	
4147.0	0.1896905101616273	Kocak	permutation	
4148.0	0.04172641634864771	Kocak	permutation	
4149.0	-0.09620533201704795	Kocak	permutation	
4150.0	0.12722201012171386	Kocak	permutation	
4151.0	0.20475996829090803	Kocak	permutation	
4152.0	-0.06426633178529251	Kocak	permutation	
4153.0	0.06042463304400947	Kocak	permutation	
4154.0	0.1771354286277642	Kocak	permutation	
4155.0	0.13873168782481127	Kocak	permutation	
4156.0	0.32268245684650676	Kocak	permutation	
4157.0	-0.10688088769694382	Kocak	permutation	
4158.0	0.04947131152059736	Kocak	permutation	
4159.0	0.009888442432470335	Kocak	permutation	
4160.0	0.30206768690642516	Kocak	permutation	
4161.0	-0.1017946071526925	Kocak	permutation	
4162.0	-0.15536906209066714	Kocak	permutation	
4163.0	-0.2358320604301989	Kocak	permutation	
4164.0	0.18086410474109194	Kocak	permutation	
4165.0	0.3019752318718556	Kocak	permutation	
4166.0	-0.01617106243015609	Kocak	permutation	
4167.0	0.010575594777169961	Kocak	permutation	
4168.0	-0.010580726922218453	Kocak	permutation	
4169.0	0.19721064595143734	Kocak	permutation	
4170.0	0.1618567514390694	Kocak	permutation	
4171.0	-0.1466696286384339	Kocak	permutation	
4172.0	-0.08854792900165087	Kocak	permutation	
4173.0	-0.17898841798953669	Kocak	permutation	
4174.0	-0.198837858928389	Kocak	permutation	
4175.0	0.12345575932199271	Kocak	permutation	
4176.0	-0.1182772802558949	Kocak	permutation	
4177.0	-0.02127518548814944	Kocak	permutation	
4178.0	0.05683859652352119	Kocak	permutation	
4179.0	0.35117096066490827	Kocak	permutation	
4180.0	0.16414280619191857	Kocak	permutation	
4181.0	-0.24917428937130204	Kocak	permutation	
4182.0	0.08942958378532406	Kocak	permutation	
4183.0	0.04349810453899661	Kocak	permutation	
4184.0	0.07610053541356443	Kocak	permutation	
4185.0	0.147226397831691	Kocak	permutation	
4186.0	0.021334684834950934	Kocak	permutation	
4187.0	-0.011600974854976798	Kocak	permutation	
4188.0	0.24385513121968483	Kocak	permutation	
4189.0	-0.013084364875777688	Kocak	permutation	
4190.0	0.06757289524290222	Kocak	permutation	
4191.0	0.08979940637632566	Kocak	permutation	
4192.0	0.05987134082878054	Kocak	permutation	
4193.0	-0.2937378929294603	Kocak	permutation	
4194.0	0.022367397860178606	Kocak	permutation	
4195.0	-0.03128808473397626	Kocak	permutation	
4196.0	0.25436494589976455	Kocak	permutation	
4197.0	-0.037912033319988936	Kocak	permutation	
4198.0	0.045156096537244395	Kocak	permutation	
4199.0	0.17426427357445462	Kocak	permutation	
4200.0	0.0057078967821748705	Kocak	permutation	
4201.0	0.0032623355842762436	Kocak	permutation	
4202.0	0.08767935569240404	Kocak	permutation	
4203.0	0.1706583728043931	Kocak	permutation	
4204.0	-0.0120047824231726	Kocak	permutation	
4205.0	0.04340326084428625	Kocak	permutation	
4206.0	-0.11234012598693077	Kocak	permutation	
4207.0	-0.0387255745283559	Kocak	permutation	
4208.0	-0.033826948476635366	Kocak	permutation	
4209.0	0.14546925949096412	Kocak	permutation	
4210.0	-0.009299635451944788	Kocak	permutation	
4211.0	-0.013211248576367574	Kocak	permutation	
4212.0	0.08305504307697653	Kocak	permutation	
4213.0	0.16609335731646624	Kocak	permutation	
4214.0	0.10347655690491653	Kocak	permutation	
4215.0	0.1415056184736967	Kocak	permutation	
4216.0	0.12545360608586797	Kocak	permutation	
4217.0	0.08338671418778176	Kocak	permutation	
4218.0	-0.1828720414201399	Kocak	permutation	
4219.0	-0.039605166600423125	Kocak	permutation	
4220.0	-0.12800160635087288	Kocak	permutation	
4221.0	0.20477592690289104	Kocak	permutation	
4222.0	0.16136579637104198	Kocak	permutation	
4223.0	-0.022925956788320434	Kocak	permutation	
4224.0	0.022870710666000882	Kocak	permutation	
4225.0	-0.12061248570384997	Kocak	permutation	
4226.0	0.28265340735172995	Kocak	permutation	
4227.0	-0.11502363336669053	Kocak	permutation	
4228.0	-0.07151533920204223	Kocak	permutation	
4229.0	0.07820153697182253	Kocak	permutation	
4230.0	-0.06543422375335162	Kocak	permutation	
4231.0	0.14948261972042065	Kocak	permutation	
4232.0	0.2860507543682109	Kocak	permutation	
4233.0	-0.1022846204864516	Kocak	permutation	
4234.0	-0.16970810841981177	Kocak	permutation	
4235.0	-0.16211016806776968	Kocak	permutation	
4236.0	0.0633159697092367	Kocak	permutation	
4237.0	-0.06902081541479799	Kocak	permutation	
4238.0	0.2013797184149908	Kocak	permutation	
4239.0	0.08759409089590786	Kocak	permutation	
4240.0	-0.0748460076852151	Kocak	permutation	
4241.0	-0.05514329163404508	Kocak	permutation	
4242.0	-0.03416005008584477	Kocak	permutation	
4243.0	-0.007951034122279488	Kocak	permutation	
4244.0	0.3281247720665945	Kocak	permutation	
4245.0	0.20243882543539993	Kocak	permutation	
4246.0	-0.08839130749924884	Kocak	permutation	
4247.0	0.004310103887841699	Kocak	permutation	
4248.0	-0.1653830560176619	Kocak	permutation	
4249.0	-0.35283098750452435	Kocak	permutation	
4250.0	0.02340096276000203	Kocak	permutation	
4251.0	0.3358847537000482	Kocak	permutation	
4252.0	0.13218400368105065	Kocak	permutation	
4253.0	0.06293037586929273	Kocak	permutation	
4254.0	-0.02105505640690808	Kocak	permutation	
4255.0	-0.11479857447969	Kocak	permutation	
4256.0	0.07869077477721831	Kocak	permutation	
4257.0	0.27261587861100534	Kocak	permutation	
4258.0	-0.013290417217169725	Kocak	permutation	
4259.0	0.08590405024573666	Kocak	permutation	
4260.0	-0.22393081993357544	Kocak	permutation	
4261.0	0.03381354502840672	Kocak	permutation	
4262.0	-0.10936079649562647	Kocak	permutation	
4263.0	-0.011804571187280288	Kocak	permutation	
4264.0	0.1938703686974712	Kocak	permutation	
4265.0	-0.027014213204317628	Kocak	permutation	
4266.0	0.3110933124226465	Kocak	permutation	
4267.0	-0.05715407838991293	Kocak	permutation	
4268.0	0.03310558838231081	Kocak	permutation	
4269.0	0.3014101914036198	Kocak	permutation	
4270.0	0.15889139108260597	Kocak	permutation	
4271.0	0.2506274295039459	Kocak	permutation	
4272.0	-0.022872344970963354	Kocak	permutation	
4273.0	0.15631724552170834	Kocak	permutation	
4274.0	-0.00703050031311836	Kocak	permutation	
4275.0	0.2759482134954041	Kocak	permutation	
4276.0	0.12285613631394376	Kocak	permutation	
4277.0	0.023557289138531168	Kocak	permutation	
4278.0	0.1586177811343532	Kocak	permutation	
4279.0	-0.08539733501919677	Kocak	permutation	
4280.0	0.1762860835020188	Kocak	permutation	
4281.0	-0.09176060629510818	Kocak	permutation	
4282.0	0.16533260918600146	Kocak	permutation	
4283.0	0.3849413870127103	Kocak	permutation	
4284.0	0.007992271773882287	Kocak	permutation	
4285.0	0.30344994788785584	Kocak	permutation	
4286.0	-0.09748759950469665	Kocak	permutation	
4287.0	0.044453695487225	Kocak	permutation	
4288.0	0.3118561297419582	Kocak	permutation	
4289.0	0.0006000653118016785	Kocak	permutation	
4290.0	0.1463409758507197	Kocak	permutation	
4291.0	-0.14741779343808936	Kocak	permutation	
4292.0	0.0707383005015183	Kocak	permutation	
4293.0	-0.24521857481100806	Kocak	permutation	
4294.0	0.3303046875431397	Kocak	permutation	
4295.0	0.028763169919020726	Kocak	permutation	
4296.0	-0.14498564027456595	Kocak	permutation	
4297.0	-0.075309352790641	Kocak	permutation	
4298.0	-0.13425951122101232	Kocak	permutation	
4299.0	0.1289074313156897	Kocak	permutation	
4300.0	-0.19349562411335786	Kocak	permutation	
4301.0	0.21957530563642536	Kocak	permutation	
4302.0	0.4697900751400583	Kocak	permutation	
4303.0	0.29496921779152974	Kocak	permutation	
4304.0	0.1252493365809837	Kocak	permutation	
4305.0	0.21521970250998912	Kocak	permutation	
4306.0	0.28814776519772956	Kocak	permutation	
4307.0	0.016159847500657243	Kocak	permutation	
4308.0	0.2241265819444216	Kocak	permutation	
4309.0	0.20054451521435013	Kocak	permutation	
4310.0	0.12198080263544853	Kocak	permutation	
4311.0	-0.10913502313032009	Kocak	permutation	
4312.0	0.16993040381347146	Kocak	permutation	
4313.0	0.14199957839609212	Kocak	permutation	
4314.0	-0.1762519657295334	Kocak	permutation	
4315.0	0.034038292864274844	Kocak	permutation	
4316.0	0.1348784429354808	Kocak	permutation	
4317.0	-0.12418701427987244	Kocak	permutation	
4318.0	-0.12313989343602749	Kocak	permutation	
4319.0	0.04485909123635867	Kocak	permutation	
4320.0	-0.10877185771728026	Kocak	permutation	
4321.0	0.07125402200976794	Kocak	permutation	
4322.0	0.2317160264586633	Kocak	permutation	
4323.0	0.1450646604559962	Kocak	permutation	
4324.0	-0.006918136600190472	Kocak	permutation	
4325.0	0.07336298059137114	Kocak	permutation	
4326.0	0.10397750481656853	Kocak	permutation	
4327.0	-0.01982808386925239	Kocak	permutation	
4328.0	-0.0038009046995011175	Kocak	permutation	
4329.0	0.15559964584634045	Kocak	permutation	
4330.0	0.07773888398220485	Kocak	permutation	
4331.0	-0.16746413879496735	Kocak	permutation	
4332.0	0.11882778596299204	Kocak	permutation	
4333.0	0.1545230701394411	Kocak	permutation	
4334.0	0.16355673921324687	Kocak	permutation	
4335.0	0.059981697465961936	Kocak	permutation	
4336.0	0.007842832326494076	Kocak	permutation	
4337.0	-0.0785545333734472	Kocak	permutation	
4338.0	0.07224534231385515	Kocak	permutation	
4339.0	0.11183821574883446	Kocak	permutation	
4340.0	-0.12291728680934	Kocak	permutation	
4341.0	0.17432303783606073	Kocak	permutation	
4342.0	0.5532105498632935	Kocak	permutation	
4343.0	-0.1063787427894507	Kocak	permutation	
4344.0	0.07129355285367911	Kocak	permutation	
4345.0	0.1136872063390113	Kocak	permutation	
4346.0	0.13993777475736113	Kocak	permutation	
4347.0	-0.021854168942224916	Kocak	permutation	
4348.0	-0.24806772011354106	Kocak	permutation	
4349.0	0.13018339192103312	Kocak	permutation	
4350.0	0.18114142805343914	Kocak	permutation	
4351.0	-0.033355111860441156	Kocak	permutation	
4352.0	0.1768111242774557	Kocak	permutation	
4353.0	-0.20371431785385763	Kocak	permutation	
4354.0	0.21739851446061742	Kocak	permutation	
4355.0	0.1079260457220359	Kocak	permutation	
4356.0	-0.05907866187165833	Kocak	permutation	
4357.0	0.01646645002231395	Kocak	permutation	
4358.0	0.057267983731783545	Kocak	permutation	
4359.0	0.3182174168844174	Kocak	permutation	
4360.0	0.16350098147770442	Kocak	permutation	
4361.0	0.16755300265959594	Kocak	permutation	
4362.0	-0.10913837204024812	Kocak	permutation	
4363.0	-0.08546674613602434	Kocak	permutation	
4364.0	0.1156429625422799	Kocak	permutation	
4365.0	0.04796157153047975	Kocak	permutation	
4366.0	-0.03506340653212092	Kocak	permutation	
4367.0	-0.03245221085946515	Kocak	permutation	
4368.0	-0.007368024412248708	Kocak	permutation	
4369.0	-0.21485471982049997	Kocak	permutation	
4370.0	0.09621075948784075	Kocak	permutation	
4371.0	-0.06478640821079029	Kocak	permutation	
4372.0	0.16206976302244058	Kocak	permutation	
4373.0	-0.03763771033711372	Kocak	permutation	
4374.0	0.22574434758161388	Kocak	permutation	
4375.0	0.10875037077125604	Kocak	permutation	
4376.0	0.07452668664527362	Kocak	permutation	
4377.0	-0.050607921659634236	Kocak	permutation	
4378.0	0.11058546631664701	Kocak	permutation	
4379.0	0.3357903050402635	Kocak	permutation	
4380.0	0.11199523366746256	Kocak	permutation	
4381.0	0.08423392798429052	Kocak	permutation	
4382.0	-0.0017996236377975094	Kocak	permutation	
4383.0	0.26334428669718424	Kocak	permutation	
4384.0	-0.12462279518759356	Kocak	permutation	
4385.0	0.27814920014322286	Kocak	permutation	
4386.0	0.24766666868096365	Kocak	permutation	
4387.0	0.2094324011734292	Kocak	permutation	
4388.0	0.03993302961633027	Kocak	permutation	
4389.0	0.0006349314949734008	Kocak	permutation	
4390.0	0.24651732578911378	Kocak	permutation	
4391.0	-0.07599562748650346	Kocak	permutation	
4392.0	0.30934264767659325	Kocak	permutation	
4393.0	-0.07386400085585443	Kocak	permutation	
4394.0	0.34283637941437295	Kocak	permutation	
4395.0	0.037298389054361	Kocak	permutation	
4396.0	0.3282812763928664	Kocak	permutation	
4397.0	-0.12242288642944921	Kocak	permutation	
4398.0	-0.1206106603817112	Kocak	permutation	
4399.0	0.25530112684357587	Kocak	permutation	
4400.0	0.08184983209857499	Kocak	permutation	
4401.0	-0.01349807347028964	Kocak	permutation	
4402.0	0.10106040125884164	Kocak	permutation	
4403.0	0.031746742382763316	Kocak	permutation	
4404.0	0.25990297446125865	Kocak	permutation	
4405.0	0.1941730524387344	Kocak	permutation	
4406.0	-0.027856086935266866	Kocak	permutation	
4407.0	0.04683168630712409	Kocak	permutation	
4408.0	0.10091709792023629	Kocak	permutation	
4409.0	0.11103509314825732	Kocak	permutation	
4410.0	0.026199207513267098	Kocak	permutation	
4411.0	0.19428580604537693	Kocak	permutation	
4412.0	0.12298000959448974	Kocak	permutation	
4413.0	-0.10154825589190164	Kocak	permutation	
4414.0	0.280665309681849	Kocak	permutation	
4415.0	0.1815940524841153	Kocak	permutation	
4416.0	-0.02716477766082548	Kocak	permutation	
4417.0	0.109237030578198	Kocak	permutation	
4418.0	0.10354807623147	Kocak	permutation	
4419.0	0.44416092280285735	Kocak	permutation	
4420.0	-0.11035724141105074	Kocak	permutation	
4421.0	0.12817025940508753	Kocak	permutation	
4422.0	0.20394960322484668	Kocak	permutation	
4423.0	0.04477964103516374	Kocak	permutation	
4424.0	0.05536632612822512	Kocak	permutation	
4425.0	0.06775027052712979	Kocak	permutation	
4426.0	0.059527503390052416	Kocak	permutation	
4427.0	0.03336103263773982	Kocak	permutation	
4428.0	0.025941841421059486	Kocak	permutation	
4429.0	-0.15456789009002847	Kocak	permutation	
4430.0	-0.151211251801616	Kocak	permutation	
4431.0	-0.059601945917067134	Kocak	permutation	
4432.0	-0.0649884615748455	Kocak	permutation	
4433.0	0.25257336180175116	Kocak	permutation	
4434.0	0.2513810301324835	Kocak	permutation	
4435.0	0.020087514294413467	Kocak	permutation	
4436.0	0.18365403040592554	Kocak	permutation	
4437.0	0.0893553733540644	Kocak	permutation	
4438.0	-0.23630644662771605	Kocak	permutation	
4439.0	0.1766574645128003	Kocak	permutation	
4440.0	-0.132006840194693	Kocak	permutation	
4441.0	0.1135553881056861	Kocak	permutation	
4442.0	0.21623889293914722	Kocak	permutation	
4443.0	0.031227471419507324	Kocak	permutation	
4444.0	-0.0029268675402160937	Kocak	permutation	
4445.0	-0.0667892075089851	Kocak	permutation	
4446.0	0.19269783575456945	Kocak	permutation	
4447.0	-0.3945175628647517	Kocak	permutation	
4448.0	-0.19589147056913703	Kocak	permutation	
4449.0	0.19158220022207129	Kocak	permutation	
4450.0	-0.04963628018936728	Kocak	permutation	
4451.0	0.06286411579839601	Kocak	permutation	
4452.0	0.12185717110849925	Kocak	permutation	
4453.0	0.16089043224554533	Kocak	permutation	
4454.0	0.1861647798072097	Kocak	permutation	
4455.0	-0.08632293544310521	Kocak	permutation	
4456.0	-0.07799986303587847	Kocak	permutation	
4457.0	-0.11074804395011917	Kocak	permutation	
4458.0	0.08219392465258757	Kocak	permutation	
4459.0	-0.025110526889721818	Kocak	permutation	
4460.0	0.20518269092899732	Kocak	permutation	
4461.0	0.38496804458683265	Kocak	permutation	
4462.0	-0.1885512007682859	Kocak	permutation	
4463.0	0.05288054628504746	Kocak	permutation	
4464.0	0.4491621400293093	Kocak	permutation	
4465.0	-0.057477644968144226	Kocak	permutation	
4466.0	-0.11923496781625342	Kocak	permutation	
4467.0	0.12194589778888343	Kocak	permutation	
4468.0	0.2943994236772376	Kocak	permutation	
4469.0	-0.018791875955864512	Kocak	permutation	
4470.0	0.06805381638728303	Kocak	permutation	
4471.0	0.05259303334102583	Kocak	permutation	
4472.0	-0.04265872240562274	Kocak	permutation	
4473.0	-0.08094964412997019	Kocak	permutation	
4474.0	0.15845187017450701	Kocak	permutation	
4475.0	-0.09843175922801084	Kocak	permutation	
4476.0	0.029146633756345075	Kocak	permutation	
4477.0	0.15615795862045623	Kocak	permutation	
4478.0	0.018763956973788964	Kocak	permutation	
4479.0	-0.0023450679363108407	Kocak	permutation	
4480.0	0.16850277978926886	Kocak	permutation	
4481.0	0.1609838677486195	Kocak	permutation	
4482.0	-0.0021124965777996607	Kocak	permutation	
4483.0	-0.09682614918193533	Kocak	permutation	
4484.0	0.1322332755398703	Kocak	permutation	
4485.0	-0.17137254583528705	Kocak	permutation	
4486.0	0.13164186173074466	Kocak	permutation	
4487.0	-0.3996336739551394	Kocak	permutation	
4488.0	0.2307127083342566	Kocak	permutation	
4489.0	0.34920298902126223	Kocak	permutation	
4490.0	-0.2795186935968612	Kocak	permutation	
4491.0	0.07770732929785584	Kocak	permutation	
4492.0	0.18417063948703127	Kocak	permutation	
4493.0	0.1109880307302733	Kocak	permutation	
4494.0	0.05382283936110799	Kocak	permutation	
4495.0	-0.06258306374310507	Kocak	permutation	
4496.0	-0.16989623666195364	Kocak	permutation	
4497.0	0.004017922630338511	Kocak	permutation	
4498.0	-0.13680398878709088	Kocak	permutation	
4499.0	-0.14014911170134337	Kocak	permutation	
4500.0	0.0021658155357702213	Kocak	permutation	
4501.0	0.29097704532152324	Kocak	permutation	
4502.0	0.18187675758705701	Kocak	permutation	
4503.0	0.10251169969378182	Kocak	permutation	
4504.0	0.09491551121305264	Kocak	permutation	
4505.0	0.16183604592479117	Kocak	permutation	
4506.0	0.061395909623350065	Kocak	permutation	
4507.0	0.11174396818736199	Kocak	permutation	
4508.0	0.27563384653159506	Kocak	permutation	
4509.0	0.12653809499352509	Kocak	permutation	
4510.0	0.08065959249962873	Kocak	permutation	
4511.0	0.07737544938215368	Kocak	permutation	
4512.0	0.0799630475787847	Kocak	permutation	
4513.0	0.26447933690991476	Kocak	permutation	
4514.0	0.1553252831546903	Kocak	permutation	
4515.0	-0.1512180394751086	Kocak	permutation	
4516.0	0.046207237569502624	Kocak	permutation	
4517.0	0.1263438886390551	Kocak	permutation	
4518.0	0.007557806518817323	Kocak	permutation	
4519.0	0.11467061003858081	Kocak	permutation	
4520.0	-0.13783716355165332	Kocak	permutation	
4521.0	0.061730147230707466	Kocak	permutation	
4522.0	-0.1606711520069739	Kocak	permutation	
4523.0	0.11114365298692963	Kocak	permutation	
4524.0	0.11267305938461902	Kocak	permutation	
4525.0	-0.11059775114713322	Kocak	permutation	
4526.0	-0.18695547890731046	Kocak	permutation	
4527.0	-0.11962100352088001	Kocak	permutation	
4528.0	0.02431454801364552	Kocak	permutation	
4529.0	0.14996052408438754	Kocak	permutation	
4530.0	0.13706023523870048	Kocak	permutation	
4531.0	-0.14120952745768633	Kocak	permutation	
4532.0	0.053251983720637774	Kocak	permutation	
4533.0	-0.052304525873966945	Kocak	permutation	
4534.0	-0.0362040426719048	Kocak	permutation	
4535.0	-0.08679561953587811	Kocak	permutation	
4536.0	0.25906383777725406	Kocak	permutation	
4537.0	0.08954270382195517	Kocak	permutation	
4538.0	-0.2372125222688064	Kocak	permutation	
4539.0	0.1430946645464406	Kocak	permutation	
4540.0	0.2536968050724697	Kocak	permutation	
4541.0	-0.15011412162692572	Kocak	permutation	
4542.0	0.07407755385209036	Kocak	permutation	
4543.0	0.08000862519891871	Kocak	permutation	
4544.0	-0.012593529462186837	Kocak	permutation	
4545.0	0.0256462789850902	Kocak	permutation	
4546.0	-0.01988172783959552	Kocak	permutation	
4547.0	0.09521208367090228	Kocak	permutation	
4548.0	0.06685887337181473	Kocak	permutation	
4549.0	0.18074318953586044	Kocak	permutation	
4550.0	-0.3644745848044604	Kocak	permutation	
4551.0	0.023375988426308503	Kocak	permutation	
4552.0	-0.16429127490444362	Kocak	permutation	
4553.0	-0.13996574307705867	Kocak	permutation	
4554.0	-0.1283312362649376	Kocak	permutation	
4555.0	0.0027056147616422166	Kocak	permutation	
4556.0	0.06754231761964391	Kocak	permutation	
4557.0	0.09412979513245912	Kocak	permutation	
4558.0	0.3415258055547632	Kocak	permutation	
4559.0	0.08841096593325926	Kocak	permutation	
4560.0	0.37439622598138467	Kocak	permutation	
4561.0	0.11589376497378989	Kocak	permutation	
4562.0	-0.12427139773562512	Kocak	permutation	
4563.0	0.18264739062656776	Kocak	permutation	
4564.0	0.23496377133794066	Kocak	permutation	
4565.0	0.027065848299729467	Kocak	permutation	
4566.0	-0.01641655200173897	Kocak	permutation	
4567.0	-0.10786078775106223	Kocak	permutation	
4568.0	0.01697243417177141	Kocak	permutation	
4569.0	0.35779859515613577	Kocak	permutation	
4570.0	0.03517281413693851	Kocak	permutation	
4571.0	0.3896826525777284	Kocak	permutation	
4572.0	0.18718706311620625	Kocak	permutation	
4573.0	0.17867206888519327	Kocak	permutation	
4574.0	0.17924524250591034	Kocak	permutation	
4575.0	0.12654459370736504	Kocak	permutation	
4576.0	-0.0763692285124229	Kocak	permutation	
4577.0	-0.13610205742406656	Kocak	permutation	
4578.0	0.04571772728388179	Kocak	permutation	
4579.0	0.22036169845525233	Kocak	permutation	
4580.0	-0.13458420474435506	Kocak	permutation	
4581.0	-0.031967371265949396	Kocak	permutation	
4582.0	0.19234003612035977	Kocak	permutation	
4583.0	-0.16658668792457743	Kocak	permutation	
4584.0	0.0817527995188394	Kocak	permutation	
4585.0	0.38943511381665363	Kocak	permutation	
4586.0	0.20774148502453116	Kocak	permutation	
4587.0	0.23712789149430247	Kocak	permutation	
4588.0	0.10425240788735124	Kocak	permutation	
4589.0	-0.02355340875323364	Kocak	permutation	
4590.0	-0.15469400910098585	Kocak	permutation	
4591.0	0.23212292705568327	Kocak	permutation	
4592.0	0.04474290639333578	Kocak	permutation	
4593.0	0.20803493615002822	Kocak	permutation	
4594.0	0.11840761975273129	Kocak	permutation	
4595.0	0.14385717666372155	Kocak	permutation	
4596.0	0.21895855045292745	Kocak	permutation	
4597.0	-0.027947228946023195	Kocak	permutation	
4598.0	0.2783057509082605	Kocak	permutation	
4599.0	0.10220279953368117	Kocak	permutation	
4600.0	0.0888471854465811	Kocak	permutation	
4601.0	0.07261756155316768	Kocak	permutation	
4602.0	0.07667733453742365	Kocak	permutation	
4603.0	0.2328404539579143	Kocak	permutation	
4604.0	-0.060172995772536986	Kocak	permutation	
4605.0	0.18925137659837077	Kocak	permutation	
4606.0	0.0695131983645556	Kocak	permutation	
4607.0	-0.029717062644464498	Kocak	permutation	
4608.0	-0.11945603743658761	Kocak	permutation	
4609.0	0.04637590764648625	Kocak	permutation	
4610.0	-0.004289355238187298	Kocak	permutation	
4611.0	0.0385942255077083	Kocak	permutation	
4612.0	0.06457427768198087	Kocak	permutation	
4613.0	-0.14334023752331237	Kocak	permutation	
4614.0	0.19837017673988644	Kocak	permutation	
4615.0	0.2617821256736317	Kocak	permutation	
4616.0	0.02096950003596021	Kocak	permutation	
4617.0	0.2753844041634057	Kocak	permutation	
4618.0	-0.14004574908220668	Kocak	permutation	
4619.0	-0.18247412249861927	Kocak	permutation	
4620.0	-0.008331563633975136	Kocak	permutation	
4621.0	0.14534415659080047	Kocak	permutation	
4622.0	0.06447289632254094	Kocak	permutation	
4623.0	0.16006637132844048	Kocak	permutation	
4624.0	-0.10470965771374807	Kocak	permutation	
4625.0	0.024898464940796394	Kocak	permutation	
4626.0	-0.12349660678228336	Kocak	permutation	
4627.0	0.2396792679524271	Kocak	permutation	
4628.0	-0.11394058379120064	Kocak	permutation	
4629.0	0.04936627263776394	Kocak	permutation	
4630.0	-0.07332720692225259	Kocak	permutation	
4631.0	0.14264578774781	Kocak	permutation	
4632.0	0.23744814442362117	Kocak	permutation	
4633.0	-0.16620401347579072	Kocak	permutation	
4634.0	0.15614101932664415	Kocak	permutation	
4635.0	0.17194374521195943	Kocak	permutation	
4636.0	-0.048972776936293094	Kocak	permutation	
4637.0	-0.3402085123482852	Kocak	permutation	
4638.0	0.19380078255340827	Kocak	permutation	
4639.0	0.1375545397504636	Kocak	permutation	
4640.0	0.07203974140773894	Kocak	permutation	
4641.0	0.21612864697015155	Kocak	permutation	
4642.0	-0.2503700748255726	Kocak	permutation	
4643.0	-0.10973161591463487	Kocak	permutation	
4644.0	0.15904614454980148	Kocak	permutation	
4645.0	0.11136596539177379	Kocak	permutation	
4646.0	0.04671567355287287	Kocak	permutation	
4647.0	0.07396964431918462	Kocak	permutation	
4648.0	-0.3172497579766169	Kocak	permutation	
4649.0	0.20613402292892857	Kocak	permutation	
4650.0	0.22586983865675414	Kocak	permutation	
4651.0	0.00493054883377031	Kocak	permutation	
4652.0	0.039639283142375525	Kocak	permutation	
4653.0	-0.08784278990835936	Kocak	permutation	
4654.0	0.2748293860566067	Kocak	permutation	
4655.0	-0.006284633588898636	Kocak	permutation	
4656.0	0.0742392843276729	Kocak	permutation	
4657.0	-0.008008189228500662	Kocak	permutation	
4658.0	0.3304066412289606	Kocak	permutation	
4659.0	-0.13776949752076817	Kocak	permutation	
4660.0	0.10828077993844776	Kocak	permutation	
4661.0	0.3276972176420596	Kocak	permutation	
4662.0	0.17284458851618023	Kocak	permutation	
4663.0	0.059910199064589165	Kocak	permutation	
4664.0	-0.14267698479103785	Kocak	permutation	
4665.0	0.0020835317405172304	Kocak	permutation	
4666.0	0.2503680934245516	Kocak	permutation	
4667.0	0.03189493508642727	Kocak	permutation	
4668.0	-0.13178713560273714	Kocak	permutation	
4669.0	-0.24493539043899393	Kocak	permutation	
4670.0	0.005173012098958374	Kocak	permutation	
4671.0	0.04703907032093291	Kocak	permutation	
4672.0	0.11699726122909393	Kocak	permutation	
4673.0	0.32920095488495615	Kocak	permutation	
4674.0	0.025985840487446232	Kocak	permutation	
4675.0	0.03084326909719337	Kocak	permutation	
4676.0	-0.08751114950522698	Kocak	permutation	
4677.0	0.5431741026617907	Kocak	permutation	
4678.0	0.1471955347261913	Kocak	permutation	
4679.0	-0.07450768768160554	Kocak	permutation	
4680.0	0.23218948864957856	Kocak	permutation	
4681.0	0.03024687823114025	Kocak	permutation	
4682.0	0.05611136643532344	Kocak	permutation	
4683.0	0.008359902739857539	Kocak	permutation	
4684.0	-0.04496854494549041	Kocak	permutation	
4685.0	0.040307982789698826	Kocak	permutation	
4686.0	0.1821235287440226	Kocak	permutation	
4687.0	0.1497425054673407	Kocak	permutation	
4688.0	0.002294854952867631	Kocak	permutation	
4689.0	0.1899903853897671	Kocak	permutation	
4690.0	0.15218406787121364	Kocak	permutation	
4691.0	0.035494337986119895	Kocak	permutation	
4692.0	0.0917291714158992	Kocak	permutation	
4693.0	0.10153889936975524	Kocak	permutation	
4694.0	-0.05894508790694353	Kocak	permutation	
4695.0	0.09297214641859597	Kocak	permutation	
4696.0	0.049443481544273915	Kocak	permutation	
4697.0	0.16979087176424024	Kocak	permutation	
4698.0	0.16608088202498905	Kocak	permutation	
4699.0	0.10992960191552026	Kocak	permutation	
4700.0	0.1296298203910915	Kocak	permutation	
4701.0	-0.05455309949007603	Kocak	permutation	
4702.0	0.023684218161148962	Kocak	permutation	
4703.0	0.06682675806261607	Kocak	permutation	
4704.0	0.097267283397791	Kocak	permutation	
4705.0	0.3760193450119198	Kocak	permutation	
4706.0	0.24686892856986464	Kocak	permutation	
4707.0	0.05073545062677187	Kocak	permutation	
4708.0	0.19736125618065614	Kocak	permutation	
4709.0	0.10804044479451491	Kocak	permutation	
4710.0	-0.09293175601275738	Kocak	permutation	
4711.0	-0.06783819730253349	Kocak	permutation	
4712.0	0.015648982892948027	Kocak	permutation	
4713.0	-0.08654274631436554	Kocak	permutation	
4714.0	0.14826971627133112	Kocak	permutation	
4715.0	0.2564688227975198	Kocak	permutation	
4716.0	-0.2456757839783279	Kocak	permutation	
4717.0	0.042387983591927636	Kocak	permutation	
4718.0	0.07978849236247765	Kocak	permutation	
4719.0	-0.012516845193489168	Kocak	permutation	
4720.0	0.19193621115793302	Kocak	permutation	
4721.0	-0.04641143984856111	Kocak	permutation	
4722.0	0.03322407527231608	Kocak	permutation	
4723.0	0.18910643809750027	Kocak	permutation	
4724.0	-0.1849144021898308	Kocak	permutation	
4725.0	0.11865530816675118	Kocak	permutation	
4726.0	-0.18101482801632063	Kocak	permutation	
4727.0	0.3118058480788948	Kocak	permutation	
4728.0	-0.1673518455390992	Kocak	permutation	
4729.0	0.08629188953267164	Kocak	permutation	
4730.0	-0.007886077627870414	Kocak	permutation	
4731.0	0.14988798651621948	Kocak	permutation	
4732.0	-0.06607674856438717	Kocak	permutation	
4733.0	0.06483561659594983	Kocak	permutation	
4734.0	-0.18986267928365752	Kocak	permutation	
4735.0	-0.024734854572990628	Kocak	permutation	
4736.0	-0.015155062603555258	Kocak	permutation	
4737.0	0.07790792450358186	Kocak	permutation	
4738.0	0.12761646705059615	Kocak	permutation	
4739.0	0.2351749733545061	Kocak	permutation	
4740.0	-0.06848789509944986	Kocak	permutation	
4741.0	0.10239141534813712	Kocak	permutation	
4742.0	0.15649294613125164	Kocak	permutation	
4743.0	0.02638260725232744	Kocak	permutation	
4744.0	0.15175549726048665	Kocak	permutation	
4745.0	-0.03688087143578489	Kocak	permutation	
4746.0	0.2716384141500967	Kocak	permutation	
4747.0	-0.06868163994094267	Kocak	permutation	
4748.0	-0.055656875541572504	Kocak	permutation	
4749.0	-0.16032236937870792	Kocak	permutation	
4750.0	0.10220934442469698	Kocak	permutation	
4751.0	-0.016021970184161738	Kocak	permutation	
4752.0	-0.1497871930823127	Kocak	permutation	
4753.0	0.17278311127509127	Kocak	permutation	
4754.0	0.16543344853739317	Kocak	permutation	
4755.0	0.13057805228837616	Kocak	permutation	
4756.0	0.09846468002242847	Kocak	permutation	
4757.0	0.11444876499284451	Kocak	permutation	
4758.0	0.23100606609981078	Kocak	permutation	
4759.0	0.027738499828048546	Kocak	permutation	
4760.0	0.07556397547581106	Kocak	permutation	
4761.0	-0.03422631912564533	Kocak	permutation	
4762.0	0.05513734799176362	Kocak	permutation	
4763.0	0.03406118749721987	Kocak	permutation	
4764.0	0.10488161030074572	Kocak	permutation	
4765.0	0.1159743087372469	Kocak	permutation	
4766.0	0.1566032021109809	Kocak	permutation	
4767.0	0.23118529380419162	Kocak	permutation	
4768.0	0.005367431159936764	Kocak	permutation	
4769.0	0.06868907740584884	Kocak	permutation	
4770.0	0.14564540797672798	Kocak	permutation	
4771.0	-0.06414746050765174	Kocak	permutation	
4772.0	0.27438005860908543	Kocak	permutation	
4773.0	-0.0050542410895655365	Kocak	permutation	
4774.0	0.2709437477093042	Kocak	permutation	
4775.0	0.17409432398524505	Kocak	permutation	
4776.0	0.0657614246704572	Kocak	permutation	
4777.0	-0.19321776191823226	Kocak	permutation	
4778.0	0.35653752824599483	Kocak	permutation	
4779.0	0.052386427077177444	Kocak	permutation	
4780.0	-0.07049192070379551	Kocak	permutation	
4781.0	0.03759320666243493	Kocak	permutation	
4782.0	0.20791795493092113	Kocak	permutation	
4783.0	0.02113203933454333	Kocak	permutation	
4784.0	0.19270714250929455	Kocak	permutation	
4785.0	-0.016788202004133446	Kocak	permutation	
4786.0	-0.10082922344863032	Kocak	permutation	
4787.0	0.0961113693758735	Kocak	permutation	
4788.0	-0.03992013641965819	Kocak	permutation	
4789.0	0.11709057092753739	Kocak	permutation	
4790.0	-0.4005308684668636	Kocak	permutation	
4791.0	-0.19473671623364908	Kocak	permutation	
4792.0	0.16217114221452444	Kocak	permutation	
4793.0	0.055687366769475055	Kocak	permutation	
4794.0	-0.05307044671520167	Kocak	permutation	
4795.0	-0.0453486748585199	Kocak	permutation	
4796.0	0.24266201986251001	Kocak	permutation	
4797.0	-0.15346506771813662	Kocak	permutation	
4798.0	0.04651822199418021	Kocak	permutation	
4799.0	0.20643766289116616	Kocak	permutation	
4800.0	0.018076524113460835	Kocak	permutation	
4801.0	0.10097985347540561	Kocak	permutation	
4802.0	0.0983308310292017	Kocak	permutation	
4803.0	0.03667562440863392	Kocak	permutation	
4804.0	0.17054533898745117	Kocak	permutation	
4805.0	-0.11139499029046007	Kocak	permutation	
4806.0	0.0081061570842893	Kocak	permutation	
4807.0	0.040160762627396984	Kocak	permutation	
4808.0	0.0798772062369908	Kocak	permutation	
4809.0	0.08741454009531413	Kocak	permutation	
4810.0	0.11947458289569646	Kocak	permutation	
4811.0	0.009002116671519289	Kocak	permutation	
4812.0	-0.2458765764258386	Kocak	permutation	
4813.0	0.1714958750648714	Kocak	permutation	
4814.0	0.2322387581683909	Kocak	permutation	
4815.0	-0.0165640159742928	Kocak	permutation	
4816.0	0.03043471261483255	Kocak	permutation	
4817.0	-0.06609136322224884	Kocak	permutation	
4818.0	0.18400223570748597	Kocak	permutation	
4819.0	-0.1733181744108876	Kocak	permutation	
4820.0	-0.2876486512304348	Kocak	permutation	
4821.0	-0.02815483330624957	Kocak	permutation	
4822.0	0.11554912685560215	Kocak	permutation	
4823.0	-0.14504768048444117	Kocak	permutation	
4824.0	-0.1386785083410933	Kocak	permutation	
4825.0	0.13737711338743086	Kocak	permutation	
4826.0	-0.160585264032842	Kocak	permutation	
4827.0	0.11193436061395623	Kocak	permutation	
4828.0	-0.13824630938728877	Kocak	permutation	
4829.0	0.1270242756786324	Kocak	permutation	
4830.0	0.15417783009443742	Kocak	permutation	
4831.0	0.4149388566598633	Kocak	permutation	
4832.0	0.006350282187680634	Kocak	permutation	
4833.0	0.07732685904534353	Kocak	permutation	
4834.0	0.33668142782150845	Kocak	permutation	
4835.0	0.24899883071817275	Kocak	permutation	
4836.0	-0.0835887481195936	Kocak	permutation	
4837.0	-0.045922777136541804	Kocak	permutation	
4838.0	0.1283717394797641	Kocak	permutation	
4839.0	-0.04390142047455381	Kocak	permutation	
4840.0	0.215673810239986	Kocak	permutation	
4841.0	0.02562595354534203	Kocak	permutation	
4842.0	-0.13507793052360473	Kocak	permutation	
4843.0	0.16897305830479592	Kocak	permutation	
4844.0	0.11467495746850442	Kocak	permutation	
4845.0	0.23904992546753245	Kocak	permutation	
4846.0	-0.03802337759632213	Kocak	permutation	
4847.0	-0.11186564102353014	Kocak	permutation	
4848.0	0.06434540040346892	Kocak	permutation	
4849.0	0.11581251922393498	Kocak	permutation	
4850.0	0.3324936679655748	Kocak	permutation	
4851.0	0.2190589560461964	Kocak	permutation	
4852.0	-0.17506871612905872	Kocak	permutation	
4853.0	0.013924873631560253	Kocak	permutation	
4854.0	0.11660257095741056	Kocak	permutation	
4855.0	-0.2722694813558082	Kocak	permutation	
4856.0	-0.002253664788654852	Kocak	permutation	
4857.0	-0.017035518213106116	Kocak	permutation	
4858.0	0.1085189725038358	Kocak	permutation	
4859.0	-0.0014595759585089851	Kocak	permutation	
4860.0	0.16186891464993458	Kocak	permutation	
4861.0	0.2708264906985649	Kocak	permutation	
4862.0	-0.05991347875284525	Kocak	permutation	
4863.0	-0.02305106615557051	Kocak	permutation	
4864.0	0.025613829085617823	Kocak	permutation	
4865.0	0.052843105531014345	Kocak	permutation	
4866.0	0.014704648100469342	Kocak	permutation	
4867.0	0.30060496609497633	Kocak	permutation	
4868.0	-0.14769244569564233	Kocak	permutation	
4869.0	-0.08200973996487093	Kocak	permutation	
4870.0	0.2379660737584981	Kocak	permutation	
4871.0	0.03140822254855902	Kocak	permutation	
4872.0	-0.15534006224147578	Kocak	permutation	
4873.0	0.017910255770490657	Kocak	permutation	
4874.0	0.1362074036392933	Kocak	permutation	
4875.0	-0.07455480168623829	Kocak	permutation	
4876.0	0.12483633570030239	Kocak	permutation	
4877.0	0.2674099677519255	Kocak	permutation	
4878.0	-0.21830863353200147	Kocak	permutation	
4879.0	0.007281040832067376	Kocak	permutation	
4880.0	-0.09799404063756434	Kocak	permutation	
4881.0	-0.46250856586583655	Kocak	permutation	
4882.0	0.07777984379727076	Kocak	permutation	
4883.0	0.16907322655613122	Kocak	permutation	
4884.0	-0.1774245748927452	Kocak	permutation	
4885.0	0.009540557444665865	Kocak	permutation	
4886.0	0.05947014110199689	Kocak	permutation	
4887.0	0.19229927798294	Kocak	permutation	
4888.0	0.018266984790674456	Kocak	permutation	
4889.0	0.40240498483670795	Kocak	permutation	
4890.0	0.09276364544033733	Kocak	permutation	
4891.0	0.2489544069528833	Kocak	permutation	
4892.0	0.1336851463415476	Kocak	permutation	
4893.0	0.042258573426142476	Kocak	permutation	
4894.0	-0.12613556151274707	Kocak	permutation	
4895.0	-0.12130916807932657	Kocak	permutation	
4896.0	-0.022160683091063227	Kocak	permutation	
4897.0	-0.0752351927341195	Kocak	permutation	
4898.0	-0.16850835514484963	Kocak	permutation	
4899.0	0.04514858147736156	Kocak	permutation	
4900.0	0.03864303991510276	Kocak	permutation	
4901.0	0.027992796530237563	Kocak	permutation	
4902.0	0.11439864760819951	Kocak	permutation	
4903.0	-0.20236936280802276	Kocak	permutation	
4904.0	0.14883274634835342	Kocak	permutation	
4905.0	-0.23359192813490726	Kocak	permutation	
4906.0	0.10137866412437813	Kocak	permutation	
4907.0	-0.015824827227144844	Kocak	permutation	
4908.0	-0.03747630581076411	Kocak	permutation	
4909.0	0.06961602573505932	Kocak	permutation	
4910.0	0.18000495908886194	Kocak	permutation	
4911.0	-0.144259602129293	Kocak	permutation	
4912.0	0.06393624630894923	Kocak	permutation	
4913.0	0.22032115205149516	Kocak	permutation	
4914.0	0.045546078946603785	Kocak	permutation	
4915.0	0.013867136697462534	Kocak	permutation	
4916.0	-0.1658339056453535	Kocak	permutation	
4917.0	0.07410541863688458	Kocak	permutation	
4918.0	-0.04147460005920767	Kocak	permutation	
4919.0	-0.13512256133434342	Kocak	permutation	
4920.0	-0.04514042436415622	Kocak	permutation	
4921.0	-0.0803252784236923	Kocak	permutation	
4922.0	-0.20973284652786184	Kocak	permutation	
4923.0	0.3730090118198559	Kocak	permutation	
4924.0	0.06778167977606131	Kocak	permutation	
4925.0	0.20510671244333256	Kocak	permutation	
4926.0	-0.08369666613886029	Kocak	permutation	
4927.0	0.015934109793694695	Kocak	permutation	
4928.0	0.05745650952544423	Kocak	permutation	
4929.0	-0.037555207322312434	Kocak	permutation	
4930.0	-0.1585881042568964	Kocak	permutation	
4931.0	-0.02233028239310375	Kocak	permutation	
4932.0	0.15147351456452185	Kocak	permutation	
4933.0	-0.17916093662556687	Kocak	permutation	
4934.0	0.20557848017153724	Kocak	permutation	
4935.0	0.04535580438349118	Kocak	permutation	
4936.0	0.018388951376802076	Kocak	permutation	
4937.0	0.19872985310023505	Kocak	permutation	
4938.0	0.2246503920112506	Kocak	permutation	
4939.0	0.18633034437161644	Kocak	permutation	
4940.0	0.12394096494432194	Kocak	permutation	
4941.0	0.2346340321789171	Kocak	permutation	
4942.0	-0.2905944719559752	Kocak	permutation	
4943.0	0.2212487357376185	Kocak	permutation	
4944.0	-0.26475669224875276	Kocak	permutation	
4945.0	0.32668648352910346	Kocak	permutation	
4946.0	0.28405953109638205	Kocak	permutation	
4947.0	0.22543372685506569	Kocak	permutation	
4948.0	0.29836815170537534	Kocak	permutation	
4949.0	0.020696870013927615	Kocak	permutation	
4950.0	-0.07378215461867477	Kocak	permutation	
4951.0	-0.1552827256090108	Kocak	permutation	
4952.0	0.2870355941795628	Kocak	permutation	
4953.0	-0.03020390695334907	Kocak	permutation	
4954.0	0.3163387280002663	Kocak	permutation	
4955.0	-0.006114601085840832	Kocak	permutation	
4956.0	-0.12375460987353026	Kocak	permutation	
4957.0	0.061807223953631585	Kocak	permutation	
4958.0	-0.30108867784090343	Kocak	permutation	
4959.0	0.1642743246917071	Kocak	permutation	
4960.0	-0.07835610608985544	Kocak	permutation	
4961.0	0.20272781513564286	Kocak	permutation	
4962.0	0.14775474191491345	Kocak	permutation	
4963.0	0.2606906727757359	Kocak	permutation	
4964.0	-0.000670714414220619	Kocak	permutation	
4965.0	0.08649025761696105	Kocak	permutation	
4966.0	0.12356310806022108	Kocak	permutation	
4967.0	0.05029664479228835	Kocak	permutation	
4968.0	0.021666230568213152	Kocak	permutation	
4969.0	0.08508288119163332	Kocak	permutation	
4970.0	0.005722083316634041	Kocak	permutation	
4971.0	0.010685639850692041	Kocak	permutation	
4972.0	-0.12527779979501652	Kocak	permutation	
4973.0	0.06682074789523007	Kocak	permutation	
4974.0	0.04966869741457103	Kocak	permutation	
4975.0	0.10189346639030372	Kocak	permutation	
4976.0	0.24241039354613658	Kocak	permutation	
4977.0	-0.03460621699307964	Kocak	permutation	
4978.0	0.21859558814908198	Kocak	permutation	
4979.0	-0.14189945379657942	Kocak	permutation	
4980.0	-0.1294317369638298	Kocak	permutation	
4981.0	0.1414897826015915	Kocak	permutation	
4982.0	0.0804194599509902	Kocak	permutation	
4983.0	-0.013226011986579245	Kocak	permutation	
4984.0	0.14284505152469507	Kocak	permutation	
4985.0	0.17409203763441194	Kocak	permutation	
4986.0	-0.15020847846082752	Kocak	permutation	
4987.0	0.36930267117590976	Kocak	permutation	
4988.0	0.21387777982992517	Kocak	permutation	
4989.0	-0.051356964217196044	Kocak	permutation	
4990.0	-0.16854541546294755	Kocak	permutation	
4991.0	0.06694799190856138	Kocak	permutation	
4992.0	-0.08599501037956792	Kocak	permutation	
4993.0	0.365751518467321	Kocak	permutation	
4994.0	0.15171399714344602	Kocak	permutation	
4995.0	0.11811153099759064	Kocak	permutation	
4996.0	-0.08636565725351009	Kocak	permutation	
4997.0	0.02249074849392052	Kocak	permutation	
4998.0	0.09271558113549361	Kocak	permutation	
4999.0	-0.04577741767098509	Kocak	permutation	
5000.0	-0.09877580907906314	Kocak	permutation	
	0.09025965860391505	Kocak	bootstrap	1.0
	0.12382690761975557	Kocak	bootstrap	2.0
	0.2932241669157163	Kocak	bootstrap	3.0
	-0.07153227607034385	Kocak	bootstrap	4.0
	0.28240730048047613	Kocak	bootstrap	5.0
	0.3450719709185055	Kocak	bootstrap	6.0
	0.09790291668424267	Kocak	bootstrap	7.0
	0.022833732651738714	Kocak	bootstrap	8.0
	0.2921443637934926	Kocak	bootstrap	9.0
	-0.022713820704978183	Kocak	bootstrap	10.0
	0.08918789446653452	Kocak	bootstrap	11.0
	0.3219620800174754	Kocak	bootstrap	12.0
	0.07175007757999463	Kocak	bootstrap	13.0
	0.2516342796751845	Kocak	bootstrap	14.0
	0.08656801984162321	Kocak	bootstrap	15.0
	0.19376843833769808	Kocak	bootstrap	16.0
	-0.08787345072437436	Kocak	bootstrap	17.0
	0.013390582887844005	Kocak	bootstrap	18.0
	-0.07053386348464308	Kocak	bootstrap	19.0
	0.11424984430304708	Kocak	bootstrap	20.0
	0.17955294598656302	Kocak	bootstrap	21.0
	0.1526951725092056	Kocak	bootstrap	22.0
	-0.19368465400776813	Kocak	bootstrap	23.0
	0.16680587061612417	Kocak	bootstrap	24.0
	0.18265524171055425	Kocak	bootstrap	25.0
	-0.18525477373540866	Kocak	bootstrap	26.0
	0.042061484385555126	Kocak	bootstrap	27.0
	-0.04424593514972841	Kocak	bootstrap	28.0
	0.04634810346211804	Kocak	bootstrap	29.0
	-0.08051479846193121	Kocak	bootstrap	30.0
	0.17144204876356994	Kocak	bootstrap	31.0
	0.07696868913107746	Kocak	bootstrap	32.0
	0.14762951356941656	Kocak	bootstrap	33.0
	-0.12106454860655091	Kocak	bootstrap	34.0
	0.07870144586586303	Kocak	bootstrap	35.0
	0.03478174034095005	Kocak	bootstrap	36.0
	0.16570951472880857	Kocak	bootstrap	37.0
	-0.11110220796850356	Kocak	bootstrap	38.0
	0.2205504000227716	Kocak	bootstrap	39.0
	-0.02724095061838394	Kocak	bootstrap	40.0
	-0.009649156284696758	Kocak	bootstrap	41.0
	0.09429707802599019	Kocak	bootstrap	42.0
	0.4296321649564918	Kocak	bootstrap	43.0
	0.33832033893387337	Kocak	bootstrap	44.0
	0.07294309727693005	Kocak	bootstrap	45.0
	-0.030086811196463614	Kocak	bootstrap	46.0
	0.031607892959036654	Kocak	bootstrap	47.0
	0.20618401110991247	Kocak	bootstrap	48.0
	0.2957044710671779	Kocak	bootstrap	49.0
	0.04974974265670884	Kocak	bootstrap	50.0
	0.290391621746136	Kocak	bootstrap	51.0
	0.03836648559229161	Kocak	bootstrap	52.0
	0.20771268638420626	Kocak	bootstrap	53.0
	0.21094731599749128	Kocak	bootstrap	54.0
	0.10813113433578447	Kocak	bootstrap	55.0
	0.3252711074084065	Kocak	bootstrap	56.0
	0.09444492812808125	Kocak	bootstrap	57.0
	0.30163966628194405	Kocak	bootstrap	58.0
	0.15512865536032638	Kocak	bootstrap	59.0
	0.1266732660555947	Kocak	bootstrap	60.0
	-0.04364418965202166	Kocak	bootstrap	61.0
	-0.04927335676753675	Kocak	bootstrap	62.0
	0.015710569209212544	Kocak	bootstrap	63.0
	-0.20926009399766343	Kocak	bootstrap	64.0
	-0.1194776614344919	Kocak	bootstrap	65.0
	0.060646102913426425	Kocak	bootstrap	66.0
	0.23053993967259068	Kocak	bootstrap	67.0
	0.20928296240928468	Kocak	bootstrap	68.0
	0.33076210084627355	Kocak	bootstrap	69.0
	0.12461617540236603	Kocak	bootstrap	70.0
	0.18031516944572168	Kocak	bootstrap	71.0
	-0.07280475955458954	Kocak	bootstrap	72.0
	-0.1765069857632291	Kocak	bootstrap	73.0
	-0.1767580662511996	Kocak	bootstrap	74.0
	0.12381984011058567	Kocak	bootstrap	75.0
	0.19216357042982501	Kocak	bootstrap	76.0
	0.07310554700153471	Kocak	bootstrap	77.0
	0.2740146338319045	Kocak	bootstrap	78.0
	-0.14821721392897036	Kocak	bootstrap	79.0
	0.22556996398032858	Kocak	bootstrap	80.0
	0.2752071872439874	Kocak	bootstrap	81.0
	0.03254921448765735	Kocak	bootstrap	82.0
	0.09249343698524015	Kocak	bootstrap	83.0
	0.15438363393524313	Kocak	bootstrap	84.0
	-0.11845553039636414	Kocak	bootstrap	85.0
	0.047332261239040996	Kocak	bootstrap	86.0
	0.15673627736390916	Kocak	bootstrap	87.0
	-0.03311692458359605	Kocak	bootstrap	88.0
	0.2093494310483317	Kocak	bootstrap	89.0
	-0.4479503929708937	Kocak	bootstrap	90.0
	-0.016273300700190063	Kocak	bootstrap	91.0
	0.2615211125804322	Kocak	bootstrap	92.0
	0.07618667747033836	Kocak	bootstrap	93.0
	-0.03757710184897434	Kocak	bootstrap	94.0
	-0.019220523802064626	Kocak	bootstrap	95.0
	0.24658756976402163	Kocak	bootstrap	96.0
	0.3302351923178106	Kocak	bootstrap	97.0
	-0.07103557683845985	Kocak	bootstrap	98.0
	0.07321827324009433	Kocak	bootstrap	99.0
	0.10611311685255043	Kocak	bootstrap	100.0
	-0.0091895904761925	Kocak	bootstrap	101.0
	0.2044803772082986	Kocak	bootstrap	102.0
	0.049644539253979936	Kocak	bootstrap	103.0
	-0.08937103849356731	Kocak	bootstrap	104.0
	0.19050451953293557	Kocak	bootstrap	105.0
	-0.004085253644073639	Kocak	bootstrap	106.0
	0.11404115481283927	Kocak	bootstrap	107.0
	0.11992678178175087	Kocak	bootstrap	108.0
	0.29344703880675294	Kocak	bootstrap	109.0
	0.2608912342808143	Kocak	bootstrap	110.0
	0.10636521979594438	Kocak	bootstrap	111.0
	0.25459844040275215	Kocak	bootstrap	112.0
	0.14318510870657075	Kocak	bootstrap	113.0
	-0.10119004283550215	Kocak	bootstrap	114.0
	-0.1773836575897576	Kocak	bootstrap	115.0
	-0.17576273025670908	Kocak	bootstrap	116.0
	-0.038239945055067004	Kocak	bootstrap	117.0
	-0.0277334596368215	Kocak	bootstrap	118.0
	-0.13558651855551673	Kocak	bootstrap	119.0
	-0.08048172394530972	Kocak	bootstrap	120.0
	-0.013212554461831338	Kocak	bootstrap	121.0
	0.18116872820219854	Kocak	bootstrap	122.0
	0.16092053526839134	Kocak	bootstrap	123.0
	0.16666654420423743	Kocak	bootstrap	124.0
	0.16463768754014296	Kocak	bootstrap	125.0
	-0.06215334634138703	Kocak	bootstrap	126.0
	0.27120117912992736	Kocak	bootstrap	127.0
	0.26886967503423875	Kocak	bootstrap	128.0
	0.16906109645299505	Kocak	bootstrap	129.0
	0.2985760783670912	Kocak	bootstrap	130.0
	0.12212344905643757	Kocak	bootstrap	131.0
	-0.034674718935613136	Kocak	bootstrap	132.0
	0.042836392777552135	Kocak	bootstrap	133.0
	0.02457268048117811	Kocak	bootstrap	134.0
	0.01619992921698543	Kocak	bootstrap	135.0
	0.09615723054930658	Kocak	bootstrap	136.0
	-0.14898506677238288	Kocak	bootstrap	137.0
	-0.056458078267807466	Kocak	bootstrap	138.0
	0.09150228450227615	Kocak	bootstrap	139.0
	0.1184456868242183	Kocak	bootstrap	140.0
	0.30595090858866936	Kocak	bootstrap	141.0
	-0.016388019886931282	Kocak	bootstrap	142.0
	-0.08095147895812094	Kocak	bootstrap	143.0
	-0.04726336992179103	Kocak	bootstrap	144.0
	0.13697065302936284	Kocak	bootstrap	145.0
	0.062144192505745544	Kocak	bootstrap	146.0
	0.20719827166852767	Kocak	bootstrap	147.0
	0.10384330081089654	Kocak	bootstrap	148.0
	0.19070962627678245	Kocak	bootstrap	149.0
	0.042367999066103224	Kocak	bootstrap	150.0
	0.2837171062726904	Kocak	bootstrap	151.0
	0.011608889648302423	Kocak	bootstrap	152.0
	0.2399226050541161	Kocak	bootstrap	153.0
	-0.12198338806781628	Kocak	bootstrap	154.0
	-0.013448424480836607	Kocak	bootstrap	155.0
	0.11767718309871533	Kocak	bootstrap	156.0
	0.15949818242450853	Kocak	bootstrap	157.0
	0.16573503100326814	Kocak	bootstrap	158.0
	0.19485811641072992	Kocak	bootstrap	159.0
	-0.003250480077634066	Kocak	bootstrap	160.0
	0.12705954276602593	Kocak	bootstrap	161.0
	-0.03371992305985838	Kocak	bootstrap	162.0
	0.27778277519445727	Kocak	bootstrap	163.0
	-0.028150299708450177	Kocak	bootstrap	164.0
	0.199839791344389	Kocak	bootstrap	165.0
	-0.08323753878058326	Kocak	bootstrap	166.0
	0.007866204825384138	Kocak	bootstrap	167.0
	-0.1631932683267392	Kocak	bootstrap	168.0
	0.21999638415545775	Kocak	bootstrap	169.0
	-0.06223201913805365	Kocak	bootstrap	170.0
	0.07426065419693018	Kocak	bootstrap	171.0
	-0.08780249549735597	Kocak	bootstrap	172.0
	0.0062734882268351555	Kocak	bootstrap	173.0
	0.15349751597628636	Kocak	bootstrap	174.0
	-0.1255469356165939	Kocak	bootstrap	175.0
	0.2623437702056677	Kocak	bootstrap	176.0
	-0.04798688750309399	Kocak	bootstrap	177.0
	0.08470734579130124	Kocak	bootstrap	178.0
	0.06704543943654873	Kocak	bootstrap	179.0
	-0.18705462897479475	Kocak	bootstrap	180.0
	0.16007709940337733	Kocak	bootstrap	181.0
	-0.015671527495130455	Kocak	bootstrap	182.0
	0.29490669784376156	Kocak	bootstrap	183.0
	0.015532478083147616	Kocak	bootstrap	184.0
	0.19564876749556426	Kocak	bootstrap	185.0
	0.04675095643957228	Kocak	bootstrap	186.0
	-0.019447954849347582	Kocak	bootstrap	187.0
	0.16877632400024467	Kocak	bootstrap	188.0
	0.20886013626041677	Kocak	bootstrap	189.0
	0.2564622327031376	Kocak	bootstrap	190.0
	0.48861662954090157	Kocak	bootstrap	191.0
	0.04314866221527058	Kocak	bootstrap	192.0
	0.18729550299771525	Kocak	bootstrap	193.0
	0.13457774169098524	Kocak	bootstrap	194.0
	0.07861430085305354	Kocak	bootstrap	195.0
	0.035905164313822624	Kocak	bootstrap	196.0
	-0.008929990542015709	Kocak	bootstrap	197.0
	-0.13675849736103185	Kocak	bootstrap	198.0
	0.21051257544454938	Kocak	bootstrap	199.0
	0.127812909034839	Kocak	bootstrap	200.0
	0.13401463281865222	Kocak	bootstrap	201.0
	-0.14090526579389806	Kocak	bootstrap	202.0
	0.1380378667337201	Kocak	bootstrap	203.0
	0.16895974279612247	Kocak	bootstrap	204.0
	-0.007581208342003265	Kocak	bootstrap	205.0
	-0.11326949021392174	Kocak	bootstrap	206.0
	0.13139031177421678	Kocak	bootstrap	207.0
	0.07412141599925803	Kocak	bootstrap	208.0
	0.319631803420668	Kocak	bootstrap	209.0
	-0.01815678953788069	Kocak	bootstrap	210.0
	-0.09043981999100303	Kocak	bootstrap	211.0
	0.2576965644957978	Kocak	bootstrap	212.0
	0.2152936383278412	Kocak	bootstrap	213.0
	-0.23616277597609692	Kocak	bootstrap	214.0
	-0.0696953289635438	Kocak	bootstrap	215.0
	-0.25538866688109874	Kocak	bootstrap	216.0
	0.07056558750431652	Kocak	bootstrap	217.0
	-0.02771509310942477	Kocak	bootstrap	218.0
	-0.07379606495163404	Kocak	bootstrap	219.0
	-0.1552321333599167	Kocak	bootstrap	220.0
	-0.16700208778290104	Kocak	bootstrap	221.0
	0.32998529227081086	Kocak	bootstrap	222.0
	0.09845750633647388	Kocak	bootstrap	223.0
	-0.003965081953216654	Kocak	bootstrap	224.0
	-0.12842453774903007	Kocak	bootstrap	225.0
	0.04872988017327806	Kocak	bootstrap	226.0
	-0.029310693227519558	Kocak	bootstrap	227.0
	-0.030706762143968724	Kocak	bootstrap	228.0
	0.034394986203284184	Kocak	bootstrap	229.0
	0.04344220564808943	Kocak	bootstrap	230.0
	0.22402496838403252	Kocak	bootstrap	231.0
	0.0207086927662834	Kocak	bootstrap	232.0
	0.34175226219783106	Kocak	bootstrap	233.0
	0.05544646346014659	Kocak	bootstrap	234.0
	0.32875079600036283	Kocak	bootstrap	235.0
	0.06473928553097785	Kocak	bootstrap	236.0
	0.11223074110569442	Kocak	bootstrap	237.0
	-0.01487478952222876	Kocak	bootstrap	238.0
	-0.1622854715956512	Kocak	bootstrap	239.0
	0.21784605500751564	Kocak	bootstrap	240.0
	-0.130683994167196	Kocak	bootstrap	241.0
	0.06907499664638816	Kocak	bootstrap	242.0
	-0.010780413583586501	Kocak	bootstrap	243.0
	0.16517895307573305	Kocak	bootstrap	244.0
	0.0017636336750808113	Kocak	bootstrap	245.0
	0.22647349151817586	Kocak	bootstrap	246.0
	0.14947078698935012	Kocak	bootstrap	247.0
	-0.007963385954294466	Kocak	bootstrap	248.0
	0.09393579691946563	Kocak	bootstrap	249.0
	-0.1251153936389331	Kocak	bootstrap	250.0
	-0.06667232828013336	Kocak	bootstrap	251.0
	-0.17886012171014443	Kocak	bootstrap	252.0
	-0.10956729660923425	Kocak	bootstrap	253.0
	0.3015731306664229	Kocak	bootstrap	254.0
	0.03045805390051637	Kocak	bootstrap	255.0
	0.12704516046265724	Kocak	bootstrap	256.0
	-0.19388147554889734	Kocak	bootstrap	257.0
	0.19874873339763877	Kocak	bootstrap	258.0
	0.03134377486308271	Kocak	bootstrap	259.0
	0.07066746065040252	Kocak	bootstrap	260.0
	0.1943839920124386	Kocak	bootstrap	261.0
	-0.03039280456873872	Kocak	bootstrap	262.0
	-0.010539338409114585	Kocak	bootstrap	263.0
	0.013192483803763366	Kocak	bootstrap	264.0
	0.009416694219483546	Kocak	bootstrap	265.0
	-0.25521718150774575	Kocak	bootstrap	266.0
	-0.061120682892820355	Kocak	bootstrap	267.0
	0.21282511204743582	Kocak	bootstrap	268.0
	0.17655144386744226	Kocak	bootstrap	269.0
	0.045144260253535684	Kocak	bootstrap	270.0
	0.09784843622831296	Kocak	bootstrap	271.0
	0.22855723497286284	Kocak	bootstrap	272.0
	0.19699362304066437	Kocak	bootstrap	273.0
	-0.19950744405303578	Kocak	bootstrap	274.0
	-0.23835957689154164	Kocak	bootstrap	275.0
	0.04498452716226353	Kocak	bootstrap	276.0
	-0.18358350357998443	Kocak	bootstrap	277.0
	-0.0021567626769591897	Kocak	bootstrap	278.0
	-0.006451487410448209	Kocak	bootstrap	279.0
	0.08017963166005604	Kocak	bootstrap	280.0
	0.01664164806117796	Kocak	bootstrap	281.0
	0.2244990559442792	Kocak	bootstrap	282.0
	0.062063486865783446	Kocak	bootstrap	283.0
	0.17163512660414515	Kocak	bootstrap	284.0
	0.09159545855372908	Kocak	bootstrap	285.0
	0.08066490820505834	Kocak	bootstrap	286.0
	0.08478994336474877	Kocak	bootstrap	287.0
	0.08393492500951538	Kocak	bootstrap	288.0
	0.05599843898183021	Kocak	bootstrap	289.0
	-0.21816457989458726	Kocak	bootstrap	290.0
	0.2511183211188923	Kocak	bootstrap	291.0
	0.03626627068558097	Kocak	bootstrap	292.0
	0.030823939877841156	Kocak	bootstrap	293.0
	0.1522830791950156	Kocak	bootstrap	294.0
	0.09780886389455645	Kocak	bootstrap	295.0
	0.1176588093727382	Kocak	bootstrap	296.0
	-0.007061623096807246	Kocak	bootstrap	297.0
	-0.07369216451266603	Kocak	bootstrap	298.0
	-0.04480536746847452	Kocak	bootstrap	299.0
	0.014485019015361367	Kocak	bootstrap	300.0
	-0.0012398728282256855	Kocak	bootstrap	301.0
	0.28400740925483703	Kocak	bootstrap	302.0
	0.09110411524142048	Kocak	bootstrap	303.0
	0.06592470621818247	Kocak	bootstrap	304.0
	0.27338600903436916	Kocak	bootstrap	305.0
	0.06652430664263864	Kocak	bootstrap	306.0
	0.17168499486491928	Kocak	bootstrap	307.0
	-0.22234812104069945	Kocak	bootstrap	308.0
	-0.033446467103702915	Kocak	bootstrap	309.0
	-0.24302142430518625	Kocak	bootstrap	310.0
	0.1973688423135478	Kocak	bootstrap	311.0
	0.05816852067153366	Kocak	bootstrap	312.0
	0.061290207547815	Kocak	bootstrap	313.0
	-0.10442201589595967	Kocak	bootstrap	314.0
	0.1367430903599267	Kocak	bootstrap	315.0
	-0.001586948287683576	Kocak	bootstrap	316.0
	-8.853470194747359e-05	Kocak	bootstrap	317.0
	0.1351569433817188	Kocak	bootstrap	318.0
	0.17767906724858484	Kocak	bootstrap	319.0
	0.10109724897496264	Kocak	bootstrap	320.0
	0.2091816386253189	Kocak	bootstrap	321.0
	-0.06997327976601486	Kocak	bootstrap	322.0
	0.4177652167133097	Kocak	bootstrap	323.0
	0.26885664246020724	Kocak	bootstrap	324.0
	0.037599934969836823	Kocak	bootstrap	325.0
	0.2551052864493677	Kocak	bootstrap	326.0
	0.14264573080054888	Kocak	bootstrap	327.0
	-0.030427290849521782	Kocak	bootstrap	328.0
	-0.02009312371682892	Kocak	bootstrap	329.0
	-0.06453827686993474	Kocak	bootstrap	330.0
	0.3003580881230068	Kocak	bootstrap	331.0
	0.15286866889256068	Kocak	bootstrap	332.0
	0.17106154431977227	Kocak	bootstrap	333.0
	0.2887750815517238	Kocak	bootstrap	334.0
	0.017589693881356006	Kocak	bootstrap	335.0
	0.03897018623390025	Kocak	bootstrap	336.0
	0.38033209192639994	Kocak	bootstrap	337.0
	-0.07122425493096518	Kocak	bootstrap	338.0
	0.026401275815914893	Kocak	bootstrap	339.0
	-0.054518211367724057	Kocak	bootstrap	340.0
	-0.1711798770145725	Kocak	bootstrap	341.0
	0.1806607344928306	Kocak	bootstrap	342.0
	0.2627107266758122	Kocak	bootstrap	343.0
	-0.1083609964951	Kocak	bootstrap	344.0
	-0.34041957544086276	Kocak	bootstrap	345.0
	0.11342853537067121	Kocak	bootstrap	346.0
	0.31163159693377906	Kocak	bootstrap	347.0
	0.08447188502973901	Kocak	bootstrap	348.0
	0.058076372960190525	Kocak	bootstrap	349.0
	0.18610919222478728	Kocak	bootstrap	350.0
	-0.01621852874279739	Kocak	bootstrap	351.0
	0.018102876825219383	Kocak	bootstrap	352.0
	0.1241268025244997	Kocak	bootstrap	353.0
	0.2169628727427746	Kocak	bootstrap	354.0
	-0.021401931698945553	Kocak	bootstrap	355.0
	-0.08529080229895669	Kocak	bootstrap	356.0
	-0.24278006031570953	Kocak	bootstrap	357.0
	0.1473627500979866	Kocak	bootstrap	358.0
	0.19693777837939574	Kocak	bootstrap	359.0
	-0.17235415779746788	Kocak	bootstrap	360.0
	0.019915167153310875	Kocak	bootstrap	361.0
	0.0661752685758712	Kocak	bootstrap	362.0
	0.22011219576184082	Kocak	bootstrap	363.0
	0.13015840475023044	Kocak	bootstrap	364.0
	-0.05572785936341429	Kocak	bootstrap	365.0
	0.04977870871156753	Kocak	bootstrap	366.0
	0.18249002478442922	Kocak	bootstrap	367.0
	0.22918107960394618	Kocak	bootstrap	368.0
	0.10336331753905892	Kocak	bootstrap	369.0
	-0.08299566696208505	Kocak	bootstrap	370.0
	0.08087003338840137	Kocak	bootstrap	371.0
	0.3933863643425335	Kocak	bootstrap	372.0
	0.19094720190027914	Kocak	bootstrap	373.0
	0.23105834928030689	Kocak	bootstrap	374.0
	0.022212361477953024	Kocak	bootstrap	375.0
	0.12079074013237534	Kocak	bootstrap	376.0
	-0.05541120786055931	Kocak	bootstrap	377.0
	-0.20192428183489675	Kocak	bootstrap	378.0
	-0.1664941896187102	Kocak	bootstrap	379.0
	-0.1062706273426004	Kocak	bootstrap	380.0
	-0.043710822119938264	Kocak	bootstrap	381.0
	0.05446938652297462	Kocak	bootstrap	382.0
	0.035679259937344554	Kocak	bootstrap	383.0
	0.10830747562348808	Kocak	bootstrap	384.0
	-0.07882407111788847	Kocak	bootstrap	385.0
	0.12950307390960614	Kocak	bootstrap	386.0
	0.32417577137802933	Kocak	bootstrap	387.0
	0.09934842534009736	Kocak	bootstrap	388.0
	-0.4338026802320165	Kocak	bootstrap	389.0
	-0.05317377030720394	Kocak	bootstrap	390.0
	0.043775941127680795	Kocak	bootstrap	391.0
	0.06678902540218346	Kocak	bootstrap	392.0
	0.11270433439965011	Kocak	bootstrap	393.0
	0.011885161621250084	Kocak	bootstrap	394.0
	-0.036228408680454294	Kocak	bootstrap	395.0
	-0.011402334896493116	Kocak	bootstrap	396.0
	0.2013894888593546	Kocak	bootstrap	397.0
	0.07489789819920123	Kocak	bootstrap	398.0
	-0.05384520463970599	Kocak	bootstrap	399.0
	0.14228691803138993	Kocak	bootstrap	400.0
	0.06669946510325442	Kocak	bootstrap	401.0
	0.21999863989927082	Kocak	bootstrap	402.0
	-0.07375658497844917	Kocak	bootstrap	403.0
	0.12172180022671597	Kocak	bootstrap	404.0
	-0.06770046261751705	Kocak	bootstrap	405.0
	0.03510129190318079	Kocak	bootstrap	406.0
	0.20035883370228103	Kocak	bootstrap	407.0
	0.22513570804562644	Kocak	bootstrap	408.0
	0.08542072340774975	Kocak	bootstrap	409.0
	0.08891370183624403	Kocak	bootstrap	410.0
	0.1344557736008678	Kocak	bootstrap	411.0
	0.1557715705200513	Kocak	bootstrap	412.0
	0.28766647479300556	Kocak	bootstrap	413.0
	0.10678267124418372	Kocak	bootstrap	414.0
	0.14763022103050982	Kocak	bootstrap	415.0
	0.0827686395865177	Kocak	bootstrap	416.0
	0.06869009841504159	Kocak	bootstrap	417.0
	0.15167809980166425	Kocak	bootstrap	418.0
	0.09270377562521404	Kocak	bootstrap	419.0
	-0.1020931754524037	Kocak	bootstrap	420.0
	0.05246752796894949	Kocak	bootstrap	421.0
	0.12846489413441287	Kocak	bootstrap	422.0
	-0.019246910736367084	Kocak	bootstrap	423.0
	0.15703381802358773	Kocak	bootstrap	424.0
	0.09187352902973167	Kocak	bootstrap	425.0
	0.12781047991950878	Kocak	bootstrap	426.0
	0.16780222933857036	Kocak	bootstrap	427.0
	-0.2031447669677302	Kocak	bootstrap	428.0
	-0.013614015193790685	Kocak	bootstrap	429.0
	0.046919520344991916	Kocak	bootstrap	430.0
	0.03793661809381188	Kocak	bootstrap	431.0
	-0.09156213166575178	Kocak	bootstrap	432.0
	0.13438022223011714	Kocak	bootstrap	433.0
	-0.12525408929669624	Kocak	bootstrap	434.0
	-0.02647206029365723	Kocak	bootstrap	435.0
	-0.04484962442560736	Kocak	bootstrap	436.0
	0.1528285282454549	Kocak	bootstrap	437.0
	0.395775114275696	Kocak	bootstrap	438.0
	0.2408984718703273	Kocak	bootstrap	439.0
	-0.01081204714939421	Kocak	bootstrap	440.0
	0.2386562558103984	Kocak	bootstrap	441.0
	-0.1131004386290293	Kocak	bootstrap	442.0
	0.08264100408690833	Kocak	bootstrap	443.0
	0.30555356814050416	Kocak	bootstrap	444.0
	0.005672283800982392	Kocak	bootstrap	445.0
	0.053376310778221026	Kocak	bootstrap	446.0
	4.0391344962031894e-05	Kocak	bootstrap	447.0
	-0.0691066152332791	Kocak	bootstrap	448.0
	-0.07594782873372452	Kocak	bootstrap	449.0
	-0.2505284875905085	Kocak	bootstrap	450.0
	-0.14900046902891084	Kocak	bootstrap	451.0
	0.03434256676728342	Kocak	bootstrap	452.0
	0.017096332675655468	Kocak	bootstrap	453.0
	-0.04423283515944387	Kocak	bootstrap	454.0
	0.2548298736420769	Kocak	bootstrap	455.0
	0.025785989440760382	Kocak	bootstrap	456.0
	-0.10872033541940951	Kocak	bootstrap	457.0
	0.04169214623976014	Kocak	bootstrap	458.0
	-0.06135355498764827	Kocak	bootstrap	459.0
	-0.22870060550747695	Kocak	bootstrap	460.0
	0.17020219781997703	Kocak	bootstrap	461.0
	0.03332219854330276	Kocak	bootstrap	462.0
	0.2257456112851859	Kocak	bootstrap	463.0
	0.2438390060085016	Kocak	bootstrap	464.0
	-0.23349788602368982	Kocak	bootstrap	465.0
	0.11192964116572401	Kocak	bootstrap	466.0
	-0.07377353249310925	Kocak	bootstrap	467.0
	-0.13591213636887378	Kocak	bootstrap	468.0
	0.12212399706299681	Kocak	bootstrap	469.0
	0.16928691934736584	Kocak	bootstrap	470.0
	0.05881419867565274	Kocak	bootstrap	471.0
	0.12092417068697525	Kocak	bootstrap	472.0
	0.3778853898051784	Kocak	bootstrap	473.0
	0.023023905899868247	Kocak	bootstrap	474.0
	-0.13624342589683103	Kocak	bootstrap	475.0
	-0.08913107994829161	Kocak	bootstrap	476.0
	0.07066723936388541	Kocak	bootstrap	477.0
	0.33712190346445503	Kocak	bootstrap	478.0
	0.2926108750889904	Kocak	bootstrap	479.0
	0.05336835782606286	Kocak	bootstrap	480.0
	-0.12326849355309655	Kocak	bootstrap	481.0
	0.03767093639624086	Kocak	bootstrap	482.0
	0.07434716496602878	Kocak	bootstrap	483.0
	-0.258444675695614	Kocak	bootstrap	484.0
	-0.006034993478276185	Kocak	bootstrap	485.0
	-0.022760093359101674	Kocak	bootstrap	486.0
	-0.0315401770801893	Kocak	bootstrap	487.0
	0.0601498613629623	Kocak	bootstrap	488.0
	-0.18371130976025807	Kocak	bootstrap	489.0
	0.3502585698672771	Kocak	bootstrap	490.0
	0.0643196295029842	Kocak	bootstrap	491.0
	-0.10839411407526178	Kocak	bootstrap	492.0
	0.11644340899715466	Kocak	bootstrap	493.0
	-0.2605110273683424	Kocak	bootstrap	494.0
	-0.03565576830633699	Kocak	bootstrap	495.0
	0.15708358350549112	Kocak	bootstrap	496.0
	-0.013047915625512552	Kocak	bootstrap	497.0
	0.12970233148437327	Kocak	bootstrap	498.0
	0.06355031850017134	Kocak	bootstrap	499.0
	0.33554617447920787	Kocak	bootstrap	500.0
	0.07633081697805277	Kocak	bootstrap	501.0
	-0.029857079908029327	Kocak	bootstrap	502.0
	-0.015689891820271917	Kocak	bootstrap	503.0
	0.21007647397157125	Kocak	bootstrap	504.0
	0.0715642211401466	Kocak	bootstrap	505.0
	0.05603912040664838	Kocak	bootstrap	506.0
	-0.022845184794953788	Kocak	bootstrap	507.0
	0.1335805011435678	Kocak	bootstrap	508.0
	-0.029132510040705384	Kocak	bootstrap	509.0
	-0.2473311931626485	Kocak	bootstrap	510.0
	-0.0718782865449441	Kocak	bootstrap	511.0
	0.15809081060544017	Kocak	bootstrap	512.0
	-0.07733665838111126	Kocak	bootstrap	513.0
	0.03491398407447388	Kocak	bootstrap	514.0
	0.05529049708326994	Kocak	bootstrap	515.0
	0.1340033786316397	Kocak	bootstrap	516.0
	0.1470640420436471	Kocak	bootstrap	517.0
	0.009173077840260113	Kocak	bootstrap	518.0
	0.08062091716084918	Kocak	bootstrap	519.0
	0.09002070923005512	Kocak	bootstrap	520.0
	-0.034717734341094264	Kocak	bootstrap	521.0
	-0.053063500448232936	Kocak	bootstrap	522.0
	0.013217468774799457	Kocak	bootstrap	523.0
	0.24235353484272437	Kocak	bootstrap	524.0
	-0.11634443304770237	Kocak	bootstrap	525.0
	-0.08192913842788663	Kocak	bootstrap	526.0
	0.0820878313100355	Kocak	bootstrap	527.0
	0.07035273927815311	Kocak	bootstrap	528.0
	0.04705894328599758	Kocak	bootstrap	529.0
	-0.06296661904530243	Kocak	bootstrap	530.0
	0.2167747070474908	Kocak	bootstrap	531.0
	-0.07453320361684668	Kocak	bootstrap	532.0
	0.09966679978990367	Kocak	bootstrap	533.0
	0.04165858546301138	Kocak	bootstrap	534.0
	0.1907402553161326	Kocak	bootstrap	535.0
	0.10262415849442252	Kocak	bootstrap	536.0
	0.26301100107170594	Kocak	bootstrap	537.0
	-0.054571731341082064	Kocak	bootstrap	538.0
	0.18187322278826734	Kocak	bootstrap	539.0
	-0.026052230128072118	Kocak	bootstrap	540.0
	-0.09598472983785378	Kocak	bootstrap	541.0
	0.12329395734150062	Kocak	bootstrap	542.0
	0.0834042898439904	Kocak	bootstrap	543.0
	0.11255863562200741	Kocak	bootstrap	544.0
	0.042385580312564564	Kocak	bootstrap	545.0
	0.04551706071589212	Kocak	bootstrap	546.0
	0.1992476314454219	Kocak	bootstrap	547.0
	0.075459308261701	Kocak	bootstrap	548.0
	0.19215938760269502	Kocak	bootstrap	549.0
	0.031400979506433835	Kocak	bootstrap	550.0
	-0.07890790115837287	Kocak	bootstrap	551.0
	-0.0010103713518070379	Kocak	bootstrap	552.0
	0.008613525553252899	Kocak	bootstrap	553.0
	0.11046689655499531	Kocak	bootstrap	554.0
	-0.09718808642187238	Kocak	bootstrap	555.0
	-0.16807292102748317	Kocak	bootstrap	556.0
	0.36774981682615593	Kocak	bootstrap	557.0
	0.07478883701464234	Kocak	bootstrap	558.0
	0.396847596569728	Kocak	bootstrap	559.0
	-0.08915081197737162	Kocak	bootstrap	560.0
	0.07736594237891126	Kocak	bootstrap	561.0
	0.09885886209350403	Kocak	bootstrap	562.0
	0.309794282901942	Kocak	bootstrap	563.0
	0.08425578810287337	Kocak	bootstrap	564.0
	0.11090618289016074	Kocak	bootstrap	565.0
	-0.007065233006631644	Kocak	bootstrap	566.0
	0.028560412897840948	Kocak	bootstrap	567.0
	0.30189997321165496	Kocak	bootstrap	568.0
	0.07170655710358798	Kocak	bootstrap	569.0
	0.40356807228018	Kocak	bootstrap	570.0
	-0.059689893612683065	Kocak	bootstrap	571.0
	0.06745702701151046	Kocak	bootstrap	572.0
	0.39862598562336693	Kocak	bootstrap	573.0
	0.3150753064029006	Kocak	bootstrap	574.0
	0.20445515781046897	Kocak	bootstrap	575.0
	0.029756026483942932	Kocak	bootstrap	576.0
	0.10751553384031975	Kocak	bootstrap	577.0
	-0.17083084598870357	Kocak	bootstrap	578.0
	-0.0033028915746866616	Kocak	bootstrap	579.0
	-0.05144434124265462	Kocak	bootstrap	580.0
	-0.08484279887504975	Kocak	bootstrap	581.0
	-0.00660468573485673	Kocak	bootstrap	582.0
	0.2589650131955734	Kocak	bootstrap	583.0
	0.31455276267644905	Kocak	bootstrap	584.0
	0.013967113417440835	Kocak	bootstrap	585.0
	-0.06741056091891284	Kocak	bootstrap	586.0
	0.41454635899467185	Kocak	bootstrap	587.0
	0.06126689376535133	Kocak	bootstrap	588.0
	-0.11598813417344633	Kocak	bootstrap	589.0
	0.1356494491890583	Kocak	bootstrap	590.0
	0.2450460285788063	Kocak	bootstrap	591.0
	0.13256553110972824	Kocak	bootstrap	592.0
	0.23386267541181827	Kocak	bootstrap	593.0
	-0.10069452862058004	Kocak	bootstrap	594.0
	-0.09703650103694716	Kocak	bootstrap	595.0
	0.09954418928945952	Kocak	bootstrap	596.0
	-0.21512199509128305	Kocak	bootstrap	597.0
	-0.07760258287824229	Kocak	bootstrap	598.0
	0.07892205342682512	Kocak	bootstrap	599.0
	0.4220271069266275	Kocak	bootstrap	600.0
	0.189709303606044	Kocak	bootstrap	601.0
	0.1254121843306999	Kocak	bootstrap	602.0
	0.07364140721042478	Kocak	bootstrap	603.0
	0.0847905009972223	Kocak	bootstrap	604.0
	0.1589598382927111	Kocak	bootstrap	605.0
	-0.3059498385470647	Kocak	bootstrap	606.0
	0.10111992204385434	Kocak	bootstrap	607.0
	0.11614096729677303	Kocak	bootstrap	608.0
	-0.02591335621630897	Kocak	bootstrap	609.0
	0.13747024969627564	Kocak	bootstrap	610.0
	-0.01229898802803664	Kocak	bootstrap	611.0
	-0.050334061871725844	Kocak	bootstrap	612.0
	-0.2780832201674439	Kocak	bootstrap	613.0
	0.03153079007448678	Kocak	bootstrap	614.0
	0.18130699755639412	Kocak	bootstrap	615.0
	0.06259681240915693	Kocak	bootstrap	616.0
	0.2762445877177937	Kocak	bootstrap	617.0
	0.11436211249403971	Kocak	bootstrap	618.0
	-0.03359617972036322	Kocak	bootstrap	619.0
	0.12152833939133689	Kocak	bootstrap	620.0
	0.22539626370925525	Kocak	bootstrap	621.0
	-0.04439474079363581	Kocak	bootstrap	622.0
	0.11757571437717917	Kocak	bootstrap	623.0
	0.09545780994576258	Kocak	bootstrap	624.0
	0.23216057663563383	Kocak	bootstrap	625.0
	0.05564446411621482	Kocak	bootstrap	626.0
	-0.12742143375717152	Kocak	bootstrap	627.0
	0.21111170013843772	Kocak	bootstrap	628.0
	-0.12913609072660126	Kocak	bootstrap	629.0
	-0.15507303124947658	Kocak	bootstrap	630.0
	0.1640960069322306	Kocak	bootstrap	631.0
	-0.10346524070025609	Kocak	bootstrap	632.0
	0.01820815149812738	Kocak	bootstrap	633.0
	0.006449593528476072	Kocak	bootstrap	634.0
	0.07041756623963824	Kocak	bootstrap	635.0
	0.1705210222591198	Kocak	bootstrap	636.0
	0.034169324920040545	Kocak	bootstrap	637.0
	-0.05998076137952868	Kocak	bootstrap	638.0
	-0.21552948961989582	Kocak	bootstrap	639.0
	-0.021440241597940002	Kocak	bootstrap	640.0
	0.0935585983168199	Kocak	bootstrap	641.0
	0.23891766956233695	Kocak	bootstrap	642.0
	0.024843406536018797	Kocak	bootstrap	643.0
	0.1373354203442787	Kocak	bootstrap	644.0
	-0.026021399465766315	Kocak	bootstrap	645.0
	0.03382691307558261	Kocak	bootstrap	646.0
	-0.006677940579887576	Kocak	bootstrap	647.0
	0.15197143943179725	Kocak	bootstrap	648.0
	0.15914991485039565	Kocak	bootstrap	649.0
	-0.13772880441279334	Kocak	bootstrap	650.0
	0.09587120754939527	Kocak	bootstrap	651.0
	0.270733580951636	Kocak	bootstrap	652.0
	-0.05478975506380568	Kocak	bootstrap	653.0
	-0.13257829891732253	Kocak	bootstrap	654.0
	0.16029561260770375	Kocak	bootstrap	655.0
	0.011562983993420595	Kocak	bootstrap	656.0
	-0.009190442773133078	Kocak	bootstrap	657.0
	-0.02167686810506808	Kocak	bootstrap	658.0
	0.09623023548527154	Kocak	bootstrap	659.0
	0.4053928823036239	Kocak	bootstrap	660.0
	-0.1770239852013633	Kocak	bootstrap	661.0
	-0.07551277165462533	Kocak	bootstrap	662.0
	-0.044903474907514784	Kocak	bootstrap	663.0
	0.11432521628465064	Kocak	bootstrap	664.0
	0.2035918316545846	Kocak	bootstrap	665.0
	0.12641982823113995	Kocak	bootstrap	666.0
	0.051853751995258435	Kocak	bootstrap	667.0
	-0.10721665113566203	Kocak	bootstrap	668.0
	0.2564757034621117	Kocak	bootstrap	669.0
	0.09699955597619958	Kocak	bootstrap	670.0
	-0.17253658784209502	Kocak	bootstrap	671.0
	0.05928870839968425	Kocak	bootstrap	672.0
	-0.05221130792734208	Kocak	bootstrap	673.0
	0.22147259970364885	Kocak	bootstrap	674.0
	-0.04531282357625077	Kocak	bootstrap	675.0
	0.1988376332558781	Kocak	bootstrap	676.0
	-0.17436885783133338	Kocak	bootstrap	677.0
	0.114245798765924	Kocak	bootstrap	678.0
	0.038407146866846986	Kocak	bootstrap	679.0
	0.12756792987630394	Kocak	bootstrap	680.0
	0.007548649827220366	Kocak	bootstrap	681.0
	0.11391399197591401	Kocak	bootstrap	682.0
	0.0038656393718463633	Kocak	bootstrap	683.0
	-0.12567846644984115	Kocak	bootstrap	684.0
	-0.055504245336003954	Kocak	bootstrap	685.0
	0.15962050838812214	Kocak	bootstrap	686.0
	0.15281181929901688	Kocak	bootstrap	687.0
	0.0352381223752376	Kocak	bootstrap	688.0
	0.12115393122460727	Kocak	bootstrap	689.0
	0.1707728172601577	Kocak	bootstrap	690.0
	0.12411217456619994	Kocak	bootstrap	691.0
	0.29860453716530877	Kocak	bootstrap	692.0
	0.04130396324063046	Kocak	bootstrap	693.0
	0.28042287097509977	Kocak	bootstrap	694.0
	-0.03552340088039774	Kocak	bootstrap	695.0
	0.08039975787203879	Kocak	bootstrap	696.0
	0.23241443141357188	Kocak	bootstrap	697.0
	0.04595955874338831	Kocak	bootstrap	698.0
	0.15312788155592827	Kocak	bootstrap	699.0
	0.27995702802144073	Kocak	bootstrap	700.0
	-0.2068232698830963	Kocak	bootstrap	701.0
	-0.01909775963939353	Kocak	bootstrap	702.0
	-0.006989561621997709	Kocak	bootstrap	703.0
	0.27974491860587314	Kocak	bootstrap	704.0
	0.08112857967026077	Kocak	bootstrap	705.0
	0.26289122465417236	Kocak	bootstrap	706.0
	-0.16801230604074835	Kocak	bootstrap	707.0
	-0.0009044186737883209	Kocak	bootstrap	708.0
	0.2121325169617556	Kocak	bootstrap	709.0
	0.022408460434138355	Kocak	bootstrap	710.0
	0.044820033320357666	Kocak	bootstrap	711.0
	0.13894940074192963	Kocak	bootstrap	712.0
	0.140227319795998	Kocak	bootstrap	713.0
	-0.06594748583111709	Kocak	bootstrap	714.0
	-0.1857774088005426	Kocak	bootstrap	715.0
	0.33881808615541953	Kocak	bootstrap	716.0
	0.17060670878115847	Kocak	bootstrap	717.0
	0.0008808744527621926	Kocak	bootstrap	718.0
	-0.008243485866591627	Kocak	bootstrap	719.0
	0.0023225743161150447	Kocak	bootstrap	720.0
	-0.00658536808200072	Kocak	bootstrap	721.0
	0.061400647075086745	Kocak	bootstrap	722.0
	0.12928736966776366	Kocak	bootstrap	723.0
	0.15794120881952267	Kocak	bootstrap	724.0
	0.07819573259725843	Kocak	bootstrap	725.0
	-0.0659165403259756	Kocak	bootstrap	726.0
	0.11655556382934673	Kocak	bootstrap	727.0
	0.0032166595599916192	Kocak	bootstrap	728.0
	0.18027052849774972	Kocak	bootstrap	729.0
	-0.04138885868520781	Kocak	bootstrap	730.0
	0.037993801869733446	Kocak	bootstrap	731.0
	0.1619182460029993	Kocak	bootstrap	732.0
	-0.09307920071249498	Kocak	bootstrap	733.0
	0.06995368222268983	Kocak	bootstrap	734.0
	0.30497914572536633	Kocak	bootstrap	735.0
	0.1017982997478617	Kocak	bootstrap	736.0
	-0.028745552392564377	Kocak	bootstrap	737.0
	0.13379294568839217	Kocak	bootstrap	738.0
	0.35858464735503226	Kocak	bootstrap	739.0
	0.062381122095728436	Kocak	bootstrap	740.0
	-0.011906987136292457	Kocak	bootstrap	741.0
	0.012538204750776494	Kocak	bootstrap	742.0
	-0.13538424823334871	Kocak	bootstrap	743.0
	0.10705148509815388	Kocak	bootstrap	744.0
	0.07165375930106688	Kocak	bootstrap	745.0
	0.1222525218222481	Kocak	bootstrap	746.0
	0.10246074278430584	Kocak	bootstrap	747.0
	-0.12041078079721768	Kocak	bootstrap	748.0
	0.3289043095317279	Kocak	bootstrap	749.0
	-0.182134922817756	Kocak	bootstrap	750.0
	-0.021279176109521458	Kocak	bootstrap	751.0
	-0.07647515807199934	Kocak	bootstrap	752.0
	0.23840673120046052	Kocak	bootstrap	753.0
	-0.05631928803135633	Kocak	bootstrap	754.0
	-0.036092437484007256	Kocak	bootstrap	755.0
	0.10820483744299825	Kocak	bootstrap	756.0
	0.0896907598242036	Kocak	bootstrap	757.0
	0.09590144127619293	Kocak	bootstrap	758.0
	-0.05966192990894026	Kocak	bootstrap	759.0
	0.1127599457156272	Kocak	bootstrap	760.0
	0.18776976395751088	Kocak	bootstrap	761.0
	0.00820534446742105	Kocak	bootstrap	762.0
	0.1371372315317414	Kocak	bootstrap	763.0
	0.2727874247849167	Kocak	bootstrap	764.0
	0.34356135665747534	Kocak	bootstrap	765.0
	0.09316816316894716	Kocak	bootstrap	766.0
	-0.007910384896197442	Kocak	bootstrap	767.0
	0.046779732495719095	Kocak	bootstrap	768.0
	0.20000486895983638	Kocak	bootstrap	769.0
	0.2945117895515086	Kocak	bootstrap	770.0
	0.1477424090261481	Kocak	bootstrap	771.0
	-0.03211782602540847	Kocak	bootstrap	772.0
	0.2634476013260407	Kocak	bootstrap	773.0
	-0.25708680331677414	Kocak	bootstrap	774.0
	-0.13569383532074042	Kocak	bootstrap	775.0
	0.11902132763826234	Kocak	bootstrap	776.0
	0.07823507179581224	Kocak	bootstrap	777.0
	0.13653761726685332	Kocak	bootstrap	778.0
	-0.020187280628281457	Kocak	bootstrap	779.0
	0.3792297871588106	Kocak	bootstrap	780.0
	0.07523990820242865	Kocak	bootstrap	781.0
	-0.10787731254584543	Kocak	bootstrap	782.0
	-0.0637725964505913	Kocak	bootstrap	783.0
	0.14210760087602026	Kocak	bootstrap	784.0
	0.06316860365302546	Kocak	bootstrap	785.0
	-0.010390957519917698	Kocak	bootstrap	786.0
	0.24660371842507622	Kocak	bootstrap	787.0
	0.15158513869019608	Kocak	bootstrap	788.0
	0.027125806086426785	Kocak	bootstrap	789.0
	-0.28395760396586933	Kocak	bootstrap	790.0
	-0.013163068440812609	Kocak	bootstrap	791.0
	0.03138551065034889	Kocak	bootstrap	792.0
	0.21499162402050764	Kocak	bootstrap	793.0
	0.11427664196341514	Kocak	bootstrap	794.0
	0.33598409596447976	Kocak	bootstrap	795.0
	0.2807727233101618	Kocak	bootstrap	796.0
	0.12462158956815994	Kocak	bootstrap	797.0
	0.2808575782517009	Kocak	bootstrap	798.0
	-0.11788804781691109	Kocak	bootstrap	799.0
	-0.19417897823636476	Kocak	bootstrap	800.0
	-0.019879212331971985	Kocak	bootstrap	801.0
	0.1030548776604503	Kocak	bootstrap	802.0
	0.06815358050772513	Kocak	bootstrap	803.0
	0.06798868755073073	Kocak	bootstrap	804.0
	0.03024672638073511	Kocak	bootstrap	805.0
	-0.05665996337179724	Kocak	bootstrap	806.0
	0.1882089044394073	Kocak	bootstrap	807.0
	0.12840709176109755	Kocak	bootstrap	808.0
	-0.022383942377818933	Kocak	bootstrap	809.0
	0.07437085476184535	Kocak	bootstrap	810.0
	-0.012410490843540956	Kocak	bootstrap	811.0
	-0.09270713081445425	Kocak	bootstrap	812.0
	0.047549902390304766	Kocak	bootstrap	813.0
	0.0857024036131584	Kocak	bootstrap	814.0
	0.2907828392341276	Kocak	bootstrap	815.0
	0.1541961123522313	Kocak	bootstrap	816.0
	0.1226196051983095	Kocak	bootstrap	817.0
	-0.10112375523922434	Kocak	bootstrap	818.0
	0.23084972297193307	Kocak	bootstrap	819.0
	0.16679821764755332	Kocak	bootstrap	820.0
	-0.041074095597170235	Kocak	bootstrap	821.0
	0.09645231933507592	Kocak	bootstrap	822.0
	-0.18301241928095724	Kocak	bootstrap	823.0
	-0.09904389446726736	Kocak	bootstrap	824.0
	0.4858274219961922	Kocak	bootstrap	825.0
	0.04213857289251166	Kocak	bootstrap	826.0
	0.34535412136110644	Kocak	bootstrap	827.0
	-0.005532092797044363	Kocak	bootstrap	828.0
	0.2958707429938894	Kocak	bootstrap	829.0
	0.1892199157492982	Kocak	bootstrap	830.0
	0.06548583704568856	Kocak	bootstrap	831.0
	0.12110768949115958	Kocak	bootstrap	832.0
	-0.1135105671379879	Kocak	bootstrap	833.0
	0.024665169733033565	Kocak	bootstrap	834.0
	0.18868364264314597	Kocak	bootstrap	835.0
	0.0033469540727484315	Kocak	bootstrap	836.0
	-0.03904204115770682	Kocak	bootstrap	837.0
	0.2551276664085318	Kocak	bootstrap	838.0
	-0.04724466476920863	Kocak	bootstrap	839.0
	0.013175289920403621	Kocak	bootstrap	840.0
	-0.022981313632272737	Kocak	bootstrap	841.0
	0.24505691537220464	Kocak	bootstrap	842.0
	0.2983685068862174	Kocak	bootstrap	843.0
	0.08615257083532324	Kocak	bootstrap	844.0
	-0.05410965331439943	Kocak	bootstrap	845.0
	0.08658066015731869	Kocak	bootstrap	846.0
	-0.14326877553087858	Kocak	bootstrap	847.0
	-0.1253339730433103	Kocak	bootstrap	848.0
	0.05999793778071183	Kocak	bootstrap	849.0
	0.11634169694632845	Kocak	bootstrap	850.0
	0.1731275331277109	Kocak	bootstrap	851.0
	0.1610130542256636	Kocak	bootstrap	852.0
	-0.026552975740132823	Kocak	bootstrap	853.0
	0.25236153988719057	Kocak	bootstrap	854.0
	-0.030091403852041232	Kocak	bootstrap	855.0
	-0.05654804509199263	Kocak	bootstrap	856.0
	0.3104578722194118	Kocak	bootstrap	857.0
	0.24785899591586524	Kocak	bootstrap	858.0
	-0.010730296794164929	Kocak	bootstrap	859.0
	-0.019624238646976266	Kocak	bootstrap	860.0
	-0.1059631711805622	Kocak	bootstrap	861.0
	-0.002796744053951805	Kocak	bootstrap	862.0
	0.09525552543803872	Kocak	bootstrap	863.0
	0.09788382315999744	Kocak	bootstrap	864.0
	0.1848978713154743	Kocak	bootstrap	865.0
	0.11286283361446436	Kocak	bootstrap	866.0
	-0.18225377713765312	Kocak	bootstrap	867.0
	0.08156311674797578	Kocak	bootstrap	868.0
	-0.18363920396706135	Kocak	bootstrap	869.0
	0.07783482723246937	Kocak	bootstrap	870.0
	0.12332419361981284	Kocak	bootstrap	871.0
	0.10751397656230299	Kocak	bootstrap	872.0
	0.012254065093811661	Kocak	bootstrap	873.0
	-0.08581126301726094	Kocak	bootstrap	874.0
	0.21312179450508317	Kocak	bootstrap	875.0
	0.14567044327965295	Kocak	bootstrap	876.0
	0.11888196847582666	Kocak	bootstrap	877.0
	-0.0847503229264408	Kocak	bootstrap	878.0
	0.07583164120837793	Kocak	bootstrap	879.0
	-0.03446746363961051	Kocak	bootstrap	880.0
	-0.12139853582930993	Kocak	bootstrap	881.0
	0.08457245805261504	Kocak	bootstrap	882.0
	-0.08345769634899636	Kocak	bootstrap	883.0
	0.26012761220117575	Kocak	bootstrap	884.0
	0.08328389043900053	Kocak	bootstrap	885.0
	0.18567609864265044	Kocak	bootstrap	886.0
	0.06982584788614066	Kocak	bootstrap	887.0
	0.11241749821895208	Kocak	bootstrap	888.0
	0.18860870965320764	Kocak	bootstrap	889.0
	0.05655882638363785	Kocak	bootstrap	890.0
	0.25268842510316336	Kocak	bootstrap	891.0
	-0.06535506836256744	Kocak	bootstrap	892.0
	0.3089007291646686	Kocak	bootstrap	893.0
	0.02665745141269582	Kocak	bootstrap	894.0
	0.010357553253021123	Kocak	bootstrap	895.0
	0.16152214402563203	Kocak	bootstrap	896.0
	0.06628114338594848	Kocak	bootstrap	897.0
	0.2500816404521382	Kocak	bootstrap	898.0
	0.05114381446180527	Kocak	bootstrap	899.0
	0.1549446455548793	Kocak	bootstrap	900.0
	0.029322216156383973	Kocak	bootstrap	901.0
	0.2568494758950548	Kocak	bootstrap	902.0
	-0.00953359748623761	Kocak	bootstrap	903.0
	0.05020461382288666	Kocak	bootstrap	904.0
	0.36875383219541824	Kocak	bootstrap	905.0
	0.03838002672587759	Kocak	bootstrap	906.0
	-0.008141748994280995	Kocak	bootstrap	907.0
	0.041331375864353426	Kocak	bootstrap	908.0
	0.03122214167984083	Kocak	bootstrap	909.0
	0.2189165484887079	Kocak	bootstrap	910.0
	0.07038357705250409	Kocak	bootstrap	911.0
	0.25610422370024644	Kocak	bootstrap	912.0
	0.06478172111359992	Kocak	bootstrap	913.0
	-0.08834749253430374	Kocak	bootstrap	914.0
	0.353595124056417	Kocak	bootstrap	915.0
	-0.15159229716863898	Kocak	bootstrap	916.0
	-0.18825623221250964	Kocak	bootstrap	917.0
	-0.05522802288904671	Kocak	bootstrap	918.0
	0.19016565285843434	Kocak	bootstrap	919.0
	0.16383871270486683	Kocak	bootstrap	920.0
	0.048061911405458346	Kocak	bootstrap	921.0
	0.30930986569038765	Kocak	bootstrap	922.0
	-0.04771295225296068	Kocak	bootstrap	923.0
	-0.21692625027091328	Kocak	bootstrap	924.0
	0.2203480893153973	Kocak	bootstrap	925.0
	-0.08841671741982449	Kocak	bootstrap	926.0
	0.018029275645745635	Kocak	bootstrap	927.0
	-0.047344597505282415	Kocak	bootstrap	928.0
	0.2149971205031722	Kocak	bootstrap	929.0
	0.23588537089966	Kocak	bootstrap	930.0
	-0.15730601022329616	Kocak	bootstrap	931.0
	-0.06536340410899033	Kocak	bootstrap	932.0
	0.2354267548774196	Kocak	bootstrap	933.0
	0.03845701426614134	Kocak	bootstrap	934.0
	0.028977780698397737	Kocak	bootstrap	935.0
	-0.007971315409067259	Kocak	bootstrap	936.0
	0.21551064743988313	Kocak	bootstrap	937.0
	0.04487833686381748	Kocak	bootstrap	938.0
	-0.09962035733811359	Kocak	bootstrap	939.0
	0.15854456826633356	Kocak	bootstrap	940.0
	0.08249454267196477	Kocak	bootstrap	941.0
	0.07161939899016367	Kocak	bootstrap	942.0
	0.026457304102349255	Kocak	bootstrap	943.0
	-0.0849083209740602	Kocak	bootstrap	944.0
	0.14548934734039687	Kocak	bootstrap	945.0
	0.06765092999856392	Kocak	bootstrap	946.0
	0.29834633337234795	Kocak	bootstrap	947.0
	-0.19606502184490537	Kocak	bootstrap	948.0
	0.1523838430747917	Kocak	bootstrap	949.0
	0.31484161754274975	Kocak	bootstrap	950.0
	0.1485871248523427	Kocak	bootstrap	951.0
	0.35273050942588835	Kocak	bootstrap	952.0
	0.17013510924679842	Kocak	bootstrap	953.0
	0.31632808001312984	Kocak	bootstrap	954.0
	-0.19295961061327205	Kocak	bootstrap	955.0
	0.33370001982762254	Kocak	bootstrap	956.0
	0.22568611611023393	Kocak	bootstrap	957.0
	0.04411314337381089	Kocak	bootstrap	958.0
	0.23742536900023747	Kocak	bootstrap	959.0
	0.2616134429767998	Kocak	bootstrap	960.0
	0.1492398779985109	Kocak	bootstrap	961.0
	0.2526860598846721	Kocak	bootstrap	962.0
	0.2663783601553895	Kocak	bootstrap	963.0
	0.06872262786331707	Kocak	bootstrap	964.0
	0.007893114901965426	Kocak	bootstrap	965.0
	0.10469453928874906	Kocak	bootstrap	966.0
	0.17364503523739128	Kocak	bootstrap	967.0
	-0.060802215057321085	Kocak	bootstrap	968.0
	0.19510995234343387	Kocak	bootstrap	969.0
	0.14400789243695922	Kocak	bootstrap	970.0
	0.1574745957349215	Kocak	bootstrap	971.0
	-0.11306232199120725	Kocak	bootstrap	972.0
	0.11935152521274883	Kocak	bootstrap	973.0
	-0.005489252516032828	Kocak	bootstrap	974.0
	0.2776841050788308	Kocak	bootstrap	975.0
	0.13566111480211696	Kocak	bootstrap	976.0
	0.13062695943524716	Kocak	bootstrap	977.0
	-0.23852619732843028	Kocak	bootstrap	978.0
	-0.28547504191616735	Kocak	bootstrap	979.0
	-0.1048661495116523	Kocak	bootstrap	980.0
	0.08817617086985141	Kocak	bootstrap	981.0
	-0.0089831130807978	Kocak	bootstrap	982.0
	0.1715231869868541	Kocak	bootstrap	983.0
	0.07292545644654957	Kocak	bootstrap	984.0
	-0.2790211642311098	Kocak	bootstrap	985.0
	0.08503545295621517	Kocak	bootstrap	986.0
	-0.07135403904834892	Kocak	bootstrap	987.0
	0.21663085121714776	Kocak	bootstrap	988.0
	0.030821760035588674	Kocak	bootstrap	989.0
	0.05443774943475255	Kocak	bootstrap	990.0
	0.22323623239604995	Kocak	bootstrap	991.0
	-0.047539662710074815	Kocak	bootstrap	992.0
	-0.023480411227633446	Kocak	bootstrap	993.0
	0.09496437386833989	Kocak	bootstrap	994.0
	-0.22778550798436292	Kocak	bootstrap	995.0
	0.08357429917139925	Kocak	bootstrap	996.0
	0.1665469102905357	Kocak	bootstrap	997.0
	0.23801223166786478	Kocak	bootstrap	998.0
	0.038180933965654695	Kocak	bootstrap	999.0
	0.1235237345030109	Kocak	bootstrap	1000.0
	0.26409293852851956	Kocak	bootstrap	1001.0
	0.1392326561688657	Kocak	bootstrap	1002.0
	0.26874164735663086	Kocak	bootstrap	1003.0
	0.17797792786549138	Kocak	bootstrap	1004.0
	-0.11163583493319695	Kocak	bootstrap	1005.0
	-0.0043540928722496375	Kocak	bootstrap	1006.0
	0.15876633037571874	Kocak	bootstrap	1007.0
	0.12035519727071087	Kocak	bootstrap	1008.0
	0.24925872576210661	Kocak	bootstrap	1009.0
	0.1689630054603386	Kocak	bootstrap	1010.0
	0.3633314260562637	Kocak	bootstrap	1011.0
	-0.047142224856955295	Kocak	bootstrap	1012.0
	-0.1629891769865921	Kocak	bootstrap	1013.0
	0.0461516629805141	Kocak	bootstrap	1014.0
	0.07940701639286196	Kocak	bootstrap	1015.0
	0.11291648677392718	Kocak	bootstrap	1016.0
	0.03742724656433172	Kocak	bootstrap	1017.0
	0.13128808969222128	Kocak	bootstrap	1018.0
	0.3246951380841523	Kocak	bootstrap	1019.0
	0.29527818782453696	Kocak	bootstrap	1020.0
	0.3224190809989729	Kocak	bootstrap	1021.0
	0.34737129891614327	Kocak	bootstrap	1022.0
	0.26309926080121393	Kocak	bootstrap	1023.0
	0.052569635748874965	Kocak	bootstrap	1024.0
	0.1276101225260433	Kocak	bootstrap	1025.0
	0.0060627021396566505	Kocak	bootstrap	1026.0
	-0.01452919106036088	Kocak	bootstrap	1027.0
	0.1280007698617185	Kocak	bootstrap	1028.0
	-0.05928454989052767	Kocak	bootstrap	1029.0
	-0.1544642895916759	Kocak	bootstrap	1030.0
	-0.06414137286081978	Kocak	bootstrap	1031.0
	-0.017501746133277152	Kocak	bootstrap	1032.0
	0.1537149502245594	Kocak	bootstrap	1033.0
	0.15128143287686235	Kocak	bootstrap	1034.0
	0.03908401485574142	Kocak	bootstrap	1035.0
	0.12181148656343055	Kocak	bootstrap	1036.0
	-0.04941358438656707	Kocak	bootstrap	1037.0
	-0.13890149177899325	Kocak	bootstrap	1038.0
	-0.19334731110738357	Kocak	bootstrap	1039.0
	0.2213491797767091	Kocak	bootstrap	1040.0
	0.055419507437639126	Kocak	bootstrap	1041.0
	0.09531912898026373	Kocak	bootstrap	1042.0
	0.2842695654057481	Kocak	bootstrap	1043.0
	0.025390995246890036	Kocak	bootstrap	1044.0
	0.12746199166983008	Kocak	bootstrap	1045.0
	-0.08511422614557418	Kocak	bootstrap	1046.0
	0.02881551146186645	Kocak	bootstrap	1047.0
	0.18169620383978735	Kocak	bootstrap	1048.0
	0.05146195529452058	Kocak	bootstrap	1049.0
	0.10628372232296712	Kocak	bootstrap	1050.0
	-0.16840278436785283	Kocak	bootstrap	1051.0
	0.1748756394407769	Kocak	bootstrap	1052.0
	0.10599394569408549	Kocak	bootstrap	1053.0
	0.13200666787612825	Kocak	bootstrap	1054.0
	0.25551886277364844	Kocak	bootstrap	1055.0
	0.19277686473905042	Kocak	bootstrap	1056.0
	-0.01979178643619317	Kocak	bootstrap	1057.0
	0.14396611302564732	Kocak	bootstrap	1058.0
	-0.2962148955004986	Kocak	bootstrap	1059.0
	0.3327363837733106	Kocak	bootstrap	1060.0
	-0.03611447585267502	Kocak	bootstrap	1061.0
	0.05416203138171838	Kocak	bootstrap	1062.0
	0.2358880022745211	Kocak	bootstrap	1063.0
	-0.03433492966200813	Kocak	bootstrap	1064.0
	0.39492764175771633	Kocak	bootstrap	1065.0
	0.012401433864771327	Kocak	bootstrap	1066.0
	-0.026356752480767298	Kocak	bootstrap	1067.0
	-0.022774900927420738	Kocak	bootstrap	1068.0
	0.04662514021935493	Kocak	bootstrap	1069.0
	-0.08330869584821343	Kocak	bootstrap	1070.0
	-0.17714526625617655	Kocak	bootstrap	1071.0
	0.1792741972952019	Kocak	bootstrap	1072.0
	-0.13903945274268992	Kocak	bootstrap	1073.0
	0.11432165445074549	Kocak	bootstrap	1074.0
	0.43842546217069955	Kocak	bootstrap	1075.0
	0.22715458798537647	Kocak	bootstrap	1076.0
	0.02861033259505863	Kocak	bootstrap	1077.0
	0.03740902506784227	Kocak	bootstrap	1078.0
	-0.08716193014136309	Kocak	bootstrap	1079.0
	0.13582339687091327	Kocak	bootstrap	1080.0
	-0.06323605250131248	Kocak	bootstrap	1081.0
	0.1070203022507128	Kocak	bootstrap	1082.0
	0.24550878955220057	Kocak	bootstrap	1083.0
	0.029025785722782693	Kocak	bootstrap	1084.0
	0.08075106635041074	Kocak	bootstrap	1085.0
	0.08183558878279928	Kocak	bootstrap	1086.0
	-0.1993530146717033	Kocak	bootstrap	1087.0
	0.01066236640413365	Kocak	bootstrap	1088.0
	0.2627294008592447	Kocak	bootstrap	1089.0
	0.027510737360634252	Kocak	bootstrap	1090.0
	0.11986083501765776	Kocak	bootstrap	1091.0
	-0.051242302104775206	Kocak	bootstrap	1092.0
	-0.11586021921087575	Kocak	bootstrap	1093.0
	-0.07302098907655719	Kocak	bootstrap	1094.0
	-0.08726224071863875	Kocak	bootstrap	1095.0
	0.006472445885847833	Kocak	bootstrap	1096.0
	-0.1082193420113704	Kocak	bootstrap	1097.0
	-0.08344623499686499	Kocak	bootstrap	1098.0
	-0.030710387275261652	Kocak	bootstrap	1099.0
	-0.019962529385608718	Kocak	bootstrap	1100.0
	0.06885821278337545	Kocak	bootstrap	1101.0
	0.2920988119574046	Kocak	bootstrap	1102.0
	0.3042515168911111	Kocak	bootstrap	1103.0
	0.12576486782592866	Kocak	bootstrap	1104.0
	0.10332204788691879	Kocak	bootstrap	1105.0
	0.13799399752706165	Kocak	bootstrap	1106.0
	0.2017748278268634	Kocak	bootstrap	1107.0
	0.26694058852665403	Kocak	bootstrap	1108.0
	0.1329198828852114	Kocak	bootstrap	1109.0
	-0.1137570239009662	Kocak	bootstrap	1110.0
	-0.031363747726394386	Kocak	bootstrap	1111.0
	-0.1060252345630186	Kocak	bootstrap	1112.0
	-0.12298624874827624	Kocak	bootstrap	1113.0
	0.11528239313461341	Kocak	bootstrap	1114.0
	-0.018599693624981484	Kocak	bootstrap	1115.0
	-0.14266680903237017	Kocak	bootstrap	1116.0
	-0.035901793116691394	Kocak	bootstrap	1117.0
	0.11328528671474025	Kocak	bootstrap	1118.0
	-0.12333837300320294	Kocak	bootstrap	1119.0
	0.06315076075540738	Kocak	bootstrap	1120.0
	0.055767816334520326	Kocak	bootstrap	1121.0
	-0.09878116708405216	Kocak	bootstrap	1122.0
	0.09610450863513176	Kocak	bootstrap	1123.0
	0.1951816622617315	Kocak	bootstrap	1124.0
	0.10631198709178058	Kocak	bootstrap	1125.0
	0.1337911323346086	Kocak	bootstrap	1126.0
	0.2206190444373135	Kocak	bootstrap	1127.0
	-0.03285679174004841	Kocak	bootstrap	1128.0
	0.20676039851237515	Kocak	bootstrap	1129.0
	0.22618762277592808	Kocak	bootstrap	1130.0
	0.14152041071350663	Kocak	bootstrap	1131.0
	-0.2507107262268091	Kocak	bootstrap	1132.0
	0.28825558753180935	Kocak	bootstrap	1133.0
	0.03066549757581427	Kocak	bootstrap	1134.0
	-0.11265339845792077	Kocak	bootstrap	1135.0
	0.13181140224809873	Kocak	bootstrap	1136.0
	0.19874286816501918	Kocak	bootstrap	1137.0
	0.05071558971304668	Kocak	bootstrap	1138.0
	-0.049146769497508735	Kocak	bootstrap	1139.0
	0.29221101480440215	Kocak	bootstrap	1140.0
	0.2371368401127114	Kocak	bootstrap	1141.0
	-0.1405329267076878	Kocak	bootstrap	1142.0
	0.28441626802061215	Kocak	bootstrap	1143.0
	0.06543363663536805	Kocak	bootstrap	1144.0
	-0.09159373172944463	Kocak	bootstrap	1145.0
	-0.09745382034324201	Kocak	bootstrap	1146.0
	0.03890005243077077	Kocak	bootstrap	1147.0
	-0.024080296900280906	Kocak	bootstrap	1148.0
	0.23497479180996006	Kocak	bootstrap	1149.0
	0.016933297834190952	Kocak	bootstrap	1150.0
	-0.10846719676909	Kocak	bootstrap	1151.0
	0.11969534920359237	Kocak	bootstrap	1152.0
	0.352106260714911	Kocak	bootstrap	1153.0
	0.15622120148590213	Kocak	bootstrap	1154.0
	-0.017508247627303852	Kocak	bootstrap	1155.0
	0.1409010784966238	Kocak	bootstrap	1156.0
	0.15654653026830712	Kocak	bootstrap	1157.0
	0.1927259814846547	Kocak	bootstrap	1158.0
	0.14220551643698265	Kocak	bootstrap	1159.0
	0.13464172662638418	Kocak	bootstrap	1160.0
	0.10778446436103906	Kocak	bootstrap	1161.0
	0.22427709770618076	Kocak	bootstrap	1162.0
	0.15577796395448917	Kocak	bootstrap	1163.0
	-0.03364162683522309	Kocak	bootstrap	1164.0
	0.10013270997743362	Kocak	bootstrap	1165.0
	0.19176381753644822	Kocak	bootstrap	1166.0
	-0.05957829466165876	Kocak	bootstrap	1167.0
	0.125773073656962	Kocak	bootstrap	1168.0
	-0.06692359442233098	Kocak	bootstrap	1169.0
	0.2999382967435755	Kocak	bootstrap	1170.0
	0.1570574204967814	Kocak	bootstrap	1171.0
	0.20965381440315856	Kocak	bootstrap	1172.0
	0.33551918794167435	Kocak	bootstrap	1173.0
	0.08131863258642014	Kocak	bootstrap	1174.0
	0.10068847880481613	Kocak	bootstrap	1175.0
	-0.13710395002065567	Kocak	bootstrap	1176.0
	0.05571852316695658	Kocak	bootstrap	1177.0
	-0.04948089826041269	Kocak	bootstrap	1178.0
	0.07081717670750276	Kocak	bootstrap	1179.0
	-0.09797009582152416	Kocak	bootstrap	1180.0
	-0.21097160259016068	Kocak	bootstrap	1181.0
	0.09178487154578097	Kocak	bootstrap	1182.0
	0.19619391607276526	Kocak	bootstrap	1183.0
	0.18888572060563913	Kocak	bootstrap	1184.0
	0.042731148856005596	Kocak	bootstrap	1185.0
	-0.019465352552375137	Kocak	bootstrap	1186.0
	0.1683858493452126	Kocak	bootstrap	1187.0
	0.20926445587873754	Kocak	bootstrap	1188.0
	0.07102458815835355	Kocak	bootstrap	1189.0
	0.2905870437343623	Kocak	bootstrap	1190.0
	-0.02549237991873099	Kocak	bootstrap	1191.0
	0.05659627612175555	Kocak	bootstrap	1192.0
	0.22707246645117696	Kocak	bootstrap	1193.0
	-0.15219110398511138	Kocak	bootstrap	1194.0
	0.10040400197405486	Kocak	bootstrap	1195.0
	-0.09435963504794564	Kocak	bootstrap	1196.0
	0.11331000435108951	Kocak	bootstrap	1197.0
	0.055001957480182107	Kocak	bootstrap	1198.0
	-0.10544212225883243	Kocak	bootstrap	1199.0
	0.2538153681256645	Kocak	bootstrap	1200.0
	0.1192485489889128	Kocak	bootstrap	1201.0
	0.28768770441580216	Kocak	bootstrap	1202.0
	0.011873131701778838	Kocak	bootstrap	1203.0
	0.1835342686064827	Kocak	bootstrap	1204.0
	-0.12409400008333726	Kocak	bootstrap	1205.0
	0.07955116890297731	Kocak	bootstrap	1206.0
	-0.059568523538104934	Kocak	bootstrap	1207.0
	-0.019812869147983747	Kocak	bootstrap	1208.0
	-0.20171122687276366	Kocak	bootstrap	1209.0
	-0.08334048317925458	Kocak	bootstrap	1210.0
	-0.1506101501651509	Kocak	bootstrap	1211.0
	0.21568605906772742	Kocak	bootstrap	1212.0
	0.022987823430229426	Kocak	bootstrap	1213.0
	-0.08221779571084564	Kocak	bootstrap	1214.0
	0.08829736715974512	Kocak	bootstrap	1215.0
	0.16452359980230735	Kocak	bootstrap	1216.0
	-0.004262735308641297	Kocak	bootstrap	1217.0
	0.24620309223068038	Kocak	bootstrap	1218.0
	0.07512756659266095	Kocak	bootstrap	1219.0
	0.11698201432908384	Kocak	bootstrap	1220.0
	0.028895719912866547	Kocak	bootstrap	1221.0
	-0.0221933769539584	Kocak	bootstrap	1222.0
	0.25502359311073786	Kocak	bootstrap	1223.0
	0.1076865318887732	Kocak	bootstrap	1224.0
	-0.10778236528072593	Kocak	bootstrap	1225.0
	0.3557624649366229	Kocak	bootstrap	1226.0
	0.34318105047016534	Kocak	bootstrap	1227.0
	0.11483780323584547	Kocak	bootstrap	1228.0
	0.019838309861099468	Kocak	bootstrap	1229.0
	0.0836230780685181	Kocak	bootstrap	1230.0
	-0.013678858538010097	Kocak	bootstrap	1231.0
	0.13651080893687517	Kocak	bootstrap	1232.0
	-0.3079576802265134	Kocak	bootstrap	1233.0
	-0.09115362313290554	Kocak	bootstrap	1234.0
	0.27367495218958027	Kocak	bootstrap	1235.0
	0.0991486779006312	Kocak	bootstrap	1236.0
	0.42198898492736703	Kocak	bootstrap	1237.0
	0.05988871619137104	Kocak	bootstrap	1238.0
	0.1424531005622205	Kocak	bootstrap	1239.0
	0.19118524564121664	Kocak	bootstrap	1240.0
	-0.004519939940783146	Kocak	bootstrap	1241.0
	-0.08756876321179163	Kocak	bootstrap	1242.0
	0.16672539806044284	Kocak	bootstrap	1243.0
	0.35873761017000394	Kocak	bootstrap	1244.0
	-0.18334375438797057	Kocak	bootstrap	1245.0
	0.12800307175075432	Kocak	bootstrap	1246.0
	-0.2507067608643885	Kocak	bootstrap	1247.0
	-0.00023151811136923328	Kocak	bootstrap	1248.0
	0.07408628421649865	Kocak	bootstrap	1249.0
	-0.06042311440222203	Kocak	bootstrap	1250.0
	-0.29100236696733184	Kocak	bootstrap	1251.0
	0.07775944454770478	Kocak	bootstrap	1252.0
	0.013358372912588123	Kocak	bootstrap	1253.0
	0.20928587434766044	Kocak	bootstrap	1254.0
	0.07170516860150489	Kocak	bootstrap	1255.0
	0.03874604964614203	Kocak	bootstrap	1256.0
	-0.06605160393967768	Kocak	bootstrap	1257.0
	-0.1212189395328469	Kocak	bootstrap	1258.0
	0.08421296160676572	Kocak	bootstrap	1259.0
	0.24819247047038573	Kocak	bootstrap	1260.0
	-0.26938962682052736	Kocak	bootstrap	1261.0
	0.2686328811934908	Kocak	bootstrap	1262.0
	-0.03543964970697644	Kocak	bootstrap	1263.0
	-0.062390822660523426	Kocak	bootstrap	1264.0
	-0.11575540059589429	Kocak	bootstrap	1265.0
	0.1786667351328921	Kocak	bootstrap	1266.0
	0.1752712956948006	Kocak	bootstrap	1267.0
	0.11849221065310811	Kocak	bootstrap	1268.0
	0.07956711398584115	Kocak	bootstrap	1269.0
	0.10455040406729754	Kocak	bootstrap	1270.0
	0.010149191763496823	Kocak	bootstrap	1271.0
	-0.01480129967100563	Kocak	bootstrap	1272.0
	0.27656672501510293	Kocak	bootstrap	1273.0
	0.09633550276092695	Kocak	bootstrap	1274.0
	0.07677522701619566	Kocak	bootstrap	1275.0
	-0.003861111757921698	Kocak	bootstrap	1276.0
	0.16899767884778427	Kocak	bootstrap	1277.0
	0.10316471827285056	Kocak	bootstrap	1278.0
	-0.10857813855657561	Kocak	bootstrap	1279.0
	-0.08056278156579566	Kocak	bootstrap	1280.0
	0.14082254810212458	Kocak	bootstrap	1281.0
	-0.16256560442113965	Kocak	bootstrap	1282.0
	0.11911172673666481	Kocak	bootstrap	1283.0
	-0.008480080055171868	Kocak	bootstrap	1284.0
	0.08439381779998278	Kocak	bootstrap	1285.0
	0.17187400304522793	Kocak	bootstrap	1286.0
	0.12402851389297087	Kocak	bootstrap	1287.0
	0.009295803278956072	Kocak	bootstrap	1288.0
	-0.25136381656987616	Kocak	bootstrap	1289.0
	-0.10519707757464225	Kocak	bootstrap	1290.0
	0.04552130614639527	Kocak	bootstrap	1291.0
	0.11041031132707868	Kocak	bootstrap	1292.0
	0.04292948604788638	Kocak	bootstrap	1293.0
	-0.1617928111792981	Kocak	bootstrap	1294.0
	0.16601924094711773	Kocak	bootstrap	1295.0
	0.08701322844393022	Kocak	bootstrap	1296.0
	0.11600571910059276	Kocak	bootstrap	1297.0
	0.16285932697506045	Kocak	bootstrap	1298.0
	0.3717942836139496	Kocak	bootstrap	1299.0
	-0.056961919324069576	Kocak	bootstrap	1300.0
	0.08835287037537043	Kocak	bootstrap	1301.0
	-0.020592148977023328	Kocak	bootstrap	1302.0
	0.18517119973501117	Kocak	bootstrap	1303.0
	0.12138109700621946	Kocak	bootstrap	1304.0
	0.06347090967070557	Kocak	bootstrap	1305.0
	0.2080829561297044	Kocak	bootstrap	1306.0
	0.16108431480505558	Kocak	bootstrap	1307.0
	-0.14297746679292	Kocak	bootstrap	1308.0
	0.05897767808264032	Kocak	bootstrap	1309.0
	0.2976357596208059	Kocak	bootstrap	1310.0
	0.03527608148725214	Kocak	bootstrap	1311.0
	0.03474657607948206	Kocak	bootstrap	1312.0
	-0.07487282140156015	Kocak	bootstrap	1313.0
	-0.10894661505518766	Kocak	bootstrap	1314.0
	0.19600816116232522	Kocak	bootstrap	1315.0
	0.19516822104700893	Kocak	bootstrap	1316.0
	-0.18179798061573837	Kocak	bootstrap	1317.0
	0.2556017882784438	Kocak	bootstrap	1318.0
	-0.025160187463615813	Kocak	bootstrap	1319.0
	0.05574225177496395	Kocak	bootstrap	1320.0
	0.28763983995181075	Kocak	bootstrap	1321.0
	0.267674496995407	Kocak	bootstrap	1322.0
	0.02253701940213304	Kocak	bootstrap	1323.0
	0.21201935209523803	Kocak	bootstrap	1324.0
	-0.0340837254355284	Kocak	bootstrap	1325.0
	-0.22265491276567229	Kocak	bootstrap	1326.0
	-0.12287935029377639	Kocak	bootstrap	1327.0
	0.031757197116485614	Kocak	bootstrap	1328.0
	0.05194935217293217	Kocak	bootstrap	1329.0
	-0.04169847715266961	Kocak	bootstrap	1330.0
	0.12463696735390695	Kocak	bootstrap	1331.0
	0.18394796924207313	Kocak	bootstrap	1332.0
	0.060630090005927784	Kocak	bootstrap	1333.0
	0.15012363588501376	Kocak	bootstrap	1334.0
	-0.20528767044109664	Kocak	bootstrap	1335.0
	0.08619104811379508	Kocak	bootstrap	1336.0
	0.1416016085737013	Kocak	bootstrap	1337.0
	0.12595753643540597	Kocak	bootstrap	1338.0
	-0.10312033348527905	Kocak	bootstrap	1339.0
	0.42881494174964896	Kocak	bootstrap	1340.0
	0.1845868090641929	Kocak	bootstrap	1341.0
	0.176594133095616	Kocak	bootstrap	1342.0
	0.16480491982716394	Kocak	bootstrap	1343.0
	0.08168910983614186	Kocak	bootstrap	1344.0
	0.1072394202171214	Kocak	bootstrap	1345.0
	0.14234745756675338	Kocak	bootstrap	1346.0
	0.23540567178630667	Kocak	bootstrap	1347.0
	-0.19791455673291747	Kocak	bootstrap	1348.0
	0.16983419093806962	Kocak	bootstrap	1349.0
	0.03448974082699863	Kocak	bootstrap	1350.0
	0.19888880611114157	Kocak	bootstrap	1351.0
	0.21656700630375436	Kocak	bootstrap	1352.0
	0.12835476365809217	Kocak	bootstrap	1353.0
	0.27708765068200947	Kocak	bootstrap	1354.0
	0.025037936754216616	Kocak	bootstrap	1355.0
	0.045354086128974735	Kocak	bootstrap	1356.0
	0.17505105225535278	Kocak	bootstrap	1357.0
	0.08332247582403784	Kocak	bootstrap	1358.0
	0.3646764239327922	Kocak	bootstrap	1359.0
	-0.07765453622821727	Kocak	bootstrap	1360.0
	0.0857920317934644	Kocak	bootstrap	1361.0
	-0.0038458935053586885	Kocak	bootstrap	1362.0
	-0.13615759178427655	Kocak	bootstrap	1363.0
	0.10797755741726167	Kocak	bootstrap	1364.0
	-0.06831719542233117	Kocak	bootstrap	1365.0
	-0.14540386878958955	Kocak	bootstrap	1366.0
	0.05744118120040387	Kocak	bootstrap	1367.0
	-0.1477982182093065	Kocak	bootstrap	1368.0
	0.18064860986189224	Kocak	bootstrap	1369.0
	0.011832028870014888	Kocak	bootstrap	1370.0
	0.20514667412756893	Kocak	bootstrap	1371.0
	-0.005008555626413447	Kocak	bootstrap	1372.0
	0.19836008857617315	Kocak	bootstrap	1373.0
	0.216304374663415	Kocak	bootstrap	1374.0
	0.09281303186457102	Kocak	bootstrap	1375.0
	0.1826523415999617	Kocak	bootstrap	1376.0
	-0.14548291011786674	Kocak	bootstrap	1377.0
	-0.04450879169199862	Kocak	bootstrap	1378.0
	0.45438076291902973	Kocak	bootstrap	1379.0
	-0.07478586924588093	Kocak	bootstrap	1380.0
	-0.21299442940247992	Kocak	bootstrap	1381.0
	0.1137400597517102	Kocak	bootstrap	1382.0
	-0.08015992286944407	Kocak	bootstrap	1383.0
	0.13729993836906118	Kocak	bootstrap	1384.0
	-0.09625712925819752	Kocak	bootstrap	1385.0
	0.3865970662862903	Kocak	bootstrap	1386.0
	0.097596861989798	Kocak	bootstrap	1387.0
	0.04858564062427284	Kocak	bootstrap	1388.0
	0.0233477122414385	Kocak	bootstrap	1389.0
	0.06115770118970065	Kocak	bootstrap	1390.0
	-0.08585177541754074	Kocak	bootstrap	1391.0
	0.09724258994064439	Kocak	bootstrap	1392.0
	-0.11300312359504616	Kocak	bootstrap	1393.0
	-0.39244677226666713	Kocak	bootstrap	1394.0
	0.024745349278026296	Kocak	bootstrap	1395.0
	0.09718194488883825	Kocak	bootstrap	1396.0
	0.08401050795490583	Kocak	bootstrap	1397.0
	0.15756024361476229	Kocak	bootstrap	1398.0
	0.06187018107952902	Kocak	bootstrap	1399.0
	-0.10605744317779298	Kocak	bootstrap	1400.0
	-0.14234111384185244	Kocak	bootstrap	1401.0
	0.21906280452270543	Kocak	bootstrap	1402.0
	0.23826258000612288	Kocak	bootstrap	1403.0
	-0.06439617670269815	Kocak	bootstrap	1404.0
	-0.14849650470931586	Kocak	bootstrap	1405.0
	0.24297674007243497	Kocak	bootstrap	1406.0
	0.3118304286558553	Kocak	bootstrap	1407.0
	0.06042984257927042	Kocak	bootstrap	1408.0
	0.1496391275601372	Kocak	bootstrap	1409.0
	-0.1409549143594786	Kocak	bootstrap	1410.0
	0.1497301149735355	Kocak	bootstrap	1411.0
	-0.20211228769709333	Kocak	bootstrap	1412.0
	0.029534832195598604	Kocak	bootstrap	1413.0
	0.25391559843122824	Kocak	bootstrap	1414.0
	0.2717697664643275	Kocak	bootstrap	1415.0
	0.28813641736414475	Kocak	bootstrap	1416.0
	0.20871115623149628	Kocak	bootstrap	1417.0
	-0.03579021567845331	Kocak	bootstrap	1418.0
	-0.11011041503003849	Kocak	bootstrap	1419.0
	0.042607371300835695	Kocak	bootstrap	1420.0
	0.23105745652775767	Kocak	bootstrap	1421.0
	0.0075147343254569066	Kocak	bootstrap	1422.0
	-0.09117508313552403	Kocak	bootstrap	1423.0
	-0.03235029072820339	Kocak	bootstrap	1424.0
	0.1463241090736478	Kocak	bootstrap	1425.0
	0.22405811180541502	Kocak	bootstrap	1426.0
	0.06125418961498408	Kocak	bootstrap	1427.0
	0.07295312785317254	Kocak	bootstrap	1428.0
	0.06084824014927026	Kocak	bootstrap	1429.0
	0.13901787484930495	Kocak	bootstrap	1430.0
	0.06124083881120157	Kocak	bootstrap	1431.0
	0.4038012914824458	Kocak	bootstrap	1432.0
	0.0523599645992503	Kocak	bootstrap	1433.0
	0.00197212400764446	Kocak	bootstrap	1434.0
	0.06321624091557698	Kocak	bootstrap	1435.0
	-0.03739531798819318	Kocak	bootstrap	1436.0
	-0.09587629700636757	Kocak	bootstrap	1437.0
	0.2531391254243225	Kocak	bootstrap	1438.0
	-0.12115131358689268	Kocak	bootstrap	1439.0
	0.44722239869860214	Kocak	bootstrap	1440.0
	0.17479535880911357	Kocak	bootstrap	1441.0
	-0.013065490324468243	Kocak	bootstrap	1442.0
	-0.12046059297356226	Kocak	bootstrap	1443.0
	-0.013324325996792119	Kocak	bootstrap	1444.0
	0.23841986105413948	Kocak	bootstrap	1445.0
	0.23118649019371773	Kocak	bootstrap	1446.0
	-0.1087589371609683	Kocak	bootstrap	1447.0
	0.1974129100821127	Kocak	bootstrap	1448.0
	0.028565731066310107	Kocak	bootstrap	1449.0
	-0.021255820230715372	Kocak	bootstrap	1450.0
	0.2987733397271617	Kocak	bootstrap	1451.0
	0.1872597378918206	Kocak	bootstrap	1452.0
	0.3795431878510245	Kocak	bootstrap	1453.0
	0.03313611809137207	Kocak	bootstrap	1454.0
	-0.06724083355635369	Kocak	bootstrap	1455.0
	0.1993517183265574	Kocak	bootstrap	1456.0
	0.07840942959482877	Kocak	bootstrap	1457.0
	-0.018175049984053615	Kocak	bootstrap	1458.0
	0.04468770613891948	Kocak	bootstrap	1459.0
	0.15795685455859942	Kocak	bootstrap	1460.0
	0.2019558500098375	Kocak	bootstrap	1461.0
	0.25823818669148313	Kocak	bootstrap	1462.0
	-0.030048314509746987	Kocak	bootstrap	1463.0
	0.08645928526167435	Kocak	bootstrap	1464.0
	0.13099074966471935	Kocak	bootstrap	1465.0
	0.2046606865788485	Kocak	bootstrap	1466.0
	0.09373456727822393	Kocak	bootstrap	1467.0
	0.07869940633297379	Kocak	bootstrap	1468.0
	-0.1435616390135923	Kocak	bootstrap	1469.0
	0.12358417912008779	Kocak	bootstrap	1470.0
	-0.0635819069391248	Kocak	bootstrap	1471.0
	0.13123746057654717	Kocak	bootstrap	1472.0
	0.04969047695148188	Kocak	bootstrap	1473.0
	0.12868362039454873	Kocak	bootstrap	1474.0
	0.10126006623238393	Kocak	bootstrap	1475.0
	-0.21099284809471808	Kocak	bootstrap	1476.0
	0.09967097725308349	Kocak	bootstrap	1477.0
	-0.011628949175944925	Kocak	bootstrap	1478.0
	-0.06147081257639897	Kocak	bootstrap	1479.0
	0.03431260209892173	Kocak	bootstrap	1480.0
	-0.14975629285239123	Kocak	bootstrap	1481.0
	-0.02073845311415301	Kocak	bootstrap	1482.0
	-0.004033148118002927	Kocak	bootstrap	1483.0
	0.18469044172352067	Kocak	bootstrap	1484.0
	0.31297133716647263	Kocak	bootstrap	1485.0
	0.02939474370723172	Kocak	bootstrap	1486.0
	0.09223285433726947	Kocak	bootstrap	1487.0
	0.10064518574335235	Kocak	bootstrap	1488.0
	-0.019118658057854176	Kocak	bootstrap	1489.0
	0.07358041646436586	Kocak	bootstrap	1490.0
	0.0378076160999008	Kocak	bootstrap	1491.0
	0.2195779904186903	Kocak	bootstrap	1492.0
	0.04380984907285157	Kocak	bootstrap	1493.0
	0.26557310314512694	Kocak	bootstrap	1494.0
	-0.08343583809352229	Kocak	bootstrap	1495.0
	-0.036794139967531336	Kocak	bootstrap	1496.0
	0.18028048764721039	Kocak	bootstrap	1497.0
	0.033969798243394855	Kocak	bootstrap	1498.0
	-0.01043414306825774	Kocak	bootstrap	1499.0
	0.17158807785334584	Kocak	bootstrap	1500.0
	-0.1638407894677032	Kocak	bootstrap	1501.0
	-0.06363529326871298	Kocak	bootstrap	1502.0
	0.12086939096723626	Kocak	bootstrap	1503.0
	0.08572577563776651	Kocak	bootstrap	1504.0
	0.243459380920946	Kocak	bootstrap	1505.0
	0.1243988307218693	Kocak	bootstrap	1506.0
	-0.050479987273638116	Kocak	bootstrap	1507.0
	0.08334531476655638	Kocak	bootstrap	1508.0
	-0.026889792728481687	Kocak	bootstrap	1509.0
	-0.15975724917531942	Kocak	bootstrap	1510.0
	0.1226849769431757	Kocak	bootstrap	1511.0
	0.1211312517383325	Kocak	bootstrap	1512.0
	0.14350591105290622	Kocak	bootstrap	1513.0
	0.0523624704744039	Kocak	bootstrap	1514.0
	-0.11295455341594796	Kocak	bootstrap	1515.0
	0.03447820054375583	Kocak	bootstrap	1516.0
	0.46140865391098806	Kocak	bootstrap	1517.0
	-0.1497407247991669	Kocak	bootstrap	1518.0
	0.172673032088678	Kocak	bootstrap	1519.0
	-0.12623663938759755	Kocak	bootstrap	1520.0
	0.01473779693457189	Kocak	bootstrap	1521.0
	0.06618724225846684	Kocak	bootstrap	1522.0
	0.030289396892395182	Kocak	bootstrap	1523.0
	0.11254807132601297	Kocak	bootstrap	1524.0
	0.009928619168397823	Kocak	bootstrap	1525.0
	-0.0717276112519123	Kocak	bootstrap	1526.0
	0.17770148905844163	Kocak	bootstrap	1527.0
	0.19527322885754828	Kocak	bootstrap	1528.0
	0.129791999561939	Kocak	bootstrap	1529.0
	0.20472899398413524	Kocak	bootstrap	1530.0
	-0.12133525819423507	Kocak	bootstrap	1531.0
	0.045781140395316555	Kocak	bootstrap	1532.0
	0.1357561758639223	Kocak	bootstrap	1533.0
	0.18433014193303876	Kocak	bootstrap	1534.0
	0.10867862576135678	Kocak	bootstrap	1535.0
	0.1360315000364789	Kocak	bootstrap	1536.0
	0.0698898628378819	Kocak	bootstrap	1537.0
	0.10477652994509157	Kocak	bootstrap	1538.0
	0.39208018202637707	Kocak	bootstrap	1539.0
	0.13567610272200614	Kocak	bootstrap	1540.0
	0.1442319078217711	Kocak	bootstrap	1541.0
	0.37243617616882396	Kocak	bootstrap	1542.0
	-0.09411616927151645	Kocak	bootstrap	1543.0
	0.09268307051411195	Kocak	bootstrap	1544.0
	0.1889194618925396	Kocak	bootstrap	1545.0
	0.0815662960558301	Kocak	bootstrap	1546.0
	-0.14322611609145675	Kocak	bootstrap	1547.0
	-0.08815391428785091	Kocak	bootstrap	1548.0
	-0.13665270942635743	Kocak	bootstrap	1549.0
	0.011689406351774068	Kocak	bootstrap	1550.0
	0.3288848345117623	Kocak	bootstrap	1551.0
	-0.08883617671906752	Kocak	bootstrap	1552.0
	0.4471270859416716	Kocak	bootstrap	1553.0
	0.13730213480266507	Kocak	bootstrap	1554.0
	-0.16649395167647718	Kocak	bootstrap	1555.0
	-0.1230352029273929	Kocak	bootstrap	1556.0
	0.1919355690988791	Kocak	bootstrap	1557.0
	-0.11107616562389211	Kocak	bootstrap	1558.0
	0.04070151462088756	Kocak	bootstrap	1559.0
	-0.029188502295073526	Kocak	bootstrap	1560.0
	0.25373500406807725	Kocak	bootstrap	1561.0
	-0.16690193774926154	Kocak	bootstrap	1562.0
	0.0768752296434787	Kocak	bootstrap	1563.0
	0.25448205633866827	Kocak	bootstrap	1564.0
	0.05193260279319922	Kocak	bootstrap	1565.0
	-0.0351345839432069	Kocak	bootstrap	1566.0
	0.21835034141211107	Kocak	bootstrap	1567.0
	-0.1507808900613421	Kocak	bootstrap	1568.0
	-0.18169774314024334	Kocak	bootstrap	1569.0
	0.12967900803914656	Kocak	bootstrap	1570.0
	0.10931080160555062	Kocak	bootstrap	1571.0
	0.14034352935165195	Kocak	bootstrap	1572.0
	-0.09011657589825983	Kocak	bootstrap	1573.0
	-0.06257578988141077	Kocak	bootstrap	1574.0
	0.07431268102295174	Kocak	bootstrap	1575.0
	0.028177359435348492	Kocak	bootstrap	1576.0
	-0.1080773816240308	Kocak	bootstrap	1577.0
	-0.21156767449478142	Kocak	bootstrap	1578.0
	0.0460482587336406	Kocak	bootstrap	1579.0
	0.05009527897189603	Kocak	bootstrap	1580.0
	-0.05787001259418467	Kocak	bootstrap	1581.0
	0.2615775309427528	Kocak	bootstrap	1582.0
	0.10260206558131557	Kocak	bootstrap	1583.0
	-0.05000586845281507	Kocak	bootstrap	1584.0
	-0.03965650170743107	Kocak	bootstrap	1585.0
	0.120113978683273	Kocak	bootstrap	1586.0
	0.031444428471985475	Kocak	bootstrap	1587.0
	0.09382589596067614	Kocak	bootstrap	1588.0
	0.09580963754323513	Kocak	bootstrap	1589.0
	0.2870096139882632	Kocak	bootstrap	1590.0
	0.03958094607839069	Kocak	bootstrap	1591.0
	-0.01608821021852158	Kocak	bootstrap	1592.0
	-0.11637967067955746	Kocak	bootstrap	1593.0
	0.24637318768707672	Kocak	bootstrap	1594.0
	-0.10909120092719693	Kocak	bootstrap	1595.0
	0.095012420948418	Kocak	bootstrap	1596.0
	-0.026997698899744904	Kocak	bootstrap	1597.0
	0.3094407319567001	Kocak	bootstrap	1598.0
	0.054621349828630095	Kocak	bootstrap	1599.0
	0.13015172470998415	Kocak	bootstrap	1600.0
	-0.12029934801872777	Kocak	bootstrap	1601.0
	0.06665473108287667	Kocak	bootstrap	1602.0
	0.12711522078828352	Kocak	bootstrap	1603.0
	-0.12870278041272254	Kocak	bootstrap	1604.0
	-0.2173942680597456	Kocak	bootstrap	1605.0
	0.1026640039322233	Kocak	bootstrap	1606.0
	0.10645484818084672	Kocak	bootstrap	1607.0
	0.08876114329961027	Kocak	bootstrap	1608.0
	0.20246126130976272	Kocak	bootstrap	1609.0
	0.17128889725904362	Kocak	bootstrap	1610.0
	0.2419718114428191	Kocak	bootstrap	1611.0
	-0.002708867068402121	Kocak	bootstrap	1612.0
	0.3896056236508567	Kocak	bootstrap	1613.0
	0.07733220344083414	Kocak	bootstrap	1614.0
	0.07884891176162068	Kocak	bootstrap	1615.0
	0.13379730643731413	Kocak	bootstrap	1616.0
	-0.15302818188448875	Kocak	bootstrap	1617.0
	0.2454723169247215	Kocak	bootstrap	1618.0
	-0.05533193514987467	Kocak	bootstrap	1619.0
	0.16318422483369943	Kocak	bootstrap	1620.0
	0.13271397564287923	Kocak	bootstrap	1621.0
	0.12109130702931203	Kocak	bootstrap	1622.0
	0.19717456822623447	Kocak	bootstrap	1623.0
	0.19889249801783748	Kocak	bootstrap	1624.0
	-0.13232127488828382	Kocak	bootstrap	1625.0
	0.21435965548158542	Kocak	bootstrap	1626.0
	-0.14294409012587384	Kocak	bootstrap	1627.0
	-0.09171416627474915	Kocak	bootstrap	1628.0
	0.16245106699315315	Kocak	bootstrap	1629.0
	0.2049960613243158	Kocak	bootstrap	1630.0
	0.09894960871403669	Kocak	bootstrap	1631.0
	-0.022488884142060073	Kocak	bootstrap	1632.0
	-0.05464375116963449	Kocak	bootstrap	1633.0
	0.3344749983719364	Kocak	bootstrap	1634.0
	0.03434881441030857	Kocak	bootstrap	1635.0
	0.07673970484502579	Kocak	bootstrap	1636.0
	-0.06589572632073093	Kocak	bootstrap	1637.0
	0.12044994305591228	Kocak	bootstrap	1638.0
	-0.08782313647492312	Kocak	bootstrap	1639.0
	0.15293251475850056	Kocak	bootstrap	1640.0
	0.18881364054618466	Kocak	bootstrap	1641.0
	-0.04202831080679381	Kocak	bootstrap	1642.0
	0.11903102821176681	Kocak	bootstrap	1643.0
	0.004633227088176817	Kocak	bootstrap	1644.0
	0.016151189069652183	Kocak	bootstrap	1645.0
	0.1266889058901537	Kocak	bootstrap	1646.0
	-0.0053075754735036895	Kocak	bootstrap	1647.0
	-0.01535818354831786	Kocak	bootstrap	1648.0
	0.3114112450608264	Kocak	bootstrap	1649.0
	0.018634661254783857	Kocak	bootstrap	1650.0
	-0.03148105673801194	Kocak	bootstrap	1651.0
	0.006774906790871782	Kocak	bootstrap	1652.0
	-0.23473140317448227	Kocak	bootstrap	1653.0
	0.10743381536144714	Kocak	bootstrap	1654.0
	0.23060399155988787	Kocak	bootstrap	1655.0
	0.07827302619465915	Kocak	bootstrap	1656.0
	0.1809345122966164	Kocak	bootstrap	1657.0
	0.29024355057718676	Kocak	bootstrap	1658.0
	0.08216249455350422	Kocak	bootstrap	1659.0
	-0.14762301734512295	Kocak	bootstrap	1660.0
	-0.19067764797303877	Kocak	bootstrap	1661.0
	0.011943241881819056	Kocak	bootstrap	1662.0
	0.05503838466565103	Kocak	bootstrap	1663.0
	0.06773300792257686	Kocak	bootstrap	1664.0
	0.05471872622674656	Kocak	bootstrap	1665.0
	0.03473907177086666	Kocak	bootstrap	1666.0
	-0.021838243266530277	Kocak	bootstrap	1667.0
	0.19420947421400658	Kocak	bootstrap	1668.0
	0.08099800192527518	Kocak	bootstrap	1669.0
	-0.1130105610051011	Kocak	bootstrap	1670.0
	-0.11334239371610622	Kocak	bootstrap	1671.0
	0.07525093765245572	Kocak	bootstrap	1672.0
	-0.006387380305399759	Kocak	bootstrap	1673.0
	0.17364115613435338	Kocak	bootstrap	1674.0
	0.04087656094646963	Kocak	bootstrap	1675.0
	-0.011007729877340111	Kocak	bootstrap	1676.0
	0.41980246188398596	Kocak	bootstrap	1677.0
	0.1473038284201813	Kocak	bootstrap	1678.0
	0.057422830804640945	Kocak	bootstrap	1679.0
	-0.02252002342723536	Kocak	bootstrap	1680.0
	0.020730523199010698	Kocak	bootstrap	1681.0
	0.0022055827831533037	Kocak	bootstrap	1682.0
	-0.07395584062143534	Kocak	bootstrap	1683.0
	-0.12082777748146789	Kocak	bootstrap	1684.0
	0.05976114594544768	Kocak	bootstrap	1685.0
	0.07616186713380113	Kocak	bootstrap	1686.0
	0.24921355668375078	Kocak	bootstrap	1687.0
	0.2855947961033509	Kocak	bootstrap	1688.0
	0.19268157622798032	Kocak	bootstrap	1689.0
	-0.09934359238440038	Kocak	bootstrap	1690.0
	0.15811920920662814	Kocak	bootstrap	1691.0
	0.1260692592958783	Kocak	bootstrap	1692.0
	-0.1860233347471878	Kocak	bootstrap	1693.0
	-0.0760860367119296	Kocak	bootstrap	1694.0
	0.26571076361444046	Kocak	bootstrap	1695.0
	0.08983049393358566	Kocak	bootstrap	1696.0
	-0.16268233769475415	Kocak	bootstrap	1697.0
	0.01957133126604571	Kocak	bootstrap	1698.0
	-0.0735609206925405	Kocak	bootstrap	1699.0
	-0.13573884417544413	Kocak	bootstrap	1700.0
	0.17390104561538688	Kocak	bootstrap	1701.0
	0.02529833699467421	Kocak	bootstrap	1702.0
	0.029539535246696502	Kocak	bootstrap	1703.0
	0.07785242121256974	Kocak	bootstrap	1704.0
	0.005930385354803391	Kocak	bootstrap	1705.0
	-0.0857885877171718	Kocak	bootstrap	1706.0
	0.24177129334861558	Kocak	bootstrap	1707.0
	0.1898381906073574	Kocak	bootstrap	1708.0
	0.07670779569342834	Kocak	bootstrap	1709.0
	0.08796241594475163	Kocak	bootstrap	1710.0
	-0.08864048493766585	Kocak	bootstrap	1711.0
	0.03356965766037767	Kocak	bootstrap	1712.0
	0.4775336312565033	Kocak	bootstrap	1713.0
	-0.1294898772018529	Kocak	bootstrap	1714.0
	0.28444452995038105	Kocak	bootstrap	1715.0
	0.036551380068819306	Kocak	bootstrap	1716.0
	-0.13043820201181777	Kocak	bootstrap	1717.0
	0.05493236367621801	Kocak	bootstrap	1718.0
	-0.04193723734571275	Kocak	bootstrap	1719.0
	-0.16972318740618952	Kocak	bootstrap	1720.0
	0.2372123316976218	Kocak	bootstrap	1721.0
	-0.08121891886216392	Kocak	bootstrap	1722.0
	-0.006542211519464658	Kocak	bootstrap	1723.0
	0.12338290505582528	Kocak	bootstrap	1724.0
	-0.0312814661637697	Kocak	bootstrap	1725.0
	-0.0073027174880699874	Kocak	bootstrap	1726.0
	0.2667376949047693	Kocak	bootstrap	1727.0
	0.12582791036093788	Kocak	bootstrap	1728.0
	0.07824749183765434	Kocak	bootstrap	1729.0
	0.12388491103964672	Kocak	bootstrap	1730.0
	-0.017071513240545677	Kocak	bootstrap	1731.0
	-0.089885365639363	Kocak	bootstrap	1732.0
	0.35108520191710024	Kocak	bootstrap	1733.0
	0.21727980154873805	Kocak	bootstrap	1734.0
	-0.012057385131181597	Kocak	bootstrap	1735.0
	0.014392462897143687	Kocak	bootstrap	1736.0
	0.06321717053857423	Kocak	bootstrap	1737.0
	0.14304500986794544	Kocak	bootstrap	1738.0
	0.2521028020686522	Kocak	bootstrap	1739.0
	0.19528095720089844	Kocak	bootstrap	1740.0
	0.29381660976964863	Kocak	bootstrap	1741.0
	-0.032729624545782876	Kocak	bootstrap	1742.0
	0.17430731040509428	Kocak	bootstrap	1743.0
	-0.05828019482886404	Kocak	bootstrap	1744.0
	0.05392919957295561	Kocak	bootstrap	1745.0
	0.07608978156005275	Kocak	bootstrap	1746.0
	-0.03803932654034892	Kocak	bootstrap	1747.0
	0.08178124470900894	Kocak	bootstrap	1748.0
	0.09183265841885646	Kocak	bootstrap	1749.0
	0.11631997580941622	Kocak	bootstrap	1750.0
	0.045010035766615886	Kocak	bootstrap	1751.0
	0.01159621518754328	Kocak	bootstrap	1752.0
	-0.1364823947886915	Kocak	bootstrap	1753.0
	0.4673648058163016	Kocak	bootstrap	1754.0
	0.13244286818972117	Kocak	bootstrap	1755.0
	0.25422959069574613	Kocak	bootstrap	1756.0
	0.06421757221639801	Kocak	bootstrap	1757.0
	0.1342014523775621	Kocak	bootstrap	1758.0
	0.2997834822314518	Kocak	bootstrap	1759.0
	0.08261455228337411	Kocak	bootstrap	1760.0
	0.06750226180940633	Kocak	bootstrap	1761.0
	-0.016712223368827495	Kocak	bootstrap	1762.0
	0.08762348802210607	Kocak	bootstrap	1763.0
	-0.35079360921227387	Kocak	bootstrap	1764.0
	-0.05249751889544463	Kocak	bootstrap	1765.0
	0.2326936934403978	Kocak	bootstrap	1766.0
	0.09931133484799481	Kocak	bootstrap	1767.0
	0.3532213721298021	Kocak	bootstrap	1768.0
	0.09084409289517303	Kocak	bootstrap	1769.0
	-0.3636041779379626	Kocak	bootstrap	1770.0
	-0.041306007379642296	Kocak	bootstrap	1771.0
	0.26354638725060564	Kocak	bootstrap	1772.0
	0.08887879099600582	Kocak	bootstrap	1773.0
	0.17432157729380204	Kocak	bootstrap	1774.0
	0.05232896781538532	Kocak	bootstrap	1775.0
	0.07317514002517544	Kocak	bootstrap	1776.0
	-0.09640688932204178	Kocak	bootstrap	1777.0
	0.03419190074098566	Kocak	bootstrap	1778.0
	0.15471887647916915	Kocak	bootstrap	1779.0
	0.13664944902702292	Kocak	bootstrap	1780.0
	0.011984792949468748	Kocak	bootstrap	1781.0
	0.19562527987822342	Kocak	bootstrap	1782.0
	0.3174851689615057	Kocak	bootstrap	1783.0
	0.008586017545531455	Kocak	bootstrap	1784.0
	-0.21637445764655894	Kocak	bootstrap	1785.0
	-0.061499810148849754	Kocak	bootstrap	1786.0
	-0.09458251962049946	Kocak	bootstrap	1787.0
	-0.10804453368025424	Kocak	bootstrap	1788.0
	0.06077770786937897	Kocak	bootstrap	1789.0
	-0.07338734328714214	Kocak	bootstrap	1790.0
	-0.14071230231664522	Kocak	bootstrap	1791.0
	-0.24646259749993948	Kocak	bootstrap	1792.0
	0.02980449255908546	Kocak	bootstrap	1793.0
	0.29619689088040513	Kocak	bootstrap	1794.0
	0.2148714089241892	Kocak	bootstrap	1795.0
	-0.13755918806338308	Kocak	bootstrap	1796.0
	-0.09148469436373574	Kocak	bootstrap	1797.0
	0.1931706429242226	Kocak	bootstrap	1798.0
	-0.059184587272268274	Kocak	bootstrap	1799.0
	-0.0352320723198245	Kocak	bootstrap	1800.0
	0.23442740595628564	Kocak	bootstrap	1801.0
	0.03962125834751262	Kocak	bootstrap	1802.0
	0.20176252315816523	Kocak	bootstrap	1803.0
	0.08505539303295873	Kocak	bootstrap	1804.0
	0.3165339449360447	Kocak	bootstrap	1805.0
	-0.09669103278673674	Kocak	bootstrap	1806.0
	-0.06420499458105589	Kocak	bootstrap	1807.0
	0.005576362293497006	Kocak	bootstrap	1808.0
	-0.047406558880148886	Kocak	bootstrap	1809.0
	0.07401119170242865	Kocak	bootstrap	1810.0
	0.14840201194571634	Kocak	bootstrap	1811.0
	0.11953120169205	Kocak	bootstrap	1812.0
	0.05089893503507614	Kocak	bootstrap	1813.0
	0.32812708940698876	Kocak	bootstrap	1814.0
	0.18881551565579713	Kocak	bootstrap	1815.0
	0.19260979372935694	Kocak	bootstrap	1816.0
	-0.2078824846362055	Kocak	bootstrap	1817.0
	0.03465894042036233	Kocak	bootstrap	1818.0
	-0.2746705064819519	Kocak	bootstrap	1819.0
	-0.043572044015939504	Kocak	bootstrap	1820.0
	0.10625341598834304	Kocak	bootstrap	1821.0
	-0.1714010311830263	Kocak	bootstrap	1822.0
	0.24906913164285172	Kocak	bootstrap	1823.0
	0.19757636954925673	Kocak	bootstrap	1824.0
	0.00305052152430374	Kocak	bootstrap	1825.0
	0.1232160779852629	Kocak	bootstrap	1826.0
	0.16438792461299112	Kocak	bootstrap	1827.0
	-0.08780353164868249	Kocak	bootstrap	1828.0
	0.10775502227626621	Kocak	bootstrap	1829.0
	0.18161495500785474	Kocak	bootstrap	1830.0
	-0.19293321849849931	Kocak	bootstrap	1831.0
	-0.03401681102308274	Kocak	bootstrap	1832.0
	-0.027206773826680575	Kocak	bootstrap	1833.0
	0.2023152266231234	Kocak	bootstrap	1834.0
	0.19894839915204532	Kocak	bootstrap	1835.0
	0.10349946414790967	Kocak	bootstrap	1836.0
	0.16270643311072774	Kocak	bootstrap	1837.0
	0.014174886812662102	Kocak	bootstrap	1838.0
	-0.11934521503172846	Kocak	bootstrap	1839.0
	0.03940293571758602	Kocak	bootstrap	1840.0
	-0.11548497700890703	Kocak	bootstrap	1841.0
	0.179341698063336	Kocak	bootstrap	1842.0
	-0.10704514908023466	Kocak	bootstrap	1843.0
	-0.21792768430469422	Kocak	bootstrap	1844.0
	-0.044418441905380135	Kocak	bootstrap	1845.0
	-0.04327746372820762	Kocak	bootstrap	1846.0
	0.05656480890256699	Kocak	bootstrap	1847.0
	-0.15592648463697856	Kocak	bootstrap	1848.0
	0.06872311326928049	Kocak	bootstrap	1849.0
	0.22873238843274635	Kocak	bootstrap	1850.0
	0.27675904520926053	Kocak	bootstrap	1851.0
	0.22674879339881127	Kocak	bootstrap	1852.0
	0.34838575707896435	Kocak	bootstrap	1853.0
	-0.19090265257882422	Kocak	bootstrap	1854.0
	-0.16852451333560214	Kocak	bootstrap	1855.0
	-0.005552066604608719	Kocak	bootstrap	1856.0
	0.05524324161515359	Kocak	bootstrap	1857.0
	0.09913339923033693	Kocak	bootstrap	1858.0
	0.20590105838112915	Kocak	bootstrap	1859.0
	-0.015430923218842096	Kocak	bootstrap	1860.0
	0.31716380621725193	Kocak	bootstrap	1861.0
	0.017438684252947922	Kocak	bootstrap	1862.0
	0.012195102035015282	Kocak	bootstrap	1863.0
	0.007559011113505321	Kocak	bootstrap	1864.0
	-0.011909994737474783	Kocak	bootstrap	1865.0
	-0.1292492382258681	Kocak	bootstrap	1866.0
	0.2881922319632233	Kocak	bootstrap	1867.0
	0.19249766838812032	Kocak	bootstrap	1868.0
	-0.10662730217573824	Kocak	bootstrap	1869.0
	0.11519269498954632	Kocak	bootstrap	1870.0
	0.047620650968574374	Kocak	bootstrap	1871.0
	0.08904375442536061	Kocak	bootstrap	1872.0
	0.04643717106359713	Kocak	bootstrap	1873.0
	0.2349641494166157	Kocak	bootstrap	1874.0
	-0.02633524749715299	Kocak	bootstrap	1875.0
	0.1531126438831496	Kocak	bootstrap	1876.0
	0.06750174151640298	Kocak	bootstrap	1877.0
	-0.1835252301572412	Kocak	bootstrap	1878.0
	0.09912419738210776	Kocak	bootstrap	1879.0
	-0.15517430865951898	Kocak	bootstrap	1880.0
	0.05926562353926723	Kocak	bootstrap	1881.0
	-0.18921188564760172	Kocak	bootstrap	1882.0
	0.09212317801519987	Kocak	bootstrap	1883.0
	0.13906185263301118	Kocak	bootstrap	1884.0
	-0.02315255656076065	Kocak	bootstrap	1885.0
	0.08642817826134142	Kocak	bootstrap	1886.0
	-0.08817182549576863	Kocak	bootstrap	1887.0
	0.09175824254298703	Kocak	bootstrap	1888.0
	-0.02901401183562946	Kocak	bootstrap	1889.0
	0.31266360426570206	Kocak	bootstrap	1890.0
	0.08138645747192985	Kocak	bootstrap	1891.0
	0.34558976406853414	Kocak	bootstrap	1892.0
	0.20648680663943697	Kocak	bootstrap	1893.0
	-0.23196719444145053	Kocak	bootstrap	1894.0
	0.37563434820669706	Kocak	bootstrap	1895.0
	-0.13362779311574613	Kocak	bootstrap	1896.0
	-0.04867839223921866	Kocak	bootstrap	1897.0
	0.29231221322819056	Kocak	bootstrap	1898.0
	-0.12948243700505202	Kocak	bootstrap	1899.0
	-0.079480636537415	Kocak	bootstrap	1900.0
	0.02188312111540025	Kocak	bootstrap	1901.0
	0.0788177630100888	Kocak	bootstrap	1902.0
	0.22065841536660624	Kocak	bootstrap	1903.0
	0.19383675272684542	Kocak	bootstrap	1904.0
	-0.14967469195679417	Kocak	bootstrap	1905.0
	-0.07249784587360963	Kocak	bootstrap	1906.0
	0.0701821023623097	Kocak	bootstrap	1907.0
	0.17345499498523598	Kocak	bootstrap	1908.0
	0.20727705797204088	Kocak	bootstrap	1909.0
	0.06463639899986262	Kocak	bootstrap	1910.0
	0.06369286847876143	Kocak	bootstrap	1911.0
	0.21088218079816112	Kocak	bootstrap	1912.0
	0.10504954152945878	Kocak	bootstrap	1913.0
	-0.017703990815365778	Kocak	bootstrap	1914.0
	0.08208176056281857	Kocak	bootstrap	1915.0
	0.09486866422659546	Kocak	bootstrap	1916.0
	0.16062763704013605	Kocak	bootstrap	1917.0
	0.4669211434634519	Kocak	bootstrap	1918.0
	-0.06736899179612443	Kocak	bootstrap	1919.0
	0.1559453456733415	Kocak	bootstrap	1920.0
	-0.02064306159779683	Kocak	bootstrap	1921.0
	0.07344195573901402	Kocak	bootstrap	1922.0
	0.05314890554293772	Kocak	bootstrap	1923.0
	-0.04799384458241285	Kocak	bootstrap	1924.0
	0.1491282462692629	Kocak	bootstrap	1925.0
	-0.16087358989675593	Kocak	bootstrap	1926.0
	-0.043109629059593146	Kocak	bootstrap	1927.0
	0.09135947488202589	Kocak	bootstrap	1928.0
	0.1497163666476018	Kocak	bootstrap	1929.0
	-0.14068285018619697	Kocak	bootstrap	1930.0
	0.07966370300630299	Kocak	bootstrap	1931.0
	0.08235336012408379	Kocak	bootstrap	1932.0
	0.3445615184213686	Kocak	bootstrap	1933.0
	0.46984093308838215	Kocak	bootstrap	1934.0
	0.09917819785091808	Kocak	bootstrap	1935.0
	-0.1991636366876035	Kocak	bootstrap	1936.0
	0.08069318090245492	Kocak	bootstrap	1937.0
	0.2029975032401934	Kocak	bootstrap	1938.0
	0.32166140239223395	Kocak	bootstrap	1939.0
	0.03890784146071624	Kocak	bootstrap	1940.0
	0.25522882418099524	Kocak	bootstrap	1941.0
	0.43547495973860784	Kocak	bootstrap	1942.0
	0.07303113707343645	Kocak	bootstrap	1943.0
	-0.08838424706150505	Kocak	bootstrap	1944.0
	-0.03633589237951629	Kocak	bootstrap	1945.0
	-0.17043350025336945	Kocak	bootstrap	1946.0
	-0.20520859275362113	Kocak	bootstrap	1947.0
	-0.011421121210121399	Kocak	bootstrap	1948.0
	-0.00832841562454778	Kocak	bootstrap	1949.0
	-0.167910842851982	Kocak	bootstrap	1950.0
	0.16723857354333838	Kocak	bootstrap	1951.0
	0.007733934649669649	Kocak	bootstrap	1952.0
	0.1777656284891913	Kocak	bootstrap	1953.0
	0.017951600198736983	Kocak	bootstrap	1954.0
	0.30037890667040124	Kocak	bootstrap	1955.0
	0.006677682001351215	Kocak	bootstrap	1956.0
	0.07215346634732267	Kocak	bootstrap	1957.0
	-0.08779703761569468	Kocak	bootstrap	1958.0
	0.049285617301365825	Kocak	bootstrap	1959.0
	0.06598209002430444	Kocak	bootstrap	1960.0
	0.2126757771425174	Kocak	bootstrap	1961.0
	0.0458008446727769	Kocak	bootstrap	1962.0
	0.19934560120461864	Kocak	bootstrap	1963.0
	-0.06215943328529505	Kocak	bootstrap	1964.0
	0.17230460112281865	Kocak	bootstrap	1965.0
	0.014824432740917715	Kocak	bootstrap	1966.0
	0.21599059087523997	Kocak	bootstrap	1967.0
	0.2562058541369492	Kocak	bootstrap	1968.0
	0.16854187558708844	Kocak	bootstrap	1969.0
	-0.18338334099095377	Kocak	bootstrap	1970.0
	0.08927806158461049	Kocak	bootstrap	1971.0
	0.21308579179653364	Kocak	bootstrap	1972.0
	-0.16742212368751552	Kocak	bootstrap	1973.0
	0.008860612377795896	Kocak	bootstrap	1974.0
	-0.027559495436120685	Kocak	bootstrap	1975.0
	0.3070342377096793	Kocak	bootstrap	1976.0
	0.03717158558379818	Kocak	bootstrap	1977.0
	-0.010941218909362505	Kocak	bootstrap	1978.0
	-0.11955911121599705	Kocak	bootstrap	1979.0
	-0.035519218291872434	Kocak	bootstrap	1980.0
	0.12682250895971592	Kocak	bootstrap	1981.0
	0.08743267763617979	Kocak	bootstrap	1982.0
	0.15274621853022463	Kocak	bootstrap	1983.0
	-0.06482880488763332	Kocak	bootstrap	1984.0
	0.11013689714221897	Kocak	bootstrap	1985.0
	-0.07496580988358392	Kocak	bootstrap	1986.0
	0.15088186904785683	Kocak	bootstrap	1987.0
	0.25606354909518814	Kocak	bootstrap	1988.0
	-0.029602296163315778	Kocak	bootstrap	1989.0
	0.1372899933525673	Kocak	bootstrap	1990.0
	0.22839217056321814	Kocak	bootstrap	1991.0
	0.1560903887086491	Kocak	bootstrap	1992.0
	0.15729556015097845	Kocak	bootstrap	1993.0
	0.0074272332116080975	Kocak	bootstrap	1994.0
	0.0814691788384776	Kocak	bootstrap	1995.0
	0.1496480963747464	Kocak	bootstrap	1996.0
	-0.002953705245722027	Kocak	bootstrap	1997.0
	0.23297881184423908	Kocak	bootstrap	1998.0
	0.024377724772706166	Kocak	bootstrap	1999.0
	-0.21302376021864244	Kocak	bootstrap	2000.0
