perm_id	delta_ccd_draw	database_name	draw_type	bootstrap_id
1.0	0.14385355819882673	SEQC	permutation	
2.0	-0.02170205122450941	SEQC	permutation	
3.0	0.10307491586990825	SEQC	permutation	
4.0	-0.04786471677470594	SEQC	permutation	
5.0	-0.08959079481767329	SEQC	permutation	
6.0	-0.08057555313299947	SEQC	permutation	
7.0	0.098542221712008	SEQC	permutation	
8.0	0.16901613975293994	SEQC	permutation	
9.0	0.009536832836748665	SEQC	permutation	
10.0	0.27149472525298357	SEQC	permutation	
11.0	-0.043717581025667585	SEQC	permutation	
12.0	-0.062272131018216825	SEQC	permutation	
13.0	-0.08363767129636468	SEQC	permutation	
14.0	0.023659964008373002	SEQC	permutation	
15.0	0.1143045278909991	SEQC	permutation	
16.0	0.03648177325466673	SEQC	permutation	
17.0	0.04447039908829353	SEQC	permutation	
18.0	-0.13268714616810673	SEQC	permutation	
19.0	-0.1654738439278276	SEQC	permutation	
20.0	-0.053799346855070596	SEQC	permutation	
21.0	0.012122483137432027	SEQC	permutation	
22.0	0.11691650620111904	SEQC	permutation	
23.0	-0.03386304798713269	SEQC	permutation	
24.0	-0.02082223850391962	SEQC	permutation	
25.0	0.19328047674908522	SEQC	permutation	
26.0	-0.10393118176056859	SEQC	permutation	
27.0	-0.046257954343544405	SEQC	permutation	
28.0	-0.026930298874113134	SEQC	permutation	
29.0	-0.07945113308972296	SEQC	permutation	
30.0	-0.10852608135894837	SEQC	permutation	
31.0	0.19897839623792013	SEQC	permutation	
32.0	0.17622704301162528	SEQC	permutation	
33.0	-0.12259061281905836	SEQC	permutation	
34.0	-0.12481351607532254	SEQC	permutation	
35.0	0.12489792499909136	SEQC	permutation	
36.0	-0.1122771354787977	SEQC	permutation	
37.0	0.04602093944466201	SEQC	permutation	
38.0	0.0915548220337925	SEQC	permutation	
39.0	0.08020771591612164	SEQC	permutation	
40.0	0.20007632071070258	SEQC	permutation	
41.0	0.20173331323795018	SEQC	permutation	
42.0	0.06453378707916002	SEQC	permutation	
43.0	-0.19291739357319315	SEQC	permutation	
44.0	-0.1015157817879615	SEQC	permutation	
45.0	0.0953957306080504	SEQC	permutation	
46.0	0.18967520224608148	SEQC	permutation	
47.0	0.012581610964756962	SEQC	permutation	
48.0	-0.1286699381935268	SEQC	permutation	
49.0	-0.28291581751094963	SEQC	permutation	
50.0	-0.1310169136774899	SEQC	permutation	
51.0	0.013451264495963677	SEQC	permutation	
52.0	0.042621709521090345	SEQC	permutation	
53.0	0.04510791255195379	SEQC	permutation	
54.0	0.040105456085613334	SEQC	permutation	
55.0	0.18341019929991909	SEQC	permutation	
56.0	0.16700391841505624	SEQC	permutation	
57.0	0.21506552326935502	SEQC	permutation	
58.0	0.14824477320285911	SEQC	permutation	
59.0	-0.07469654531258918	SEQC	permutation	
60.0	0.12986317987850526	SEQC	permutation	
61.0	0.08329055881335812	SEQC	permutation	
62.0	0.008478543919574477	SEQC	permutation	
63.0	0.09284985795127554	SEQC	permutation	
64.0	0.17551815444584218	SEQC	permutation	
65.0	0.21735701240186156	SEQC	permutation	
66.0	-0.03035685854126058	SEQC	permutation	
67.0	0.2102208206990106	SEQC	permutation	
68.0	0.10598712915305875	SEQC	permutation	
69.0	0.10718124894111014	SEQC	permutation	
70.0	-0.1522908116134145	SEQC	permutation	
71.0	0.06091330390750738	SEQC	permutation	
72.0	-0.08722323563574008	SEQC	permutation	
73.0	-0.1170026770863366	SEQC	permutation	
74.0	-0.059394654435730665	SEQC	permutation	
75.0	0.005337172964739345	SEQC	permutation	
76.0	0.2695813122239805	SEQC	permutation	
77.0	0.219659298032151	SEQC	permutation	
78.0	0.17494153837991	SEQC	permutation	
79.0	0.17265099632978487	SEQC	permutation	
80.0	-0.2750315706112634	SEQC	permutation	
81.0	-0.0692252791143817	SEQC	permutation	
82.0	-0.07716130272072519	SEQC	permutation	
83.0	0.20003701059977352	SEQC	permutation	
84.0	-0.08322593506967113	SEQC	permutation	
85.0	0.043498279117376804	SEQC	permutation	
86.0	0.40060205187296827	SEQC	permutation	
87.0	-0.09905142026076597	SEQC	permutation	
88.0	0.07978542122789278	SEQC	permutation	
89.0	0.07413772599469137	SEQC	permutation	
90.0	-0.0436470225826211	SEQC	permutation	
91.0	0.049196540049029736	SEQC	permutation	
92.0	0.11545422940877259	SEQC	permutation	
93.0	-0.06959825151365973	SEQC	permutation	
94.0	-0.020355344534600306	SEQC	permutation	
95.0	0.008700387101623797	SEQC	permutation	
96.0	-0.09278121714688403	SEQC	permutation	
97.0	0.1998727211756952	SEQC	permutation	
98.0	0.17364572252238109	SEQC	permutation	
99.0	0.3218436401247944	SEQC	permutation	
100.0	-0.038278789826086346	SEQC	permutation	
101.0	-0.026378906255075663	SEQC	permutation	
102.0	0.12118561683466744	SEQC	permutation	
103.0	-0.022918758464555822	SEQC	permutation	
104.0	-0.10919820844538553	SEQC	permutation	
105.0	-0.1402668852881792	SEQC	permutation	
106.0	0.026252264560874927	SEQC	permutation	
107.0	0.013015183607030245	SEQC	permutation	
108.0	0.01953720929767666	SEQC	permutation	
109.0	0.14574442076836203	SEQC	permutation	
110.0	0.10455765594279498	SEQC	permutation	
111.0	0.01131003336309444	SEQC	permutation	
112.0	0.02266867130017136	SEQC	permutation	
113.0	-0.05794902573958005	SEQC	permutation	
114.0	-0.006616460912764133	SEQC	permutation	
115.0	-0.016180095672782002	SEQC	permutation	
116.0	-0.049790997993158115	SEQC	permutation	
117.0	-0.058623928334033515	SEQC	permutation	
118.0	0.022439138215893273	SEQC	permutation	
119.0	0.010284845449135993	SEQC	permutation	
120.0	-0.23289758921116466	SEQC	permutation	
121.0	-0.07796706975907064	SEQC	permutation	
122.0	0.15318976212693425	SEQC	permutation	
123.0	0.00391639968500801	SEQC	permutation	
124.0	-0.07864165743557905	SEQC	permutation	
125.0	-0.16196666119127467	SEQC	permutation	
126.0	-0.0471236752768851	SEQC	permutation	
127.0	-0.13364774873213214	SEQC	permutation	
128.0	0.08984604254586781	SEQC	permutation	
129.0	-0.08131089153650084	SEQC	permutation	
130.0	-0.01534187917877361	SEQC	permutation	
131.0	-1.1795045367968271e-05	SEQC	permutation	
132.0	0.20044193824351542	SEQC	permutation	
133.0	-0.03787502414204447	SEQC	permutation	
134.0	-0.03619425163299361	SEQC	permutation	
135.0	0.09341612367528285	SEQC	permutation	
136.0	-0.13552889028819415	SEQC	permutation	
137.0	-0.212708924103147	SEQC	permutation	
138.0	-0.07577803454112875	SEQC	permutation	
139.0	-0.19896803308057986	SEQC	permutation	
140.0	0.1408779120418	SEQC	permutation	
141.0	0.002058050297384817	SEQC	permutation	
142.0	0.08501986453517141	SEQC	permutation	
143.0	0.15843677566908987	SEQC	permutation	
144.0	0.1643998592211542	SEQC	permutation	
145.0	-0.0738013270506288	SEQC	permutation	
146.0	-0.17487605412205642	SEQC	permutation	
147.0	0.025109653444117974	SEQC	permutation	
148.0	-0.2720833596191694	SEQC	permutation	
149.0	0.03901013817110588	SEQC	permutation	
150.0	0.05999564373084887	SEQC	permutation	
151.0	0.08193151404709287	SEQC	permutation	
152.0	0.20894392803605655	SEQC	permutation	
153.0	0.016848071333261494	SEQC	permutation	
154.0	0.08866657776862752	SEQC	permutation	
155.0	-0.05740795550703659	SEQC	permutation	
156.0	0.04789287514937879	SEQC	permutation	
157.0	-0.037971039876673274	SEQC	permutation	
158.0	0.06873244420109881	SEQC	permutation	
159.0	-0.02791563055450652	SEQC	permutation	
160.0	-0.276305491602737	SEQC	permutation	
161.0	-0.03576841301982636	SEQC	permutation	
162.0	0.1989442011571354	SEQC	permutation	
163.0	-0.07979789836026896	SEQC	permutation	
164.0	-0.04735758017813474	SEQC	permutation	
165.0	-0.12202725906566059	SEQC	permutation	
166.0	0.07097326912987434	SEQC	permutation	
167.0	-0.24852205980561148	SEQC	permutation	
168.0	-0.17400263519238646	SEQC	permutation	
169.0	0.2342474669415422	SEQC	permutation	
170.0	-0.08215212831014274	SEQC	permutation	
171.0	0.021174763756492965	SEQC	permutation	
172.0	-0.03834654640810431	SEQC	permutation	
173.0	-0.09501127899597517	SEQC	permutation	
174.0	-0.3081912654805432	SEQC	permutation	
175.0	-0.13014400115753944	SEQC	permutation	
176.0	0.11529418174404871	SEQC	permutation	
177.0	-0.12890033676064938	SEQC	permutation	
178.0	0.06719821243297996	SEQC	permutation	
179.0	-0.045706209610218984	SEQC	permutation	
180.0	0.09241282619960156	SEQC	permutation	
181.0	0.23439160683125593	SEQC	permutation	
182.0	0.044106887729798316	SEQC	permutation	
183.0	-0.13554010071086608	SEQC	permutation	
184.0	0.22308078884658844	SEQC	permutation	
185.0	-0.1258597584756025	SEQC	permutation	
186.0	0.05710553777082161	SEQC	permutation	
187.0	0.1013038105576669	SEQC	permutation	
188.0	0.1181279369523649	SEQC	permutation	
189.0	0.1833583405728234	SEQC	permutation	
190.0	0.003455408743178623	SEQC	permutation	
191.0	-0.1250753694726061	SEQC	permutation	
192.0	0.0657465018408443	SEQC	permutation	
193.0	-0.21758699347014332	SEQC	permutation	
194.0	-0.07541347668263843	SEQC	permutation	
195.0	0.09501286240647566	SEQC	permutation	
196.0	-0.15256051467835086	SEQC	permutation	
197.0	0.19053347082808525	SEQC	permutation	
198.0	-0.14947894378170545	SEQC	permutation	
199.0	0.003446070624415043	SEQC	permutation	
200.0	-0.15150711951416262	SEQC	permutation	
201.0	0.05106131583279616	SEQC	permutation	
202.0	0.20906792284139541	SEQC	permutation	
203.0	0.12912295661667095	SEQC	permutation	
204.0	0.04237888767457765	SEQC	permutation	
205.0	-0.04159262893057836	SEQC	permutation	
206.0	0.025976615820449744	SEQC	permutation	
207.0	-0.03887567612596765	SEQC	permutation	
208.0	0.04366963429604542	SEQC	permutation	
209.0	-0.05961218279998448	SEQC	permutation	
210.0	0.12276101175656962	SEQC	permutation	
211.0	0.06575349857606128	SEQC	permutation	
212.0	0.04428253276516081	SEQC	permutation	
213.0	0.023905085493792555	SEQC	permutation	
214.0	0.16457769239688602	SEQC	permutation	
215.0	-0.12950500566793544	SEQC	permutation	
216.0	-0.17028654980440994	SEQC	permutation	
217.0	0.04799133809509648	SEQC	permutation	
218.0	0.04895376208854696	SEQC	permutation	
219.0	0.02359585172824108	SEQC	permutation	
220.0	-0.09751105735937049	SEQC	permutation	
221.0	0.008241465363648004	SEQC	permutation	
222.0	-0.06132106400006343	SEQC	permutation	
223.0	0.1519002180379312	SEQC	permutation	
224.0	0.03733008295849061	SEQC	permutation	
225.0	0.14591245742676318	SEQC	permutation	
226.0	0.1779823477455773	SEQC	permutation	
227.0	-0.011908190830094867	SEQC	permutation	
228.0	0.00933376385763296	SEQC	permutation	
229.0	0.00810207873610036	SEQC	permutation	
230.0	0.05670880964652447	SEQC	permutation	
231.0	-0.06171664735017224	SEQC	permutation	
232.0	-0.28995229403455447	SEQC	permutation	
233.0	0.10119159652585008	SEQC	permutation	
234.0	-0.027402267859072182	SEQC	permutation	
235.0	-0.11667526757071123	SEQC	permutation	
236.0	-0.009337227241948298	SEQC	permutation	
237.0	-0.1713840620996887	SEQC	permutation	
238.0	-0.2022767951435993	SEQC	permutation	
239.0	-0.07314537139156663	SEQC	permutation	
240.0	0.2030056141908343	SEQC	permutation	
241.0	-0.0523394082512052	SEQC	permutation	
242.0	-0.16139721230259774	SEQC	permutation	
243.0	-0.14656684917424734	SEQC	permutation	
244.0	-0.005973138370659825	SEQC	permutation	
245.0	0.010003071163277255	SEQC	permutation	
246.0	0.06863870606947842	SEQC	permutation	
247.0	-0.0060003060634929994	SEQC	permutation	
248.0	0.22877620805065035	SEQC	permutation	
249.0	-0.024537118017936344	SEQC	permutation	
250.0	0.07230852696906886	SEQC	permutation	
251.0	0.005003650594802345	SEQC	permutation	
252.0	0.011616389262716353	SEQC	permutation	
253.0	-0.04815343073298184	SEQC	permutation	
254.0	-0.17329468208534315	SEQC	permutation	
255.0	0.16625105065609702	SEQC	permutation	
256.0	0.02340314141740496	SEQC	permutation	
257.0	0.09373913387790633	SEQC	permutation	
258.0	0.14795289167767134	SEQC	permutation	
259.0	0.030981610889324607	SEQC	permutation	
260.0	0.2447707138941455	SEQC	permutation	
261.0	-0.025304003793400476	SEQC	permutation	
262.0	-0.13386835928446317	SEQC	permutation	
263.0	-0.025331107434920064	SEQC	permutation	
264.0	0.05934467738063809	SEQC	permutation	
265.0	-0.02379578057776932	SEQC	permutation	
266.0	0.04592528830055809	SEQC	permutation	
267.0	-0.055524177080246595	SEQC	permutation	
268.0	0.10645714546290996	SEQC	permutation	
269.0	0.01636888383307422	SEQC	permutation	
270.0	-0.15565344623996946	SEQC	permutation	
271.0	0.06941113871697713	SEQC	permutation	
272.0	0.04699436583839134	SEQC	permutation	
273.0	0.08230413027521255	SEQC	permutation	
274.0	0.02699542574924685	SEQC	permutation	
275.0	-0.03436075614726963	SEQC	permutation	
276.0	0.20987517160938385	SEQC	permutation	
277.0	0.07372027372468004	SEQC	permutation	
278.0	-0.09101743921438832	SEQC	permutation	
279.0	-0.13547426712524224	SEQC	permutation	
280.0	-0.0818554320711824	SEQC	permutation	
281.0	0.0020748929936171834	SEQC	permutation	
282.0	-0.030953263607017334	SEQC	permutation	
283.0	0.06841701721615046	SEQC	permutation	
284.0	0.06746500512550568	SEQC	permutation	
285.0	-0.12022963617006521	SEQC	permutation	
286.0	0.2527003933497669	SEQC	permutation	
287.0	-0.1657520059938511	SEQC	permutation	
288.0	-0.10115831001547537	SEQC	permutation	
289.0	0.012888723466493168	SEQC	permutation	
290.0	-0.03230365454303641	SEQC	permutation	
291.0	0.09619587761301762	SEQC	permutation	
292.0	0.07974246253568396	SEQC	permutation	
293.0	-0.008461119889381585	SEQC	permutation	
294.0	0.07767423016820629	SEQC	permutation	
295.0	-0.020508249633680364	SEQC	permutation	
296.0	-0.018526906889488437	SEQC	permutation	
297.0	0.001007518175644151	SEQC	permutation	
298.0	0.0070761239892949135	SEQC	permutation	
299.0	0.00276451317682902	SEQC	permutation	
300.0	-0.0503343036106596	SEQC	permutation	
301.0	0.15582829903798245	SEQC	permutation	
302.0	-0.013798729752181771	SEQC	permutation	
303.0	0.00031368349846250254	SEQC	permutation	
304.0	0.10178577826186697	SEQC	permutation	
305.0	0.08085136265016146	SEQC	permutation	
306.0	-0.0839257750299014	SEQC	permutation	
307.0	-0.08853277164025197	SEQC	permutation	
308.0	-0.18859877940432845	SEQC	permutation	
309.0	0.0033587171543523198	SEQC	permutation	
310.0	0.2805764041750036	SEQC	permutation	
311.0	0.06796871097122548	SEQC	permutation	
312.0	-0.026659366883815316	SEQC	permutation	
313.0	0.0726642121465968	SEQC	permutation	
314.0	-0.03444661140216354	SEQC	permutation	
315.0	0.17277942360573562	SEQC	permutation	
316.0	0.19547067400202245	SEQC	permutation	
317.0	-0.060530478209422256	SEQC	permutation	
318.0	-0.05036383243615017	SEQC	permutation	
319.0	0.022007672439390724	SEQC	permutation	
320.0	0.06844325101330462	SEQC	permutation	
321.0	-0.1215437694103203	SEQC	permutation	
322.0	-0.08982662833506971	SEQC	permutation	
323.0	-0.004555013101061434	SEQC	permutation	
324.0	-0.2135106751341107	SEQC	permutation	
325.0	-0.04475490188322784	SEQC	permutation	
326.0	-0.006254171163502242	SEQC	permutation	
327.0	-0.09743479909908626	SEQC	permutation	
328.0	0.09969853152764596	SEQC	permutation	
329.0	0.1405934401038733	SEQC	permutation	
330.0	0.03922784026310744	SEQC	permutation	
331.0	-0.12362495644747185	SEQC	permutation	
332.0	0.03516868403875062	SEQC	permutation	
333.0	0.036621486417479865	SEQC	permutation	
334.0	-0.13793540113701752	SEQC	permutation	
335.0	0.159994628513763	SEQC	permutation	
336.0	-0.0869344011473947	SEQC	permutation	
337.0	-0.26603224423224336	SEQC	permutation	
338.0	0.14746538541807297	SEQC	permutation	
339.0	-0.2601934922566498	SEQC	permutation	
340.0	-0.09868920025906736	SEQC	permutation	
341.0	0.1879427592712437	SEQC	permutation	
342.0	-0.07867592816734792	SEQC	permutation	
343.0	0.0045674015399299606	SEQC	permutation	
344.0	-0.017029524066576762	SEQC	permutation	
345.0	-0.10248347303349625	SEQC	permutation	
346.0	-0.026590335360549666	SEQC	permutation	
347.0	-0.12733107371196173	SEQC	permutation	
348.0	0.08459364807060421	SEQC	permutation	
349.0	-0.1326459046717705	SEQC	permutation	
350.0	-0.12409717057350811	SEQC	permutation	
351.0	-0.07123101383841313	SEQC	permutation	
352.0	0.1734465885994636	SEQC	permutation	
353.0	0.061716618142098056	SEQC	permutation	
354.0	0.08490199140614596	SEQC	permutation	
355.0	-0.08766076247565291	SEQC	permutation	
356.0	0.0305995477390546	SEQC	permutation	
357.0	-0.01724546391012005	SEQC	permutation	
358.0	-0.0011565758497473766	SEQC	permutation	
359.0	-0.020073057143711992	SEQC	permutation	
360.0	-0.06982530780674878	SEQC	permutation	
361.0	-0.08079216477235107	SEQC	permutation	
362.0	-0.33340052009242793	SEQC	permutation	
363.0	-0.04606767116537558	SEQC	permutation	
364.0	0.09332664334947616	SEQC	permutation	
365.0	-0.009026597729544505	SEQC	permutation	
366.0	0.22929497658590137	SEQC	permutation	
367.0	0.11218179797712846	SEQC	permutation	
368.0	-0.012270703304007924	SEQC	permutation	
369.0	-0.12258597675305882	SEQC	permutation	
370.0	-0.036625515317615154	SEQC	permutation	
371.0	0.17318983314556569	SEQC	permutation	
372.0	-0.10536313826743982	SEQC	permutation	
373.0	-0.12178428772443439	SEQC	permutation	
374.0	-0.06832597204556201	SEQC	permutation	
375.0	0.2320574937956179	SEQC	permutation	
376.0	-0.043852357363909356	SEQC	permutation	
377.0	0.18277561773412643	SEQC	permutation	
378.0	0.115940651006043	SEQC	permutation	
379.0	0.051203007581415605	SEQC	permutation	
380.0	0.043450547067553025	SEQC	permutation	
381.0	-0.047784380783931546	SEQC	permutation	
382.0	-0.03768697408239774	SEQC	permutation	
383.0	0.053135163436094146	SEQC	permutation	
384.0	-0.13014205758017816	SEQC	permutation	
385.0	-0.11117983738794823	SEQC	permutation	
386.0	0.21276733936932501	SEQC	permutation	
387.0	0.2612322361685919	SEQC	permutation	
388.0	-0.09397522745348752	SEQC	permutation	
389.0	0.1644603408862828	SEQC	permutation	
390.0	0.043047933401382465	SEQC	permutation	
391.0	0.15718141185969436	SEQC	permutation	
392.0	0.19779442971239103	SEQC	permutation	
393.0	-0.1384645475646833	SEQC	permutation	
394.0	-0.09895156252092185	SEQC	permutation	
395.0	0.13154857108715845	SEQC	permutation	
396.0	-0.09368388710798659	SEQC	permutation	
397.0	0.10833117944728432	SEQC	permutation	
398.0	0.024880749997861606	SEQC	permutation	
399.0	-0.23504397440009495	SEQC	permutation	
400.0	0.0212710026039451	SEQC	permutation	
401.0	0.08047067361347704	SEQC	permutation	
402.0	-0.10103208651316375	SEQC	permutation	
403.0	-0.09193087941109823	SEQC	permutation	
404.0	-0.01763759735509307	SEQC	permutation	
405.0	0.01414611644060848	SEQC	permutation	
406.0	-0.01597158510036767	SEQC	permutation	
407.0	0.14612523516995157	SEQC	permutation	
408.0	-0.2081241897948738	SEQC	permutation	
409.0	0.08023221839091565	SEQC	permutation	
410.0	0.08762306112615725	SEQC	permutation	
411.0	0.11244191566434125	SEQC	permutation	
412.0	-0.018234405932467723	SEQC	permutation	
413.0	0.10194593201585178	SEQC	permutation	
414.0	0.03750735666893856	SEQC	permutation	
415.0	0.017666966040053467	SEQC	permutation	
416.0	0.06380171974828297	SEQC	permutation	
417.0	0.15145725425412504	SEQC	permutation	
418.0	0.24699177386594062	SEQC	permutation	
419.0	0.07179190257681789	SEQC	permutation	
420.0	-0.0405581013127998	SEQC	permutation	
421.0	-0.1242708119135747	SEQC	permutation	
422.0	-0.14657711427307962	SEQC	permutation	
423.0	0.012426806511076194	SEQC	permutation	
424.0	-0.16158224817447397	SEQC	permutation	
425.0	-0.09840000517844683	SEQC	permutation	
426.0	-0.06988572363563161	SEQC	permutation	
427.0	0.009829191298648787	SEQC	permutation	
428.0	-0.11787307329808172	SEQC	permutation	
429.0	0.4408081273653712	SEQC	permutation	
430.0	0.009904931623505142	SEQC	permutation	
431.0	-0.009348442780937383	SEQC	permutation	
432.0	0.08653890766898709	SEQC	permutation	
433.0	0.08377989914401152	SEQC	permutation	
434.0	0.03368219707047615	SEQC	permutation	
435.0	-0.05718307626165586	SEQC	permutation	
436.0	0.2161615590682473	SEQC	permutation	
437.0	-0.08447500096202898	SEQC	permutation	
438.0	0.16104037060538712	SEQC	permutation	
439.0	0.16114724311716966	SEQC	permutation	
440.0	-0.08009483098348369	SEQC	permutation	
441.0	-0.03141904818128349	SEQC	permutation	
442.0	-0.17195216682204517	SEQC	permutation	
443.0	-0.03687780769244231	SEQC	permutation	
444.0	0.08405775364789836	SEQC	permutation	
445.0	0.023887695566307876	SEQC	permutation	
446.0	-0.05462488472738691	SEQC	permutation	
447.0	-0.12640167624353982	SEQC	permutation	
448.0	0.007846718737928526	SEQC	permutation	
449.0	0.015680739162942103	SEQC	permutation	
450.0	0.0164550090697837	SEQC	permutation	
451.0	0.18099933980081584	SEQC	permutation	
452.0	-0.1783360067358073	SEQC	permutation	
453.0	-0.026032528370874886	SEQC	permutation	
454.0	0.03502592606234867	SEQC	permutation	
455.0	-0.07104508411954757	SEQC	permutation	
456.0	0.11292167333109582	SEQC	permutation	
457.0	-0.17105466409323178	SEQC	permutation	
458.0	0.06958932358370529	SEQC	permutation	
459.0	0.14616579021681897	SEQC	permutation	
460.0	0.2828512195886965	SEQC	permutation	
461.0	0.0011600483662945749	SEQC	permutation	
462.0	-0.050372443209375284	SEQC	permutation	
463.0	0.06063505072150477	SEQC	permutation	
464.0	-0.09813047775192452	SEQC	permutation	
465.0	0.09226385567983542	SEQC	permutation	
466.0	-0.09145469716126886	SEQC	permutation	
467.0	0.051805634365538644	SEQC	permutation	
468.0	-0.16469805894859757	SEQC	permutation	
469.0	0.12835467184977833	SEQC	permutation	
470.0	-0.13917881962260648	SEQC	permutation	
471.0	-0.05254198853522052	SEQC	permutation	
472.0	0.10571509635871834	SEQC	permutation	
473.0	0.0028320934856793656	SEQC	permutation	
474.0	0.04308268723875042	SEQC	permutation	
475.0	0.00805499713402913	SEQC	permutation	
476.0	-0.2274915482400619	SEQC	permutation	
477.0	-0.047971249834670715	SEQC	permutation	
478.0	-0.32733715709658107	SEQC	permutation	
479.0	0.14022721267928873	SEQC	permutation	
480.0	0.01376613400704585	SEQC	permutation	
481.0	-0.025239156892370218	SEQC	permutation	
482.0	0.14039706622389314	SEQC	permutation	
483.0	-0.018312317812569923	SEQC	permutation	
484.0	0.021821369332018392	SEQC	permutation	
485.0	0.02400018775301138	SEQC	permutation	
486.0	-0.2171498927854465	SEQC	permutation	
487.0	0.013772493584414569	SEQC	permutation	
488.0	0.2078194035145513	SEQC	permutation	
489.0	0.14269583136969466	SEQC	permutation	
490.0	0.15682549002288315	SEQC	permutation	
491.0	0.0416188584500512	SEQC	permutation	
492.0	-0.049958919020775205	SEQC	permutation	
493.0	0.3334592996787684	SEQC	permutation	
494.0	0.07998509374628959	SEQC	permutation	
495.0	0.0868641339982883	SEQC	permutation	
496.0	-0.09301033009450066	SEQC	permutation	
497.0	-0.2929518043176449	SEQC	permutation	
498.0	-0.07706461972981149	SEQC	permutation	
499.0	0.08839012979802874	SEQC	permutation	
500.0	0.07365635380903246	SEQC	permutation	
501.0	0.09972358511014523	SEQC	permutation	
502.0	0.16656331217940057	SEQC	permutation	
503.0	-0.20505008565003724	SEQC	permutation	
504.0	0.13068168139723024	SEQC	permutation	
505.0	-0.048492241241809175	SEQC	permutation	
506.0	-0.1384771555005857	SEQC	permutation	
507.0	-0.0026825478716139273	SEQC	permutation	
508.0	-0.12113991804312718	SEQC	permutation	
509.0	-0.1040846940405471	SEQC	permutation	
510.0	0.00879848827107299	SEQC	permutation	
511.0	0.07984433103027833	SEQC	permutation	
512.0	0.08669047267423569	SEQC	permutation	
513.0	0.0007604173961368588	SEQC	permutation	
514.0	0.08297894868260602	SEQC	permutation	
515.0	-0.04247615684203154	SEQC	permutation	
516.0	0.00450959509043436	SEQC	permutation	
517.0	-0.08538737349063297	SEQC	permutation	
518.0	-0.025241935382359415	SEQC	permutation	
519.0	-0.2505692691724315	SEQC	permutation	
520.0	0.36033790059290194	SEQC	permutation	
521.0	0.029942985169927105	SEQC	permutation	
522.0	0.14831179591745336	SEQC	permutation	
523.0	-0.09449519864489986	SEQC	permutation	
524.0	-0.03022415183871363	SEQC	permutation	
525.0	0.33431896925194415	SEQC	permutation	
526.0	0.19669116037390033	SEQC	permutation	
527.0	0.14130225057977608	SEQC	permutation	
528.0	0.23811766203087803	SEQC	permutation	
529.0	-0.10210527302399885	SEQC	permutation	
530.0	0.030661922553303356	SEQC	permutation	
531.0	-0.03247694388640099	SEQC	permutation	
532.0	-0.07514448180236588	SEQC	permutation	
533.0	-0.29674013374350583	SEQC	permutation	
534.0	0.08538702105702356	SEQC	permutation	
535.0	-0.07846732911972332	SEQC	permutation	
536.0	0.07652750162252975	SEQC	permutation	
537.0	-0.011855587044718341	SEQC	permutation	
538.0	-0.10532317337855979	SEQC	permutation	
539.0	-0.045897145755054325	SEQC	permutation	
540.0	-0.013780263416580674	SEQC	permutation	
541.0	0.0775000629506577	SEQC	permutation	
542.0	0.13415371570101176	SEQC	permutation	
543.0	-0.16904721348794816	SEQC	permutation	
544.0	-0.2387573894551478	SEQC	permutation	
545.0	0.22253452247727434	SEQC	permutation	
546.0	0.1262127033337661	SEQC	permutation	
547.0	0.1957372611630417	SEQC	permutation	
548.0	0.03767756281601198	SEQC	permutation	
549.0	0.15603438683261572	SEQC	permutation	
550.0	0.10954010469125741	SEQC	permutation	
551.0	0.02426898558544277	SEQC	permutation	
552.0	-0.05191261863566066	SEQC	permutation	
553.0	-0.11375553582521825	SEQC	permutation	
554.0	0.09419003256748226	SEQC	permutation	
555.0	0.08300228861966197	SEQC	permutation	
556.0	-0.13241037913587483	SEQC	permutation	
557.0	0.003033105722967555	SEQC	permutation	
558.0	-0.05667303390448186	SEQC	permutation	
559.0	-0.03050376253687581	SEQC	permutation	
560.0	-0.08323398777156399	SEQC	permutation	
561.0	0.08976924868656777	SEQC	permutation	
562.0	0.030992591450600848	SEQC	permutation	
563.0	0.12357652513288642	SEQC	permutation	
564.0	-0.17058564773804097	SEQC	permutation	
565.0	-0.014286415459119794	SEQC	permutation	
566.0	0.1339515778877356	SEQC	permutation	
567.0	-0.12721078604796787	SEQC	permutation	
568.0	-0.14348391052194476	SEQC	permutation	
569.0	0.08230209008409872	SEQC	permutation	
570.0	-0.012392311044111537	SEQC	permutation	
571.0	0.10997497425287062	SEQC	permutation	
572.0	0.16284269844176524	SEQC	permutation	
573.0	0.02665745824811605	SEQC	permutation	
574.0	-0.04802562344779915	SEQC	permutation	
575.0	0.19358001362463995	SEQC	permutation	
576.0	-0.1841661800871801	SEQC	permutation	
577.0	-0.15207256347172127	SEQC	permutation	
578.0	-0.04284301263261625	SEQC	permutation	
579.0	-0.30829711180462205	SEQC	permutation	
580.0	-0.3650826076224787	SEQC	permutation	
581.0	0.039118147528096614	SEQC	permutation	
582.0	0.16129825203821557	SEQC	permutation	
583.0	-0.08003951572371282	SEQC	permutation	
584.0	-0.04589428303004084	SEQC	permutation	
585.0	-0.2740319725169913	SEQC	permutation	
586.0	0.13325615156562165	SEQC	permutation	
587.0	-0.038410142313245466	SEQC	permutation	
588.0	0.13472367323282697	SEQC	permutation	
589.0	0.01243171283835931	SEQC	permutation	
590.0	-0.01005489350799138	SEQC	permutation	
591.0	-0.1388140419208943	SEQC	permutation	
592.0	-0.08160814807128336	SEQC	permutation	
593.0	-0.1438445330125928	SEQC	permutation	
594.0	0.04294166293458446	SEQC	permutation	
595.0	0.07752110633565046	SEQC	permutation	
596.0	-0.014247066512877993	SEQC	permutation	
597.0	0.0807618109274637	SEQC	permutation	
598.0	-0.13481355487164937	SEQC	permutation	
599.0	-0.05648897061502112	SEQC	permutation	
600.0	-0.012707820191836028	SEQC	permutation	
601.0	-0.2630062931421744	SEQC	permutation	
602.0	0.004891817754501204	SEQC	permutation	
603.0	-0.014279126458188074	SEQC	permutation	
604.0	-0.172923804409848	SEQC	permutation	
605.0	-0.022129287792499674	SEQC	permutation	
606.0	0.05191510320350101	SEQC	permutation	
607.0	-0.03901440940983747	SEQC	permutation	
608.0	-0.16504060227546713	SEQC	permutation	
609.0	-0.04086656232327002	SEQC	permutation	
610.0	0.10922244821724458	SEQC	permutation	
611.0	-0.08395883019795924	SEQC	permutation	
612.0	0.010432509278816227	SEQC	permutation	
613.0	0.1628596558467983	SEQC	permutation	
614.0	0.05585736478380188	SEQC	permutation	
615.0	-0.07298051600328836	SEQC	permutation	
616.0	0.06235310442534647	SEQC	permutation	
617.0	-0.052793034689393004	SEQC	permutation	
618.0	0.08770058998956198	SEQC	permutation	
619.0	-0.0331327856283794	SEQC	permutation	
620.0	0.11391101457293207	SEQC	permutation	
621.0	-0.025535670248130415	SEQC	permutation	
622.0	0.0793908805044099	SEQC	permutation	
623.0	-0.21334785376982168	SEQC	permutation	
624.0	0.004936527347817687	SEQC	permutation	
625.0	0.02860959179787681	SEQC	permutation	
626.0	-0.01368549183232659	SEQC	permutation	
627.0	0.01169808775210246	SEQC	permutation	
628.0	-0.08437262638413401	SEQC	permutation	
629.0	0.10870450417098887	SEQC	permutation	
630.0	0.07345350346674895	SEQC	permutation	
631.0	-0.13833318400346872	SEQC	permutation	
632.0	-0.15954982510104987	SEQC	permutation	
633.0	0.15968642852109305	SEQC	permutation	
634.0	-0.011159924630315565	SEQC	permutation	
635.0	0.15401632121913345	SEQC	permutation	
636.0	-0.1287739527599152	SEQC	permutation	
637.0	0.07861372197165206	SEQC	permutation	
638.0	-0.018583290804426333	SEQC	permutation	
639.0	-0.047060019347362925	SEQC	permutation	
640.0	0.01959644197618271	SEQC	permutation	
641.0	-0.2416073230954483	SEQC	permutation	
642.0	-0.14651396161906138	SEQC	permutation	
643.0	-0.13273212087208996	SEQC	permutation	
644.0	0.05182871122542565	SEQC	permutation	
645.0	0.09530400743668288	SEQC	permutation	
646.0	-0.19039396740134773	SEQC	permutation	
647.0	-0.17817815301947348	SEQC	permutation	
648.0	0.10875459353991523	SEQC	permutation	
649.0	-0.13615014833345462	SEQC	permutation	
650.0	-0.09459604010130551	SEQC	permutation	
651.0	-0.03037067907886115	SEQC	permutation	
652.0	0.08491136803113619	SEQC	permutation	
653.0	0.1952236321145664	SEQC	permutation	
654.0	-0.054558106090437875	SEQC	permutation	
655.0	0.21021431654175515	SEQC	permutation	
656.0	0.052620826345259886	SEQC	permutation	
657.0	0.08447979650461601	SEQC	permutation	
658.0	0.07360477204997729	SEQC	permutation	
659.0	0.1651796678284203	SEQC	permutation	
660.0	0.1527505149025714	SEQC	permutation	
661.0	0.1249321270006627	SEQC	permutation	
662.0	0.029312225600056863	SEQC	permutation	
663.0	-0.06162460637812117	SEQC	permutation	
664.0	0.02467333730145871	SEQC	permutation	
665.0	0.07552603613525033	SEQC	permutation	
666.0	-0.0949578637953632	SEQC	permutation	
667.0	-0.03763508151905892	SEQC	permutation	
668.0	-0.25613378250321084	SEQC	permutation	
669.0	-0.06508621601874687	SEQC	permutation	
670.0	-0.16704785095694508	SEQC	permutation	
671.0	-0.03802020104693771	SEQC	permutation	
672.0	0.2297753378388574	SEQC	permutation	
673.0	0.003939911454349243	SEQC	permutation	
674.0	-0.17845919257294707	SEQC	permutation	
675.0	-0.02491325312102699	SEQC	permutation	
676.0	-0.02656234076125319	SEQC	permutation	
677.0	0.060537624764937625	SEQC	permutation	
678.0	-0.17557680797581288	SEQC	permutation	
679.0	-0.03553987944649872	SEQC	permutation	
680.0	0.03451768442032144	SEQC	permutation	
681.0	0.25769278751911173	SEQC	permutation	
682.0	-0.023352860006019327	SEQC	permutation	
683.0	-0.1229615135769695	SEQC	permutation	
684.0	-0.09182363017745399	SEQC	permutation	
685.0	0.04532867928611051	SEQC	permutation	
686.0	0.09969008013974268	SEQC	permutation	
687.0	0.14308531840791705	SEQC	permutation	
688.0	-0.09439287054217882	SEQC	permutation	
689.0	0.0455949802300335	SEQC	permutation	
690.0	0.06965420672399958	SEQC	permutation	
691.0	-0.0025116124439845677	SEQC	permutation	
692.0	0.0340489968480826	SEQC	permutation	
693.0	0.0694196957777038	SEQC	permutation	
694.0	0.024743609659074295	SEQC	permutation	
695.0	0.13621457930422842	SEQC	permutation	
696.0	-0.1649778871186065	SEQC	permutation	
697.0	-0.028374253565851326	SEQC	permutation	
698.0	-0.06446718701920773	SEQC	permutation	
699.0	0.1483768726955077	SEQC	permutation	
700.0	0.1860057970141895	SEQC	permutation	
701.0	0.14354383839905172	SEQC	permutation	
702.0	0.31966765280290943	SEQC	permutation	
703.0	-0.006174175901703549	SEQC	permutation	
704.0	-0.11932795165176735	SEQC	permutation	
705.0	-0.05913272061581942	SEQC	permutation	
706.0	-0.016033190958720134	SEQC	permutation	
707.0	-0.19415703300789566	SEQC	permutation	
708.0	0.09456237837408654	SEQC	permutation	
709.0	-0.1484772311318947	SEQC	permutation	
710.0	-0.21715059839825024	SEQC	permutation	
711.0	-0.08951672473806127	SEQC	permutation	
712.0	-0.11180834805792372	SEQC	permutation	
713.0	0.03739180442341272	SEQC	permutation	
714.0	-0.09106463766324602	SEQC	permutation	
715.0	0.0096026895988226	SEQC	permutation	
716.0	0.1363236769914673	SEQC	permutation	
717.0	0.12918315654469303	SEQC	permutation	
718.0	0.1289182213599167	SEQC	permutation	
719.0	0.1323184093391161	SEQC	permutation	
720.0	0.030419959148114906	SEQC	permutation	
721.0	0.03984786321062028	SEQC	permutation	
722.0	-0.13246244135238516	SEQC	permutation	
723.0	0.17418931708942065	SEQC	permutation	
724.0	0.08634708182636519	SEQC	permutation	
725.0	0.06899985497515981	SEQC	permutation	
726.0	0.004243061210845056	SEQC	permutation	
727.0	0.0814994605498347	SEQC	permutation	
728.0	-0.3134531984490323	SEQC	permutation	
729.0	0.1150864960977449	SEQC	permutation	
730.0	0.12180310730983646	SEQC	permutation	
731.0	0.10312526539716327	SEQC	permutation	
732.0	0.04200373424602244	SEQC	permutation	
733.0	-0.062422143308889844	SEQC	permutation	
734.0	0.20384299146827356	SEQC	permutation	
735.0	-0.11379497152655826	SEQC	permutation	
736.0	0.03557192174148316	SEQC	permutation	
737.0	0.11714789018639848	SEQC	permutation	
738.0	-0.09302005974791072	SEQC	permutation	
739.0	-0.09129813233060258	SEQC	permutation	
740.0	-0.17832426094417286	SEQC	permutation	
741.0	0.057531516902199265	SEQC	permutation	
742.0	-0.052174174121805805	SEQC	permutation	
743.0	0.13502717930862573	SEQC	permutation	
744.0	0.08159534487186004	SEQC	permutation	
745.0	0.008909961602880045	SEQC	permutation	
746.0	-0.03887343981085856	SEQC	permutation	
747.0	0.05222894584629234	SEQC	permutation	
748.0	-0.04562330544083526	SEQC	permutation	
749.0	0.031737844454738706	SEQC	permutation	
750.0	-0.142853790218596	SEQC	permutation	
751.0	-0.010519449664502467	SEQC	permutation	
752.0	-0.17090714436934373	SEQC	permutation	
753.0	0.13666531229532453	SEQC	permutation	
754.0	-0.09473625335373814	SEQC	permutation	
755.0	-0.035864133692665945	SEQC	permutation	
756.0	-0.05329078499117035	SEQC	permutation	
757.0	-0.04739215493219806	SEQC	permutation	
758.0	0.15577842821989485	SEQC	permutation	
759.0	-0.21401912015862656	SEQC	permutation	
760.0	0.1491705511523973	SEQC	permutation	
761.0	-0.036741330272059614	SEQC	permutation	
762.0	0.07862958518307472	SEQC	permutation	
763.0	0.0038071225995466307	SEQC	permutation	
764.0	0.14870290347929682	SEQC	permutation	
765.0	0.39075118206561044	SEQC	permutation	
766.0	-0.1665669946083712	SEQC	permutation	
767.0	-0.0010756680666910157	SEQC	permutation	
768.0	-0.10881991794332713	SEQC	permutation	
769.0	-0.004905675569751189	SEQC	permutation	
770.0	-0.14393246507865332	SEQC	permutation	
771.0	-0.14360395683596217	SEQC	permutation	
772.0	0.16964226912347424	SEQC	permutation	
773.0	-0.12181662047736008	SEQC	permutation	
774.0	-0.08461080229150131	SEQC	permutation	
775.0	0.03625954992253266	SEQC	permutation	
776.0	-0.2647359816113486	SEQC	permutation	
777.0	-0.2711315474563376	SEQC	permutation	
778.0	0.027175914407553847	SEQC	permutation	
779.0	0.0852781787865089	SEQC	permutation	
780.0	-0.03140055454469781	SEQC	permutation	
781.0	0.08770695402710249	SEQC	permutation	
782.0	-0.10889669038025485	SEQC	permutation	
783.0	0.09864911070285665	SEQC	permutation	
784.0	-0.1052900798245684	SEQC	permutation	
785.0	-0.02107748453174274	SEQC	permutation	
786.0	0.1789788700334345	SEQC	permutation	
787.0	-0.10678679409076253	SEQC	permutation	
788.0	-0.14906491849730852	SEQC	permutation	
789.0	-0.16610459309490544	SEQC	permutation	
790.0	-0.05818479594963666	SEQC	permutation	
791.0	0.07526828621954884	SEQC	permutation	
792.0	0.1161367253102954	SEQC	permutation	
793.0	-0.05755681324072981	SEQC	permutation	
794.0	-0.019054503731892325	SEQC	permutation	
795.0	0.14198213121690006	SEQC	permutation	
796.0	0.03616793264567697	SEQC	permutation	
797.0	0.00485566386309344	SEQC	permutation	
798.0	0.020106548767969024	SEQC	permutation	
799.0	0.02062129255237366	SEQC	permutation	
800.0	0.10319051240668031	SEQC	permutation	
801.0	0.1164478457602689	SEQC	permutation	
802.0	0.0052583237433827534	SEQC	permutation	
803.0	0.16623042201319738	SEQC	permutation	
804.0	-0.06851833764318815	SEQC	permutation	
805.0	0.1643339261836667	SEQC	permutation	
806.0	0.015267740344165226	SEQC	permutation	
807.0	0.031780376748242745	SEQC	permutation	
808.0	0.24735165472226583	SEQC	permutation	
809.0	0.08120396832546906	SEQC	permutation	
810.0	-0.31677046552823995	SEQC	permutation	
811.0	0.04743890718703181	SEQC	permutation	
812.0	0.2658688524987838	SEQC	permutation	
813.0	0.1437727663854682	SEQC	permutation	
814.0	0.0003401616491185422	SEQC	permutation	
815.0	-0.014320113552158453	SEQC	permutation	
816.0	-0.028824134237174448	SEQC	permutation	
817.0	0.107461480766605	SEQC	permutation	
818.0	-0.06605014873198378	SEQC	permutation	
819.0	0.04038141146651508	SEQC	permutation	
820.0	0.1412752159138435	SEQC	permutation	
821.0	0.09342536629457943	SEQC	permutation	
822.0	0.07651733287977791	SEQC	permutation	
823.0	0.104631186007766	SEQC	permutation	
824.0	0.1898783734238494	SEQC	permutation	
825.0	0.16932596548829082	SEQC	permutation	
826.0	-0.049183626408853875	SEQC	permutation	
827.0	-0.16144461863647397	SEQC	permutation	
828.0	-0.08948389298456316	SEQC	permutation	
829.0	0.004566128315187434	SEQC	permutation	
830.0	0.10137352145382117	SEQC	permutation	
831.0	0.05283574478604258	SEQC	permutation	
832.0	-0.06410047169171751	SEQC	permutation	
833.0	-0.06915820424559094	SEQC	permutation	
834.0	-0.08392125305594877	SEQC	permutation	
835.0	-0.009937770644005361	SEQC	permutation	
836.0	-0.17620410361497107	SEQC	permutation	
837.0	0.04847771895652553	SEQC	permutation	
838.0	-0.15414620667370915	SEQC	permutation	
839.0	0.06117367237061622	SEQC	permutation	
840.0	-0.09669915314748323	SEQC	permutation	
841.0	-0.1686553050142825	SEQC	permutation	
842.0	-0.014676436593271447	SEQC	permutation	
843.0	-0.20222683757842486	SEQC	permutation	
844.0	-0.17857119721002768	SEQC	permutation	
845.0	0.019137058263647866	SEQC	permutation	
846.0	-0.24833569146466772	SEQC	permutation	
847.0	0.06371139297166195	SEQC	permutation	
848.0	-0.04441560784886267	SEQC	permutation	
849.0	0.04047957704876026	SEQC	permutation	
850.0	-0.17554315597822878	SEQC	permutation	
851.0	-0.2828938557554457	SEQC	permutation	
852.0	0.08908506009643968	SEQC	permutation	
853.0	0.08443699847476616	SEQC	permutation	
854.0	-0.16381963156382362	SEQC	permutation	
855.0	0.007318479703998904	SEQC	permutation	
856.0	-0.042645907898339	SEQC	permutation	
857.0	-0.12434204340569721	SEQC	permutation	
858.0	0.13185866880837427	SEQC	permutation	
859.0	0.07945384616515128	SEQC	permutation	
860.0	0.0009049411224424375	SEQC	permutation	
861.0	0.1828144420695974	SEQC	permutation	
862.0	-0.025911659317553237	SEQC	permutation	
863.0	0.03499823056627349	SEQC	permutation	
864.0	-0.039469177410188294	SEQC	permutation	
865.0	-0.30239114390164623	SEQC	permutation	
866.0	-0.036671210546388444	SEQC	permutation	
867.0	-0.11613286993399363	SEQC	permutation	
868.0	-0.08145105558726407	SEQC	permutation	
869.0	0.06506966402452097	SEQC	permutation	
870.0	0.1033164847297332	SEQC	permutation	
871.0	0.0008892429675411151	SEQC	permutation	
872.0	0.19970612456508352	SEQC	permutation	
873.0	-0.053387091900031436	SEQC	permutation	
874.0	-0.019699951857487186	SEQC	permutation	
875.0	0.246080386951947	SEQC	permutation	
876.0	-0.006291368711242029	SEQC	permutation	
877.0	0.006403191287103205	SEQC	permutation	
878.0	0.032958171087771326	SEQC	permutation	
879.0	-0.006164538687870369	SEQC	permutation	
880.0	-0.05894875121210763	SEQC	permutation	
881.0	-0.2949532351601274	SEQC	permutation	
882.0	-0.054958409678929954	SEQC	permutation	
883.0	0.2610668883351055	SEQC	permutation	
884.0	0.07138405552395533	SEQC	permutation	
885.0	0.17041336701210597	SEQC	permutation	
886.0	-0.11571929188394847	SEQC	permutation	
887.0	0.04195206593887768	SEQC	permutation	
888.0	0.016562610049854598	SEQC	permutation	
889.0	-0.1184728562576014	SEQC	permutation	
890.0	0.0530533212827633	SEQC	permutation	
891.0	0.06958206580584836	SEQC	permutation	
892.0	-0.22780814291350548	SEQC	permutation	
893.0	-0.17928240123096106	SEQC	permutation	
894.0	-0.2156178329059717	SEQC	permutation	
895.0	-0.1486488447414418	SEQC	permutation	
896.0	-0.05322121872409902	SEQC	permutation	
897.0	-0.05920164863172772	SEQC	permutation	
898.0	0.11477608952681173	SEQC	permutation	
899.0	-0.0852532099900909	SEQC	permutation	
900.0	0.018202608735975012	SEQC	permutation	
901.0	0.06083059984495964	SEQC	permutation	
902.0	0.08150710375142989	SEQC	permutation	
903.0	-0.07385000852377033	SEQC	permutation	
904.0	0.040589288505338494	SEQC	permutation	
905.0	-0.02510324814105669	SEQC	permutation	
906.0	0.1206027484103771	SEQC	permutation	
907.0	-0.1547846637292798	SEQC	permutation	
908.0	-0.06355935564784687	SEQC	permutation	
909.0	-0.05511768150508889	SEQC	permutation	
910.0	-0.14411970901706006	SEQC	permutation	
911.0	0.03356648889886937	SEQC	permutation	
912.0	-0.04149837005389578	SEQC	permutation	
913.0	0.1398998304206449	SEQC	permutation	
914.0	0.24232634380851348	SEQC	permutation	
915.0	-0.24821710415914033	SEQC	permutation	
916.0	0.08434593828476888	SEQC	permutation	
917.0	0.027774948168759472	SEQC	permutation	
918.0	0.1793228002425611	SEQC	permutation	
919.0	0.011838042614189526	SEQC	permutation	
920.0	-0.015163459730016982	SEQC	permutation	
921.0	-0.06682013517251661	SEQC	permutation	
922.0	0.0618157756220139	SEQC	permutation	
923.0	0.028091297533208603	SEQC	permutation	
924.0	0.15711651072505273	SEQC	permutation	
925.0	0.206757021946256	SEQC	permutation	
926.0	-0.08745093473191812	SEQC	permutation	
927.0	0.009820548215810021	SEQC	permutation	
928.0	-0.08971239664965847	SEQC	permutation	
929.0	0.2594935717620599	SEQC	permutation	
930.0	0.04854183322670291	SEQC	permutation	
931.0	0.010102098341434385	SEQC	permutation	
932.0	0.056974510614287155	SEQC	permutation	
933.0	-0.02205112849783486	SEQC	permutation	
934.0	-0.0500286255248632	SEQC	permutation	
935.0	-0.004902299463587667	SEQC	permutation	
936.0	0.00891764204605483	SEQC	permutation	
937.0	0.1066708542308259	SEQC	permutation	
938.0	-0.31467758406814283	SEQC	permutation	
939.0	0.05235411796507794	SEQC	permutation	
940.0	0.21742666806278077	SEQC	permutation	
941.0	-0.14290877176606553	SEQC	permutation	
942.0	0.25252950983062394	SEQC	permutation	
943.0	-0.3482362949781521	SEQC	permutation	
944.0	0.2655785811190734	SEQC	permutation	
945.0	-0.005945170255182042	SEQC	permutation	
946.0	0.027646491377022464	SEQC	permutation	
947.0	-0.03618334087510888	SEQC	permutation	
948.0	-0.15324194238350675	SEQC	permutation	
949.0	-0.08527556552440796	SEQC	permutation	
950.0	-0.09631811682046187	SEQC	permutation	
951.0	0.09701770356899875	SEQC	permutation	
952.0	0.01832716093954012	SEQC	permutation	
953.0	0.08384945954338541	SEQC	permutation	
954.0	-0.009302117780012331	SEQC	permutation	
955.0	0.06909005752544317	SEQC	permutation	
956.0	0.1253245444372295	SEQC	permutation	
957.0	0.22199442109342016	SEQC	permutation	
958.0	0.12477057431054561	SEQC	permutation	
959.0	0.006977988234900145	SEQC	permutation	
960.0	0.2397651802847518	SEQC	permutation	
961.0	0.28091063453375487	SEQC	permutation	
962.0	-0.15051750515586537	SEQC	permutation	
963.0	0.18105083003562328	SEQC	permutation	
964.0	-0.017758561196496103	SEQC	permutation	
965.0	0.07013899407776325	SEQC	permutation	
966.0	-0.005058120316878245	SEQC	permutation	
967.0	0.11092606393058624	SEQC	permutation	
968.0	-0.1326264595021529	SEQC	permutation	
969.0	0.021562689966988735	SEQC	permutation	
970.0	-0.20925214020607363	SEQC	permutation	
971.0	0.08596398290136076	SEQC	permutation	
972.0	-0.06126804044541334	SEQC	permutation	
973.0	0.04124511216854643	SEQC	permutation	
974.0	-0.09934438259728395	SEQC	permutation	
975.0	-0.3095265319333098	SEQC	permutation	
976.0	-0.30150861069238655	SEQC	permutation	
977.0	0.02370948797149186	SEQC	permutation	
978.0	-0.09900384469911927	SEQC	permutation	
979.0	-0.1091776815716834	SEQC	permutation	
980.0	-0.004774353734821268	SEQC	permutation	
981.0	0.025812968457005425	SEQC	permutation	
982.0	-0.2276940425427627	SEQC	permutation	
983.0	-0.04459867165084663	SEQC	permutation	
984.0	-0.03568793679785198	SEQC	permutation	
985.0	-0.1766817318385696	SEQC	permutation	
986.0	0.03481519717406467	SEQC	permutation	
987.0	0.021252631690415136	SEQC	permutation	
988.0	0.04756612466177046	SEQC	permutation	
989.0	0.07625561989131313	SEQC	permutation	
990.0	0.10770267028726632	SEQC	permutation	
991.0	-0.031106895064128004	SEQC	permutation	
992.0	0.13618475011091924	SEQC	permutation	
993.0	-0.001267136297185445	SEQC	permutation	
994.0	-0.044192840393534105	SEQC	permutation	
995.0	0.03189960317612428	SEQC	permutation	
996.0	-0.04372531237571042	SEQC	permutation	
997.0	-0.19920284349432915	SEQC	permutation	
998.0	0.003749938021011978	SEQC	permutation	
999.0	0.07082857227721462	SEQC	permutation	
1000.0	0.06098931399580021	SEQC	permutation	
1001.0	0.2887215036076398	SEQC	permutation	
1002.0	-0.193783260856204	SEQC	permutation	
1003.0	-0.17078781583739122	SEQC	permutation	
1004.0	0.10969009438901445	SEQC	permutation	
1005.0	-0.14014699122384933	SEQC	permutation	
1006.0	0.23043010179991175	SEQC	permutation	
1007.0	0.06973881062057163	SEQC	permutation	
1008.0	-0.05327707206675747	SEQC	permutation	
1009.0	0.06566074836097258	SEQC	permutation	
1010.0	-0.021239316738526526	SEQC	permutation	
1011.0	0.18974419409500687	SEQC	permutation	
1012.0	0.0555077150679546	SEQC	permutation	
1013.0	0.1020369968383914	SEQC	permutation	
1014.0	0.06377584484062915	SEQC	permutation	
1015.0	-0.2724528859499822	SEQC	permutation	
1016.0	-0.11181558322764484	SEQC	permutation	
1017.0	-0.04173005916240413	SEQC	permutation	
1018.0	0.1569803926861244	SEQC	permutation	
1019.0	-0.23099518311867406	SEQC	permutation	
1020.0	0.24799732618011117	SEQC	permutation	
1021.0	-0.11712487114508807	SEQC	permutation	
1022.0	-0.02700746531163034	SEQC	permutation	
1023.0	-0.032958746917670645	SEQC	permutation	
1024.0	0.11950156913996057	SEQC	permutation	
1025.0	0.07888845002051159	SEQC	permutation	
1026.0	-0.07516866304345449	SEQC	permutation	
1027.0	-0.13702243355950205	SEQC	permutation	
1028.0	-0.26876615263241366	SEQC	permutation	
1029.0	-0.0976356721326388	SEQC	permutation	
1030.0	-0.15982978653566793	SEQC	permutation	
1031.0	0.11604913021792118	SEQC	permutation	
1032.0	0.10536432281565755	SEQC	permutation	
1033.0	0.19145454967542186	SEQC	permutation	
1034.0	-0.031249721039515954	SEQC	permutation	
1035.0	-0.043703035808400514	SEQC	permutation	
1036.0	-0.097852825233681	SEQC	permutation	
1037.0	-0.04245438587978967	SEQC	permutation	
1038.0	-0.30125438926438086	SEQC	permutation	
1039.0	-0.011493128182836543	SEQC	permutation	
1040.0	-0.08102894161055563	SEQC	permutation	
1041.0	-0.0406848347250266	SEQC	permutation	
1042.0	0.17186326402103358	SEQC	permutation	
1043.0	-0.19614621469999793	SEQC	permutation	
1044.0	-0.16650019948542383	SEQC	permutation	
1045.0	0.010210104698066935	SEQC	permutation	
1046.0	0.11138618412042511	SEQC	permutation	
1047.0	-0.07954180594459537	SEQC	permutation	
1048.0	-0.07642324092353903	SEQC	permutation	
1049.0	0.07339972810710904	SEQC	permutation	
1050.0	-0.16420240906343864	SEQC	permutation	
1051.0	-0.1627620117209494	SEQC	permutation	
1052.0	0.27470413350812173	SEQC	permutation	
1053.0	0.06372308827230455	SEQC	permutation	
1054.0	-0.13872545604257613	SEQC	permutation	
1055.0	0.20366306635269016	SEQC	permutation	
1056.0	0.1382938891364125	SEQC	permutation	
1057.0	-0.06315117863473407	SEQC	permutation	
1058.0	0.020658807167738935	SEQC	permutation	
1059.0	0.08274231165941526	SEQC	permutation	
1060.0	-0.012117354308174733	SEQC	permutation	
1061.0	-0.11830739637292176	SEQC	permutation	
1062.0	0.02144441429426891	SEQC	permutation	
1063.0	0.13220905366996138	SEQC	permutation	
1064.0	-0.19971039644103694	SEQC	permutation	
1065.0	-0.012946746158821298	SEQC	permutation	
1066.0	-0.058777410467940605	SEQC	permutation	
1067.0	-0.2289974320755226	SEQC	permutation	
1068.0	-0.22199676314204986	SEQC	permutation	
1069.0	0.17524929653250787	SEQC	permutation	
1070.0	0.2216732809194113	SEQC	permutation	
1071.0	-0.17347525645075912	SEQC	permutation	
1072.0	0.04865659330849059	SEQC	permutation	
1073.0	0.20122349348825086	SEQC	permutation	
1074.0	0.15980258534898084	SEQC	permutation	
1075.0	-0.19215743054245316	SEQC	permutation	
1076.0	0.003047043545302941	SEQC	permutation	
1077.0	-0.19973970317668588	SEQC	permutation	
1078.0	0.12343745506078463	SEQC	permutation	
1079.0	-0.027605533200890875	SEQC	permutation	
1080.0	-0.033868787376311715	SEQC	permutation	
1081.0	-0.09199817683611133	SEQC	permutation	
1082.0	0.07521808974346023	SEQC	permutation	
1083.0	0.015420780698472747	SEQC	permutation	
1084.0	-0.07708383747413805	SEQC	permutation	
1085.0	-0.13674953134460122	SEQC	permutation	
1086.0	-0.0921359341769925	SEQC	permutation	
1087.0	-0.03967701573886995	SEQC	permutation	
1088.0	0.08782865921185135	SEQC	permutation	
1089.0	0.22409779047459288	SEQC	permutation	
1090.0	0.04130348990730859	SEQC	permutation	
1091.0	-0.15366477841206727	SEQC	permutation	
1092.0	0.02658666336682991	SEQC	permutation	
1093.0	0.046490168915570784	SEQC	permutation	
1094.0	0.13106240099760047	SEQC	permutation	
1095.0	0.19807195208973294	SEQC	permutation	
1096.0	0.03660121606883493	SEQC	permutation	
1097.0	-0.056347202253884454	SEQC	permutation	
1098.0	0.030235846347912876	SEQC	permutation	
1099.0	-0.08221880834841855	SEQC	permutation	
1100.0	0.1622859986972447	SEQC	permutation	
1101.0	-0.01528557264138275	SEQC	permutation	
1102.0	-0.03494359684946602	SEQC	permutation	
1103.0	0.11644053118180864	SEQC	permutation	
1104.0	0.13118603226562442	SEQC	permutation	
1105.0	-0.031122008316463834	SEQC	permutation	
1106.0	0.1926889607011404	SEQC	permutation	
1107.0	0.10598706706045125	SEQC	permutation	
1108.0	-0.09412266444860151	SEQC	permutation	
1109.0	-0.05727321159305099	SEQC	permutation	
1110.0	-0.28898763084357526	SEQC	permutation	
1111.0	-0.11857836479948958	SEQC	permutation	
1112.0	0.016613697721886034	SEQC	permutation	
1113.0	-0.2740985895399808	SEQC	permutation	
1114.0	0.025278402057333338	SEQC	permutation	
1115.0	0.04598160397191631	SEQC	permutation	
1116.0	0.23693862229901264	SEQC	permutation	
1117.0	0.026093934862018386	SEQC	permutation	
1118.0	-0.1535336569624386	SEQC	permutation	
1119.0	-0.008305674982782563	SEQC	permutation	
1120.0	-0.009751062896719453	SEQC	permutation	
1121.0	0.13830298287282083	SEQC	permutation	
1122.0	-0.02131913685408371	SEQC	permutation	
1123.0	0.01735373137782137	SEQC	permutation	
1124.0	0.1324552244938042	SEQC	permutation	
1125.0	0.06509676525452246	SEQC	permutation	
1126.0	0.16733662049301667	SEQC	permutation	
1127.0	0.10093355456917497	SEQC	permutation	
1128.0	0.19844014552608424	SEQC	permutation	
1129.0	-0.07866051285570741	SEQC	permutation	
1130.0	0.07667117118670586	SEQC	permutation	
1131.0	0.1490172521110864	SEQC	permutation	
1132.0	0.027437693265723873	SEQC	permutation	
1133.0	0.03947033449249915	SEQC	permutation	
1134.0	0.2703238465276643	SEQC	permutation	
1135.0	-0.11969984489081398	SEQC	permutation	
1136.0	0.04231777764083233	SEQC	permutation	
1137.0	-0.030068008560633963	SEQC	permutation	
1138.0	0.06047344082175865	SEQC	permutation	
1139.0	0.0660997970515238	SEQC	permutation	
1140.0	0.14001983547264008	SEQC	permutation	
1141.0	-0.1158777008518701	SEQC	permutation	
1142.0	-0.18767839951922927	SEQC	permutation	
1143.0	-0.188114771475675	SEQC	permutation	
1144.0	-0.22416586743064215	SEQC	permutation	
1145.0	-0.07338688346733235	SEQC	permutation	
1146.0	0.15318111260673195	SEQC	permutation	
1147.0	0.09467647411721813	SEQC	permutation	
1148.0	-0.11109283657735869	SEQC	permutation	
1149.0	0.053800697103056905	SEQC	permutation	
1150.0	0.09911018735762767	SEQC	permutation	
1151.0	0.015198868438816682	SEQC	permutation	
1152.0	-0.02180599681045603	SEQC	permutation	
1153.0	0.030521533452780858	SEQC	permutation	
1154.0	-0.2717704725343575	SEQC	permutation	
1155.0	0.06408704871472182	SEQC	permutation	
1156.0	-0.09642703131077734	SEQC	permutation	
1157.0	-0.09425774777075357	SEQC	permutation	
1158.0	0.06425225236520848	SEQC	permutation	
1159.0	0.024758919525068812	SEQC	permutation	
1160.0	0.16573326347844475	SEQC	permutation	
1161.0	0.08004894435354082	SEQC	permutation	
1162.0	-0.02346474193457926	SEQC	permutation	
1163.0	0.0003239365530145477	SEQC	permutation	
1164.0	-0.02987659232698814	SEQC	permutation	
1165.0	0.09891801510855203	SEQC	permutation	
1166.0	0.11401298132722637	SEQC	permutation	
1167.0	-0.018626528634154482	SEQC	permutation	
1168.0	0.15867836992561113	SEQC	permutation	
1169.0	-0.030140487827925888	SEQC	permutation	
1170.0	-0.009429324164418773	SEQC	permutation	
1171.0	0.04133157691465961	SEQC	permutation	
1172.0	0.005795014659769393	SEQC	permutation	
1173.0	0.18672180918254622	SEQC	permutation	
1174.0	-0.11209062155365146	SEQC	permutation	
1175.0	0.12375546133804782	SEQC	permutation	
1176.0	0.05691303893954469	SEQC	permutation	
1177.0	-0.03478096754582616	SEQC	permutation	
1178.0	0.01031028473524831	SEQC	permutation	
1179.0	-0.021891337454558624	SEQC	permutation	
1180.0	0.11450460819179131	SEQC	permutation	
1181.0	0.0948576674049173	SEQC	permutation	
1182.0	-0.1525573533535436	SEQC	permutation	
1183.0	-0.11169543667169268	SEQC	permutation	
1184.0	-0.010922353489027259	SEQC	permutation	
1185.0	-0.1113209542484137	SEQC	permutation	
1186.0	0.013727894899093762	SEQC	permutation	
1187.0	-0.061249929028377004	SEQC	permutation	
1188.0	-0.12462883614359654	SEQC	permutation	
1189.0	-0.046013513977055	SEQC	permutation	
1190.0	-0.1833128896475964	SEQC	permutation	
1191.0	0.13042808356510616	SEQC	permutation	
1192.0	-0.007251310245419695	SEQC	permutation	
1193.0	-0.2772042456347412	SEQC	permutation	
1194.0	0.08820330191797154	SEQC	permutation	
1195.0	0.025712952653200283	SEQC	permutation	
1196.0	0.06187911707168059	SEQC	permutation	
1197.0	0.22004375509590268	SEQC	permutation	
1198.0	-0.07040810556905441	SEQC	permutation	
1199.0	0.08965109414493622	SEQC	permutation	
1200.0	0.22195990925888953	SEQC	permutation	
1201.0	-0.057398189378695896	SEQC	permutation	
1202.0	0.005405277079103321	SEQC	permutation	
1203.0	-0.03621193403649059	SEQC	permutation	
1204.0	0.11379799275351488	SEQC	permutation	
1205.0	-0.08128213281044516	SEQC	permutation	
1206.0	0.1279830797988435	SEQC	permutation	
1207.0	0.10726218094732864	SEQC	permutation	
1208.0	-0.05694032655495107	SEQC	permutation	
1209.0	-0.012352275031740412	SEQC	permutation	
1210.0	-0.018738019503350856	SEQC	permutation	
1211.0	-0.018857816980703213	SEQC	permutation	
1212.0	-0.04508061318754386	SEQC	permutation	
1213.0	0.207574610355584	SEQC	permutation	
1214.0	0.006171968072696821	SEQC	permutation	
1215.0	-0.03417630893254753	SEQC	permutation	
1216.0	-0.2522035004634091	SEQC	permutation	
1217.0	0.07750565173782586	SEQC	permutation	
1218.0	0.17602195719498948	SEQC	permutation	
1219.0	0.3153650945466717	SEQC	permutation	
1220.0	0.12468174167058343	SEQC	permutation	
1221.0	0.14713185254752315	SEQC	permutation	
1222.0	-0.19973281184670189	SEQC	permutation	
1223.0	0.09362516767921569	SEQC	permutation	
1224.0	-0.16527098168054088	SEQC	permutation	
1225.0	0.1375081511359273	SEQC	permutation	
1226.0	-0.058034936419744554	SEQC	permutation	
1227.0	-0.10360231086952432	SEQC	permutation	
1228.0	0.0008998047743107307	SEQC	permutation	
1229.0	0.10462414613562299	SEQC	permutation	
1230.0	0.03784676149343724	SEQC	permutation	
1231.0	0.14080623208827614	SEQC	permutation	
1232.0	-0.09757953193758073	SEQC	permutation	
1233.0	0.07062067893636037	SEQC	permutation	
1234.0	0.03481862741027175	SEQC	permutation	
1235.0	-0.2143813636540921	SEQC	permutation	
1236.0	0.0022735210685063123	SEQC	permutation	
1237.0	0.17262668507657253	SEQC	permutation	
1238.0	0.11737194248431404	SEQC	permutation	
1239.0	0.025088499181157076	SEQC	permutation	
1240.0	0.03297174217538945	SEQC	permutation	
1241.0	0.14345593728557482	SEQC	permutation	
1242.0	-0.17980344889660582	SEQC	permutation	
1243.0	-0.07565787992715212	SEQC	permutation	
1244.0	0.0618664759129155	SEQC	permutation	
1245.0	0.16014612102053505	SEQC	permutation	
1246.0	0.25000403866950016	SEQC	permutation	
1247.0	0.07851082159479006	SEQC	permutation	
1248.0	0.0843439967943409	SEQC	permutation	
1249.0	-0.04997140603645356	SEQC	permutation	
1250.0	0.07957044611186426	SEQC	permutation	
1251.0	0.10807779698573405	SEQC	permutation	
1252.0	0.008894912331363969	SEQC	permutation	
1253.0	0.055539804527653835	SEQC	permutation	
1254.0	0.10916134706102465	SEQC	permutation	
1255.0	-0.08264752712953705	SEQC	permutation	
1256.0	0.011275832687578813	SEQC	permutation	
1257.0	0.12459891502672349	SEQC	permutation	
1258.0	0.14800175795947812	SEQC	permutation	
1259.0	-0.044717479962185	SEQC	permutation	
1260.0	0.23619694316656759	SEQC	permutation	
1261.0	0.1425232082828538	SEQC	permutation	
1262.0	-0.042432816778754656	SEQC	permutation	
1263.0	0.05706758605872864	SEQC	permutation	
1264.0	0.16684600648199588	SEQC	permutation	
1265.0	0.0018443489447879102	SEQC	permutation	
1266.0	0.07097636544932318	SEQC	permutation	
1267.0	0.22114576311459633	SEQC	permutation	
1268.0	0.0626276526551015	SEQC	permutation	
1269.0	0.0669750919452925	SEQC	permutation	
1270.0	-0.05250973034733164	SEQC	permutation	
1271.0	-0.04016954390356897	SEQC	permutation	
1272.0	0.17564963968390934	SEQC	permutation	
1273.0	0.031138298432654032	SEQC	permutation	
1274.0	-0.10991025875697691	SEQC	permutation	
1275.0	-0.040364806783414586	SEQC	permutation	
1276.0	0.010055796168778386	SEQC	permutation	
1277.0	0.2228239558387788	SEQC	permutation	
1278.0	-0.04354418306939856	SEQC	permutation	
1279.0	-0.19609351764022165	SEQC	permutation	
1280.0	0.009913135131343509	SEQC	permutation	
1281.0	0.008339191579711525	SEQC	permutation	
1282.0	-0.014982705209166447	SEQC	permutation	
1283.0	0.15830453266754851	SEQC	permutation	
1284.0	0.08017346042434603	SEQC	permutation	
1285.0	-0.014223194114866722	SEQC	permutation	
1286.0	-0.02411277464752004	SEQC	permutation	
1287.0	0.10596211658903787	SEQC	permutation	
1288.0	-0.16367684381872394	SEQC	permutation	
1289.0	0.004663915249969897	SEQC	permutation	
1290.0	0.01524335211636263	SEQC	permutation	
1291.0	0.10201199107069847	SEQC	permutation	
1292.0	-0.16680465376598708	SEQC	permutation	
1293.0	0.13196451840223222	SEQC	permutation	
1294.0	-0.22403595063781712	SEQC	permutation	
1295.0	-0.23121671164085633	SEQC	permutation	
1296.0	-0.04424289426944128	SEQC	permutation	
1297.0	0.059357237923125084	SEQC	permutation	
1298.0	-0.0766592540000195	SEQC	permutation	
1299.0	0.2250511701853215	SEQC	permutation	
1300.0	-0.045593690029114065	SEQC	permutation	
1301.0	-0.25997175558417585	SEQC	permutation	
1302.0	0.0694842073467905	SEQC	permutation	
1303.0	-0.21068210429225243	SEQC	permutation	
1304.0	0.05224328780677645	SEQC	permutation	
1305.0	0.07001751238472309	SEQC	permutation	
1306.0	-0.22949790677703064	SEQC	permutation	
1307.0	0.0700201003108587	SEQC	permutation	
1308.0	-0.035725382574165465	SEQC	permutation	
1309.0	0.22349235176424642	SEQC	permutation	
1310.0	0.04004721783192	SEQC	permutation	
1311.0	0.09042675992116145	SEQC	permutation	
1312.0	-0.15347251136495998	SEQC	permutation	
1313.0	0.024945315601532236	SEQC	permutation	
1314.0	0.006998541950403059	SEQC	permutation	
1315.0	0.056022452718728744	SEQC	permutation	
1316.0	-0.10009438545422089	SEQC	permutation	
1317.0	0.032743207376448424	SEQC	permutation	
1318.0	-0.028702713293188964	SEQC	permutation	
1319.0	0.1346885199419301	SEQC	permutation	
1320.0	-0.19073498323347593	SEQC	permutation	
1321.0	-0.057451383575172876	SEQC	permutation	
1322.0	-0.002052892318437749	SEQC	permutation	
1323.0	-0.12488975912582934	SEQC	permutation	
1324.0	0.1257997079896942	SEQC	permutation	
1325.0	0.11164592871593637	SEQC	permutation	
1326.0	-0.05016222092388123	SEQC	permutation	
1327.0	-0.0009460394181939336	SEQC	permutation	
1328.0	0.028618093621568086	SEQC	permutation	
1329.0	0.22046233515814695	SEQC	permutation	
1330.0	-0.1459427914618736	SEQC	permutation	
1331.0	-0.17628989724463473	SEQC	permutation	
1332.0	0.16180814969561297	SEQC	permutation	
1333.0	-0.1572721650122908	SEQC	permutation	
1334.0	0.32189827925756553	SEQC	permutation	
1335.0	0.14925041071886902	SEQC	permutation	
1336.0	0.011260325442878028	SEQC	permutation	
1337.0	0.10167208190317822	SEQC	permutation	
1338.0	0.12194923416704562	SEQC	permutation	
1339.0	0.42965982707013417	SEQC	permutation	
1340.0	-0.1428041105840432	SEQC	permutation	
1341.0	0.0464093298855639	SEQC	permutation	
1342.0	0.09612456874753672	SEQC	permutation	
1343.0	-0.08203908355461209	SEQC	permutation	
1344.0	-0.007192898558433747	SEQC	permutation	
1345.0	-0.018761403807157073	SEQC	permutation	
1346.0	0.18459811624136702	SEQC	permutation	
1347.0	-0.00548347258943771	SEQC	permutation	
1348.0	0.06559640384243881	SEQC	permutation	
1349.0	-0.09275749632386887	SEQC	permutation	
1350.0	0.001960710890774209	SEQC	permutation	
1351.0	0.21890594323468715	SEQC	permutation	
1352.0	-0.10658432374730431	SEQC	permutation	
1353.0	0.006832118348476968	SEQC	permutation	
1354.0	-0.1368004339844191	SEQC	permutation	
1355.0	-0.021127059536879322	SEQC	permutation	
1356.0	0.08337870763114719	SEQC	permutation	
1357.0	0.2479835538437225	SEQC	permutation	
1358.0	0.06181303681628414	SEQC	permutation	
1359.0	0.07071159370611202	SEQC	permutation	
1360.0	-0.07218143752984307	SEQC	permutation	
1361.0	0.09205233737527951	SEQC	permutation	
1362.0	0.2100243459339861	SEQC	permutation	
1363.0	0.03894995582285432	SEQC	permutation	
1364.0	0.17329021430849068	SEQC	permutation	
1365.0	0.049646443406857976	SEQC	permutation	
1366.0	-0.007486898470309811	SEQC	permutation	
1367.0	-0.04387911698734026	SEQC	permutation	
1368.0	-0.011403118000330004	SEQC	permutation	
1369.0	0.07533972109905118	SEQC	permutation	
1370.0	-0.08308938310706271	SEQC	permutation	
1371.0	0.015203714523861933	SEQC	permutation	
1372.0	-0.015591385708263239	SEQC	permutation	
1373.0	0.1218418706244222	SEQC	permutation	
1374.0	-0.009572571536544672	SEQC	permutation	
1375.0	-0.28585016197277024	SEQC	permutation	
1376.0	0.014248439209702646	SEQC	permutation	
1377.0	0.2490404201871783	SEQC	permutation	
1378.0	-0.10414961700616487	SEQC	permutation	
1379.0	0.10413873519911565	SEQC	permutation	
1380.0	-0.1701954447597842	SEQC	permutation	
1381.0	0.0017102573631664342	SEQC	permutation	
1382.0	0.057781196481028196	SEQC	permutation	
1383.0	0.01950815855957977	SEQC	permutation	
1384.0	0.17299122350935736	SEQC	permutation	
1385.0	-0.10019168252304933	SEQC	permutation	
1386.0	-0.10738034792180073	SEQC	permutation	
1387.0	-0.08568214451838418	SEQC	permutation	
1388.0	-0.12233599698274489	SEQC	permutation	
1389.0	0.032507433983075096	SEQC	permutation	
1390.0	0.03276577559486071	SEQC	permutation	
1391.0	0.049122016979936234	SEQC	permutation	
1392.0	0.0661010431124005	SEQC	permutation	
1393.0	-0.01768526801897341	SEQC	permutation	
1394.0	-0.010697578071837022	SEQC	permutation	
1395.0	-0.0647324248436929	SEQC	permutation	
1396.0	-0.06379394919238734	SEQC	permutation	
1397.0	-0.004085303284328212	SEQC	permutation	
1398.0	-0.08533882538911985	SEQC	permutation	
1399.0	-0.034508851068492774	SEQC	permutation	
1400.0	-0.2210333919999945	SEQC	permutation	
1401.0	-0.06750887458780674	SEQC	permutation	
1402.0	0.10555067829117881	SEQC	permutation	
1403.0	0.015378063089060312	SEQC	permutation	
1404.0	-0.05973137234077175	SEQC	permutation	
1405.0	0.06086977253250314	SEQC	permutation	
1406.0	-0.08145726407618348	SEQC	permutation	
1407.0	0.10819145283866849	SEQC	permutation	
1408.0	-0.08614476351726985	SEQC	permutation	
1409.0	0.21384568776993707	SEQC	permutation	
1410.0	0.015705445403457752	SEQC	permutation	
1411.0	0.11460942046651468	SEQC	permutation	
1412.0	0.19491902043902787	SEQC	permutation	
1413.0	0.045634957701495615	SEQC	permutation	
1414.0	0.173494269512112	SEQC	permutation	
1415.0	0.04002764750335608	SEQC	permutation	
1416.0	-0.09850056893506842	SEQC	permutation	
1417.0	-0.11386811582906908	SEQC	permutation	
1418.0	0.2589179045501053	SEQC	permutation	
1419.0	0.14709195434026867	SEQC	permutation	
1420.0	-0.04503463196684532	SEQC	permutation	
1421.0	-0.04359143241245622	SEQC	permutation	
1422.0	0.03769479951182575	SEQC	permutation	
1423.0	0.04339948617301648	SEQC	permutation	
1424.0	0.1975763411949023	SEQC	permutation	
1425.0	-0.054708975313634056	SEQC	permutation	
1426.0	0.1613887431090486	SEQC	permutation	
1427.0	0.09911829215558132	SEQC	permutation	
1428.0	-0.1046649625814915	SEQC	permutation	
1429.0	-0.25401911441405023	SEQC	permutation	
1430.0	-0.09579254250188818	SEQC	permutation	
1431.0	-0.16778922038554445	SEQC	permutation	
1432.0	0.23505425931849633	SEQC	permutation	
1433.0	0.002236395653403278	SEQC	permutation	
1434.0	-0.001284989139774595	SEQC	permutation	
1435.0	0.07943547856949706	SEQC	permutation	
1436.0	0.39903962667052095	SEQC	permutation	
1437.0	-0.001848020141523854	SEQC	permutation	
1438.0	0.12804555029640508	SEQC	permutation	
1439.0	-0.11598616904850356	SEQC	permutation	
1440.0	-0.03256480450146171	SEQC	permutation	
1441.0	-0.004014742086298817	SEQC	permutation	
1442.0	0.03850155496932128	SEQC	permutation	
1443.0	-0.24156430812793506	SEQC	permutation	
1444.0	0.09666115481091264	SEQC	permutation	
1445.0	-0.17260719833046867	SEQC	permutation	
1446.0	0.018840416936783733	SEQC	permutation	
1447.0	0.029758423683595936	SEQC	permutation	
1448.0	-0.08315238106777745	SEQC	permutation	
1449.0	-0.10570910387305865	SEQC	permutation	
1450.0	-0.17350320954197862	SEQC	permutation	
1451.0	0.0657045102744318	SEQC	permutation	
1452.0	-0.07235639106596548	SEQC	permutation	
1453.0	-0.06053402694912258	SEQC	permutation	
1454.0	0.21680340395690667	SEQC	permutation	
1455.0	-0.02575121824146187	SEQC	permutation	
1456.0	-0.06586427690773533	SEQC	permutation	
1457.0	0.05786531452784427	SEQC	permutation	
1458.0	-0.1211466612293508	SEQC	permutation	
1459.0	0.09237069965381206	SEQC	permutation	
1460.0	0.10468358469152506	SEQC	permutation	
1461.0	-0.32126835616924154	SEQC	permutation	
1462.0	0.07843852970570975	SEQC	permutation	
1463.0	0.194091120155802	SEQC	permutation	
1464.0	0.04675902984294211	SEQC	permutation	
1465.0	0.08984242062059877	SEQC	permutation	
1466.0	0.02151500125764727	SEQC	permutation	
1467.0	0.18527972365830614	SEQC	permutation	
1468.0	0.012291280919066061	SEQC	permutation	
1469.0	-0.010699301707354891	SEQC	permutation	
1470.0	0.09886488539631699	SEQC	permutation	
1471.0	-0.020739136899647903	SEQC	permutation	
1472.0	-0.2754023043922027	SEQC	permutation	
1473.0	-0.11281878071829876	SEQC	permutation	
1474.0	0.027685748984071168	SEQC	permutation	
1475.0	-0.009423817885050312	SEQC	permutation	
1476.0	0.28648537379887795	SEQC	permutation	
1477.0	-0.0030940732087412215	SEQC	permutation	
1478.0	0.05947729728412998	SEQC	permutation	
1479.0	0.1427935250909096	SEQC	permutation	
1480.0	-0.151265208617553	SEQC	permutation	
1481.0	0.03252919608442273	SEQC	permutation	
1482.0	-0.15031204172243484	SEQC	permutation	
1483.0	0.09573190843778612	SEQC	permutation	
1484.0	-0.14115133428318938	SEQC	permutation	
1485.0	-0.2315369550300881	SEQC	permutation	
1486.0	-0.003854044988533367	SEQC	permutation	
1487.0	-0.0541171909048801	SEQC	permutation	
1488.0	-0.12682568241267145	SEQC	permutation	
1489.0	-0.008305182839007053	SEQC	permutation	
1490.0	0.0839678942880484	SEQC	permutation	
1491.0	-0.10639673181476894	SEQC	permutation	
1492.0	-0.057616809612640374	SEQC	permutation	
1493.0	0.11367170017202621	SEQC	permutation	
1494.0	-0.07220408622206165	SEQC	permutation	
1495.0	-0.00673456774176362	SEQC	permutation	
1496.0	0.0866840873184147	SEQC	permutation	
1497.0	0.19303925541671418	SEQC	permutation	
1498.0	0.09202166239772325	SEQC	permutation	
1499.0	0.03730646601984233	SEQC	permutation	
1500.0	-0.06692164215915941	SEQC	permutation	
1501.0	-0.0270768873965892	SEQC	permutation	
1502.0	-0.15986075973249747	SEQC	permutation	
1503.0	0.009760457688450686	SEQC	permutation	
1504.0	0.21948818312115925	SEQC	permutation	
1505.0	0.001105147745892765	SEQC	permutation	
1506.0	-0.10280933711168139	SEQC	permutation	
1507.0	-0.03471208123459579	SEQC	permutation	
1508.0	0.1712524793778254	SEQC	permutation	
1509.0	-0.036728037518756196	SEQC	permutation	
1510.0	-0.019202950975227395	SEQC	permutation	
1511.0	-0.019335302272044608	SEQC	permutation	
1512.0	-0.04708795879690442	SEQC	permutation	
1513.0	-0.0528676258230929	SEQC	permutation	
1514.0	0.21701433747608512	SEQC	permutation	
1515.0	-0.10776246614543883	SEQC	permutation	
1516.0	0.016560546245072416	SEQC	permutation	
1517.0	0.1337007234911347	SEQC	permutation	
1518.0	-0.07257834273962782	SEQC	permutation	
1519.0	-0.0723734704906871	SEQC	permutation	
1520.0	-0.13664142247710398	SEQC	permutation	
1521.0	0.18403432736212988	SEQC	permutation	
1522.0	0.09811734748610768	SEQC	permutation	
1523.0	0.15622186579075148	SEQC	permutation	
1524.0	0.21569450427490366	SEQC	permutation	
1525.0	0.029028946871203054	SEQC	permutation	
1526.0	0.15011675361633792	SEQC	permutation	
1527.0	0.03711378792716058	SEQC	permutation	
1528.0	-0.042923089799367986	SEQC	permutation	
1529.0	-0.04678706668121979	SEQC	permutation	
1530.0	-0.01695222127827023	SEQC	permutation	
1531.0	0.09205928341863956	SEQC	permutation	
1532.0	0.04373481271867696	SEQC	permutation	
1533.0	0.33059257779702733	SEQC	permutation	
1534.0	-0.0794356716479303	SEQC	permutation	
1535.0	-0.009118333990138616	SEQC	permutation	
1536.0	-0.17794522936131063	SEQC	permutation	
1537.0	0.01626382020831585	SEQC	permutation	
1538.0	-0.03133600944267112	SEQC	permutation	
1539.0	0.052119107867580894	SEQC	permutation	
1540.0	0.0662252139388313	SEQC	permutation	
1541.0	0.2936927553039004	SEQC	permutation	
1542.0	0.04551885121234278	SEQC	permutation	
1543.0	0.0005338830299477237	SEQC	permutation	
1544.0	0.17796702654047447	SEQC	permutation	
1545.0	0.021003284750092277	SEQC	permutation	
1546.0	-0.10286669117715697	SEQC	permutation	
1547.0	-0.12575282250767117	SEQC	permutation	
1548.0	0.10928163111154365	SEQC	permutation	
1549.0	-0.09405490995170851	SEQC	permutation	
1550.0	0.07397057854146372	SEQC	permutation	
1551.0	-0.338061437614674	SEQC	permutation	
1552.0	-0.010803832875340369	SEQC	permutation	
1553.0	0.15098786366982608	SEQC	permutation	
1554.0	0.0646778698174062	SEQC	permutation	
1555.0	-0.06275757001288884	SEQC	permutation	
1556.0	0.034499133763937984	SEQC	permutation	
1557.0	0.05045399454235522	SEQC	permutation	
1558.0	-0.09418376210396406	SEQC	permutation	
1559.0	-0.07611007890439314	SEQC	permutation	
1560.0	0.07381133841805898	SEQC	permutation	
1561.0	-0.015706313584074927	SEQC	permutation	
1562.0	0.03654439482265737	SEQC	permutation	
1563.0	-0.11123313539704238	SEQC	permutation	
1564.0	-0.23751086904041774	SEQC	permutation	
1565.0	-0.13253250382615267	SEQC	permutation	
1566.0	-0.11969385955353662	SEQC	permutation	
1567.0	-0.08377150756801566	SEQC	permutation	
1568.0	-0.01770727470728506	SEQC	permutation	
1569.0	0.14322229561288502	SEQC	permutation	
1570.0	-0.17017037316855532	SEQC	permutation	
1571.0	-0.03620379755720737	SEQC	permutation	
1572.0	-0.24406146761097514	SEQC	permutation	
1573.0	0.0007765920464173348	SEQC	permutation	
1574.0	-0.14554139346832873	SEQC	permutation	
1575.0	-0.14463205378036204	SEQC	permutation	
1576.0	-0.052003466184933345	SEQC	permutation	
1577.0	0.10340660911477784	SEQC	permutation	
1578.0	0.02325872651385552	SEQC	permutation	
1579.0	0.24225794167009962	SEQC	permutation	
1580.0	-0.040244250831512396	SEQC	permutation	
1581.0	-0.0643234156622503	SEQC	permutation	
1582.0	0.2838978241870773	SEQC	permutation	
1583.0	0.016059336462029172	SEQC	permutation	
1584.0	0.043572090897550986	SEQC	permutation	
1585.0	-0.16998478376732518	SEQC	permutation	
1586.0	0.08365147586605381	SEQC	permutation	
1587.0	0.14125164028111037	SEQC	permutation	
1588.0	-0.007318523269226773	SEQC	permutation	
1589.0	0.08154584542784615	SEQC	permutation	
1590.0	-0.08141889312932626	SEQC	permutation	
1591.0	0.13271795280602472	SEQC	permutation	
1592.0	0.07097091423916968	SEQC	permutation	
1593.0	0.07931258286033316	SEQC	permutation	
1594.0	-0.0028841090768612077	SEQC	permutation	
1595.0	-0.24699517367013524	SEQC	permutation	
1596.0	0.05575011465025881	SEQC	permutation	
1597.0	-0.03473757097586372	SEQC	permutation	
1598.0	0.11900046330924408	SEQC	permutation	
1599.0	-0.0960452915404435	SEQC	permutation	
1600.0	-0.14601161104024563	SEQC	permutation	
1601.0	-0.08095279442044845	SEQC	permutation	
1602.0	0.11750216921456946	SEQC	permutation	
1603.0	-0.045938373779582875	SEQC	permutation	
1604.0	0.005576430590769732	SEQC	permutation	
1605.0	0.28433137846195855	SEQC	permutation	
1606.0	0.08576675101323872	SEQC	permutation	
1607.0	0.2902641901084717	SEQC	permutation	
1608.0	0.024164232538618435	SEQC	permutation	
1609.0	0.06809061494342838	SEQC	permutation	
1610.0	0.013362722274790073	SEQC	permutation	
1611.0	0.09150269718349069	SEQC	permutation	
1612.0	-0.027060521867773524	SEQC	permutation	
1613.0	0.0877204618932117	SEQC	permutation	
1614.0	-0.0012022807408644809	SEQC	permutation	
1615.0	0.1460753324929378	SEQC	permutation	
1616.0	-0.062216025379727036	SEQC	permutation	
1617.0	0.11587515554766181	SEQC	permutation	
1618.0	0.21327007884559723	SEQC	permutation	
1619.0	0.09548783543407602	SEQC	permutation	
1620.0	0.2655431326458544	SEQC	permutation	
1621.0	-0.10577856763173266	SEQC	permutation	
1622.0	0.12044299017298687	SEQC	permutation	
1623.0	0.05328134107180649	SEQC	permutation	
1624.0	0.15548546156533494	SEQC	permutation	
1625.0	-0.026285733763701025	SEQC	permutation	
1626.0	-0.17745652538838552	SEQC	permutation	
1627.0	0.12628172496381307	SEQC	permutation	
1628.0	0.010905668350250863	SEQC	permutation	
1629.0	-0.027162518732665397	SEQC	permutation	
1630.0	0.08586796870937441	SEQC	permutation	
1631.0	0.21444432993850526	SEQC	permutation	
1632.0	0.07376761730365633	SEQC	permutation	
1633.0	0.06238124415888002	SEQC	permutation	
1634.0	-0.1960811910499629	SEQC	permutation	
1635.0	0.22429930166815026	SEQC	permutation	
1636.0	-0.11433160155785682	SEQC	permutation	
1637.0	-0.009269900309945456	SEQC	permutation	
1638.0	0.13623998032667473	SEQC	permutation	
1639.0	0.14477890359577916	SEQC	permutation	
1640.0	-0.1292369665064843	SEQC	permutation	
1641.0	-0.11468735387947504	SEQC	permutation	
1642.0	-0.06938342718521273	SEQC	permutation	
1643.0	0.043142082033406304	SEQC	permutation	
1644.0	0.09331260719479495	SEQC	permutation	
1645.0	-0.0032032754181035017	SEQC	permutation	
1646.0	-0.059419340215116634	SEQC	permutation	
1647.0	0.23632681217613882	SEQC	permutation	
1648.0	-0.20974683425103358	SEQC	permutation	
1649.0	-0.09307439183219124	SEQC	permutation	
1650.0	0.1894818918098249	SEQC	permutation	
1651.0	-0.052657665695963196	SEQC	permutation	
1652.0	-0.072231460447016	SEQC	permutation	
1653.0	0.12967134142268133	SEQC	permutation	
1654.0	0.05307991459018524	SEQC	permutation	
1655.0	0.11947214342788648	SEQC	permutation	
1656.0	-0.015185475305551144	SEQC	permutation	
1657.0	-0.03974645742262517	SEQC	permutation	
1658.0	0.03573835322528396	SEQC	permutation	
1659.0	-0.10193748309563855	SEQC	permutation	
1660.0	-0.024594250226500414	SEQC	permutation	
1661.0	0.15180894019255398	SEQC	permutation	
1662.0	0.2890845625612428	SEQC	permutation	
1663.0	-0.035335002160125306	SEQC	permutation	
1664.0	-0.28751189578771363	SEQC	permutation	
1665.0	-0.029936593842095682	SEQC	permutation	
1666.0	0.006702873855426894	SEQC	permutation	
1667.0	-0.005164065645094418	SEQC	permutation	
1668.0	0.1237574342086285	SEQC	permutation	
1669.0	0.046695160318807716	SEQC	permutation	
1670.0	-0.26390317017752984	SEQC	permutation	
1671.0	-0.0074468013277737555	SEQC	permutation	
1672.0	0.05711803830309581	SEQC	permutation	
1673.0	0.0382455875204446	SEQC	permutation	
1674.0	-0.07727598443561501	SEQC	permutation	
1675.0	0.061261147125379445	SEQC	permutation	
1676.0	-0.04019667585683262	SEQC	permutation	
1677.0	-0.11065094676206755	SEQC	permutation	
1678.0	0.07895635105414023	SEQC	permutation	
1679.0	0.21472377706195545	SEQC	permutation	
1680.0	-0.24511749258857574	SEQC	permutation	
1681.0	-0.03932792933645768	SEQC	permutation	
1682.0	0.12703410606885512	SEQC	permutation	
1683.0	0.09903857306048458	SEQC	permutation	
1684.0	0.006253384006534191	SEQC	permutation	
1685.0	-0.16525547857273803	SEQC	permutation	
1686.0	0.07728716503078648	SEQC	permutation	
1687.0	0.10232369294632626	SEQC	permutation	
1688.0	0.12435389645781925	SEQC	permutation	
1689.0	-0.03978130654015555	SEQC	permutation	
1690.0	0.021413284420998657	SEQC	permutation	
1691.0	0.12803869664977707	SEQC	permutation	
1692.0	0.016593015735082872	SEQC	permutation	
1693.0	-0.21163701372511934	SEQC	permutation	
1694.0	0.10039657976644545	SEQC	permutation	
1695.0	-0.004610581812278802	SEQC	permutation	
1696.0	0.040181861399712915	SEQC	permutation	
1697.0	0.02264449214204678	SEQC	permutation	
1698.0	-0.08900369694616561	SEQC	permutation	
1699.0	-0.038288201473770656	SEQC	permutation	
1700.0	0.08721884840806382	SEQC	permutation	
1701.0	0.04445260557498898	SEQC	permutation	
1702.0	0.39622767918812585	SEQC	permutation	
1703.0	0.04241447400280496	SEQC	permutation	
1704.0	0.025129590016293335	SEQC	permutation	
1705.0	0.06091365868326015	SEQC	permutation	
1706.0	-0.1890781558796366	SEQC	permutation	
1707.0	0.12608300421598884	SEQC	permutation	
1708.0	-0.015219709366144585	SEQC	permutation	
1709.0	-0.08050074518179429	SEQC	permutation	
1710.0	-0.27310873653491896	SEQC	permutation	
1711.0	0.006832139532792603	SEQC	permutation	
1712.0	0.005697877844320409	SEQC	permutation	
1713.0	-0.009899984831431397	SEQC	permutation	
1714.0	-0.027941717567244062	SEQC	permutation	
1715.0	0.1947463494738768	SEQC	permutation	
1716.0	0.20618080663148053	SEQC	permutation	
1717.0	0.13436813684774762	SEQC	permutation	
1718.0	0.1518026721939334	SEQC	permutation	
1719.0	-0.030709475825972277	SEQC	permutation	
1720.0	0.03006867590357576	SEQC	permutation	
1721.0	0.13216813062711097	SEQC	permutation	
1722.0	0.1610293935577758	SEQC	permutation	
1723.0	-0.04991445142071704	SEQC	permutation	
1724.0	-0.009236000982487447	SEQC	permutation	
1725.0	0.18477817393498963	SEQC	permutation	
1726.0	0.07454831402024809	SEQC	permutation	
1727.0	-0.050435383125104316	SEQC	permutation	
1728.0	-0.11824678379866516	SEQC	permutation	
1729.0	-0.1297496352691283	SEQC	permutation	
1730.0	-0.10351114695027075	SEQC	permutation	
1731.0	-0.05072337459501064	SEQC	permutation	
1732.0	-0.03671727158549842	SEQC	permutation	
1733.0	-0.16624102415551079	SEQC	permutation	
1734.0	0.1753081653620132	SEQC	permutation	
1735.0	-0.08444031658279805	SEQC	permutation	
1736.0	0.12607822756209153	SEQC	permutation	
1737.0	0.07844066971296648	SEQC	permutation	
1738.0	0.28565791527343354	SEQC	permutation	
1739.0	-0.020675424963379818	SEQC	permutation	
1740.0	0.12548829221733548	SEQC	permutation	
1741.0	0.10179617446000844	SEQC	permutation	
1742.0	0.2640094118449534	SEQC	permutation	
1743.0	-0.012683202929821391	SEQC	permutation	
1744.0	0.07845113275933446	SEQC	permutation	
1745.0	0.0784772367009996	SEQC	permutation	
1746.0	0.18261939499570268	SEQC	permutation	
1747.0	0.06795506182035549	SEQC	permutation	
1748.0	0.02645955692312274	SEQC	permutation	
1749.0	-0.05904148754297012	SEQC	permutation	
1750.0	0.11789251620797891	SEQC	permutation	
1751.0	0.15168872994846083	SEQC	permutation	
1752.0	-0.018523060963153704	SEQC	permutation	
1753.0	-0.26803303844006	SEQC	permutation	
1754.0	0.12666529785502956	SEQC	permutation	
1755.0	-0.00850304829022619	SEQC	permutation	
1756.0	0.2150872262968031	SEQC	permutation	
1757.0	0.20901255187223455	SEQC	permutation	
1758.0	-0.16964496131205564	SEQC	permutation	
1759.0	-0.15552169025278229	SEQC	permutation	
1760.0	-0.0922425724439524	SEQC	permutation	
1761.0	-0.10542508895372649	SEQC	permutation	
1762.0	0.02027075225778585	SEQC	permutation	
1763.0	0.32248930729622494	SEQC	permutation	
1764.0	-0.10537228079405114	SEQC	permutation	
1765.0	-0.01162272416469623	SEQC	permutation	
1766.0	-0.1722617734167855	SEQC	permutation	
1767.0	-0.17910883447228265	SEQC	permutation	
1768.0	0.25807038924516323	SEQC	permutation	
1769.0	0.19246802530611617	SEQC	permutation	
1770.0	-0.1094884727477039	SEQC	permutation	
1771.0	-0.1744065085576647	SEQC	permutation	
1772.0	-0.20000150569672126	SEQC	permutation	
1773.0	0.169102686500759	SEQC	permutation	
1774.0	0.14599255804004496	SEQC	permutation	
1775.0	0.04252431328677275	SEQC	permutation	
1776.0	0.07921396176568418	SEQC	permutation	
1777.0	0.0612516768450142	SEQC	permutation	
1778.0	-0.03488761354103609	SEQC	permutation	
1779.0	-0.09882131636262237	SEQC	permutation	
1780.0	-0.08333330683298446	SEQC	permutation	
1781.0	-0.20858343640355503	SEQC	permutation	
1782.0	-0.00024074529603446138	SEQC	permutation	
1783.0	-0.11583313716166277	SEQC	permutation	
1784.0	0.15122826042874848	SEQC	permutation	
1785.0	-0.17970022230273308	SEQC	permutation	
1786.0	0.014201380274769804	SEQC	permutation	
1787.0	0.20217679178477255	SEQC	permutation	
1788.0	0.08359630831303377	SEQC	permutation	
1789.0	-0.16540274681151068	SEQC	permutation	
1790.0	-0.025420601289888545	SEQC	permutation	
1791.0	0.3507287032949673	SEQC	permutation	
1792.0	-0.12608610452714597	SEQC	permutation	
1793.0	-0.03344734919326431	SEQC	permutation	
1794.0	-0.06956724955644944	SEQC	permutation	
1795.0	0.20516228757372357	SEQC	permutation	
1796.0	-0.13627184764559708	SEQC	permutation	
1797.0	-0.06379350190596877	SEQC	permutation	
1798.0	0.02753664592018179	SEQC	permutation	
1799.0	0.031385411595932666	SEQC	permutation	
1800.0	-0.02520456175710528	SEQC	permutation	
1801.0	-0.21313622859068282	SEQC	permutation	
1802.0	-0.02562350790149992	SEQC	permutation	
1803.0	-0.1840228202601022	SEQC	permutation	
1804.0	0.42017477029690387	SEQC	permutation	
1805.0	-0.054231551560068425	SEQC	permutation	
1806.0	0.25226668775165706	SEQC	permutation	
1807.0	0.09766162974830817	SEQC	permutation	
1808.0	0.21913050530216616	SEQC	permutation	
1809.0	-0.057556069665276155	SEQC	permutation	
1810.0	-0.06811908981209669	SEQC	permutation	
1811.0	-0.1317045832695216	SEQC	permutation	
1812.0	0.019263730595624473	SEQC	permutation	
1813.0	-0.07658263933630316	SEQC	permutation	
1814.0	-0.0785786379738429	SEQC	permutation	
1815.0	-0.177683150904266	SEQC	permutation	
1816.0	-0.09006395385664412	SEQC	permutation	
1817.0	-0.17553139696778342	SEQC	permutation	
1818.0	-0.0063705174860526625	SEQC	permutation	
1819.0	0.06080097009833363	SEQC	permutation	
1820.0	0.19190894702103378	SEQC	permutation	
1821.0	0.07899874664776974	SEQC	permutation	
1822.0	-0.059648555337363796	SEQC	permutation	
1823.0	0.007933302192434155	SEQC	permutation	
1824.0	0.5023154437550765	SEQC	permutation	
1825.0	-0.13707921400767997	SEQC	permutation	
1826.0	-0.17890250863476087	SEQC	permutation	
1827.0	0.047860745929470205	SEQC	permutation	
1828.0	0.22468403263764536	SEQC	permutation	
1829.0	-0.07250075569940151	SEQC	permutation	
1830.0	-0.21039231141021375	SEQC	permutation	
1831.0	0.016754167898635153	SEQC	permutation	
1832.0	0.05916317277241134	SEQC	permutation	
1833.0	-0.08777937845280093	SEQC	permutation	
1834.0	0.13553372518503526	SEQC	permutation	
1835.0	0.11914199428991346	SEQC	permutation	
1836.0	-0.1163829472585789	SEQC	permutation	
1837.0	-0.00787516277011413	SEQC	permutation	
1838.0	0.09303139314616438	SEQC	permutation	
1839.0	0.045142612478237254	SEQC	permutation	
1840.0	0.13152661298669077	SEQC	permutation	
1841.0	-0.00664284013715033	SEQC	permutation	
1842.0	-0.3051333575662234	SEQC	permutation	
1843.0	0.00019733266049648535	SEQC	permutation	
1844.0	0.3182761480059435	SEQC	permutation	
1845.0	-0.17302186128770547	SEQC	permutation	
1846.0	-0.06702587890479172	SEQC	permutation	
1847.0	0.1524963805430355	SEQC	permutation	
1848.0	0.07919789310814451	SEQC	permutation	
1849.0	-0.03748150551571605	SEQC	permutation	
1850.0	-0.012983310923011082	SEQC	permutation	
1851.0	0.0740834217878037	SEQC	permutation	
1852.0	-0.06184731753730688	SEQC	permutation	
1853.0	-0.19327038149351683	SEQC	permutation	
1854.0	0.11245475653727066	SEQC	permutation	
1855.0	0.15080076584423985	SEQC	permutation	
1856.0	0.23673586952433823	SEQC	permutation	
1857.0	0.0760035585284271	SEQC	permutation	
1858.0	-0.02122859915585895	SEQC	permutation	
1859.0	-0.034369841552983615	SEQC	permutation	
1860.0	0.07105929899167673	SEQC	permutation	
1861.0	0.0769270150368575	SEQC	permutation	
1862.0	0.03436937581968458	SEQC	permutation	
1863.0	0.05490421478418739	SEQC	permutation	
1864.0	-0.07826786983900735	SEQC	permutation	
1865.0	-0.015602496768961416	SEQC	permutation	
1866.0	-0.24473045053041886	SEQC	permutation	
1867.0	-0.0782626963064903	SEQC	permutation	
1868.0	-0.06262218531895325	SEQC	permutation	
1869.0	-0.030610803138669596	SEQC	permutation	
1870.0	-0.09025018432194631	SEQC	permutation	
1871.0	0.05393949921469687	SEQC	permutation	
1872.0	0.12398950852487811	SEQC	permutation	
1873.0	0.07539311773587887	SEQC	permutation	
1874.0	0.21374321115871542	SEQC	permutation	
1875.0	0.3116032693908295	SEQC	permutation	
1876.0	0.11704260660843158	SEQC	permutation	
1877.0	-0.10375693596933999	SEQC	permutation	
1878.0	0.21109342611498505	SEQC	permutation	
1879.0	-0.11185045898119395	SEQC	permutation	
1880.0	-0.15787563785035452	SEQC	permutation	
1881.0	-0.06866231736964945	SEQC	permutation	
1882.0	0.05244014857429846	SEQC	permutation	
1883.0	0.08637740560086371	SEQC	permutation	
1884.0	-0.06641013292652431	SEQC	permutation	
1885.0	-0.0907623917505056	SEQC	permutation	
1886.0	-0.030497098685836832	SEQC	permutation	
1887.0	0.21451091854433635	SEQC	permutation	
1888.0	0.2138267956672717	SEQC	permutation	
1889.0	0.19352857136348955	SEQC	permutation	
1890.0	-0.04055711187348532	SEQC	permutation	
1891.0	-0.31023204786735903	SEQC	permutation	
1892.0	0.05956625094306478	SEQC	permutation	
1893.0	-0.015760379442867567	SEQC	permutation	
1894.0	0.1680224820320264	SEQC	permutation	
1895.0	-0.14645395893833957	SEQC	permutation	
1896.0	0.02086722457301704	SEQC	permutation	
1897.0	-0.1397559280196221	SEQC	permutation	
1898.0	-0.003102676376540714	SEQC	permutation	
1899.0	0.16544964927721306	SEQC	permutation	
1900.0	-0.053532581025552695	SEQC	permutation	
1901.0	0.2810623957684619	SEQC	permutation	
1902.0	-0.08158059590908806	SEQC	permutation	
1903.0	0.18221268863266626	SEQC	permutation	
1904.0	-0.06257862499372813	SEQC	permutation	
1905.0	-0.18398731310273142	SEQC	permutation	
1906.0	-0.08737126656919969	SEQC	permutation	
1907.0	0.0029099810069590504	SEQC	permutation	
1908.0	-0.050378651735429436	SEQC	permutation	
1909.0	0.1826779843240285	SEQC	permutation	
1910.0	-0.012520907730046993	SEQC	permutation	
1911.0	0.03108386574237887	SEQC	permutation	
1912.0	-0.04141076550966272	SEQC	permutation	
1913.0	0.012774774487328777	SEQC	permutation	
1914.0	-0.042820201517893786	SEQC	permutation	
1915.0	0.19213773506110332	SEQC	permutation	
1916.0	0.00937213786983726	SEQC	permutation	
1917.0	0.051203959149145994	SEQC	permutation	
1918.0	0.03427406445263159	SEQC	permutation	
1919.0	-0.09365294164395177	SEQC	permutation	
1920.0	-0.20347197481177304	SEQC	permutation	
1921.0	-0.03714818043460255	SEQC	permutation	
1922.0	-0.05481407768535895	SEQC	permutation	
1923.0	0.05557241993026629	SEQC	permutation	
1924.0	0.10801921546470172	SEQC	permutation	
1925.0	0.005484817092303196	SEQC	permutation	
1926.0	-0.0771097230350124	SEQC	permutation	
1927.0	-0.0477048761181198	SEQC	permutation	
1928.0	-0.23155265651340606	SEQC	permutation	
1929.0	-0.16683134918188358	SEQC	permutation	
1930.0	-0.2266332829835136	SEQC	permutation	
1931.0	-0.0784706986141197	SEQC	permutation	
1932.0	0.03381041573089316	SEQC	permutation	
1933.0	0.0013739201522486866	SEQC	permutation	
1934.0	0.08402665139367738	SEQC	permutation	
1935.0	0.0451971921483203	SEQC	permutation	
1936.0	0.15301925977601893	SEQC	permutation	
1937.0	-0.038177398741956914	SEQC	permutation	
1938.0	0.13265948364650004	SEQC	permutation	
1939.0	-0.04181842551672066	SEQC	permutation	
1940.0	-0.08786880987053536	SEQC	permutation	
1941.0	0.0498958319533358	SEQC	permutation	
1942.0	0.2675622675070226	SEQC	permutation	
1943.0	-0.14706867082492714	SEQC	permutation	
1944.0	0.07035648557391383	SEQC	permutation	
1945.0	-0.1736372093124574	SEQC	permutation	
1946.0	0.12052702394556203	SEQC	permutation	
1947.0	-0.014934507932679253	SEQC	permutation	
1948.0	0.059502605387389274	SEQC	permutation	
1949.0	-0.0765360818771752	SEQC	permutation	
1950.0	-0.20668218982837772	SEQC	permutation	
1951.0	0.07042095129342929	SEQC	permutation	
1952.0	-0.11495089219441645	SEQC	permutation	
1953.0	0.04905530578752337	SEQC	permutation	
1954.0	-0.07509947216510149	SEQC	permutation	
1955.0	0.1095649902207807	SEQC	permutation	
1956.0	0.1626125523796702	SEQC	permutation	
1957.0	0.06833878436588137	SEQC	permutation	
1958.0	-0.0037448247043396776	SEQC	permutation	
1959.0	-0.06844478365338613	SEQC	permutation	
1960.0	0.08139192829548403	SEQC	permutation	
1961.0	-0.004324178491299513	SEQC	permutation	
1962.0	-0.13718265103061533	SEQC	permutation	
1963.0	0.2224233903630335	SEQC	permutation	
1964.0	0.32020576886051444	SEQC	permutation	
1965.0	-0.18293693580140058	SEQC	permutation	
1966.0	-0.11419193150859908	SEQC	permutation	
1967.0	-0.028471920075573642	SEQC	permutation	
1968.0	0.2353190500486564	SEQC	permutation	
1969.0	0.05764401833932542	SEQC	permutation	
1970.0	-0.1387493325405318	SEQC	permutation	
1971.0	-0.11107655801724281	SEQC	permutation	
1972.0	-0.011030163532743664	SEQC	permutation	
1973.0	0.030304741093805987	SEQC	permutation	
1974.0	-0.016666177280169947	SEQC	permutation	
1975.0	-0.12261698626829798	SEQC	permutation	
1976.0	-0.12476929128378345	SEQC	permutation	
1977.0	0.2328416368220827	SEQC	permutation	
1978.0	0.09103414863267467	SEQC	permutation	
1979.0	-0.04168574904885247	SEQC	permutation	
1980.0	0.17359646267029838	SEQC	permutation	
1981.0	0.03575350308130254	SEQC	permutation	
1982.0	-0.014612537740941178	SEQC	permutation	
1983.0	0.06381040245387659	SEQC	permutation	
1984.0	-0.06856430233642286	SEQC	permutation	
1985.0	-0.15770411415943375	SEQC	permutation	
1986.0	-0.006212934589952646	SEQC	permutation	
1987.0	-0.018565323503707987	SEQC	permutation	
1988.0	0.15755956423853412	SEQC	permutation	
1989.0	-0.054849061471475835	SEQC	permutation	
1990.0	0.006274948925537593	SEQC	permutation	
1991.0	-0.09630197726729595	SEQC	permutation	
1992.0	-0.004676675317303314	SEQC	permutation	
1993.0	-0.27984260723419574	SEQC	permutation	
1994.0	0.11449582104586487	SEQC	permutation	
1995.0	0.007459795313695672	SEQC	permutation	
1996.0	-0.014004344529628732	SEQC	permutation	
1997.0	0.010512509852963703	SEQC	permutation	
1998.0	0.052443257922437425	SEQC	permutation	
1999.0	-0.11988728502749257	SEQC	permutation	
2000.0	0.07390923641495739	SEQC	permutation	
2001.0	-0.04840549013862816	SEQC	permutation	
2002.0	0.14640723158817792	SEQC	permutation	
2003.0	-0.09920426702310614	SEQC	permutation	
2004.0	0.050837165122443295	SEQC	permutation	
2005.0	0.09095683461185278	SEQC	permutation	
2006.0	0.1111347191827825	SEQC	permutation	
2007.0	-0.026025817875123813	SEQC	permutation	
2008.0	-0.14540746297995089	SEQC	permutation	
2009.0	0.022644351512969507	SEQC	permutation	
2010.0	0.034508298766985135	SEQC	permutation	
2011.0	0.07560086728835014	SEQC	permutation	
2012.0	0.033655692826603634	SEQC	permutation	
2013.0	-0.10960443107655227	SEQC	permutation	
2014.0	-0.38382836191804426	SEQC	permutation	
2015.0	-0.2895392950727089	SEQC	permutation	
2016.0	-0.07979045648270944	SEQC	permutation	
2017.0	0.015218572798401553	SEQC	permutation	
2018.0	0.14504179045381171	SEQC	permutation	
2019.0	0.11161582394318792	SEQC	permutation	
2020.0	0.16178788486560158	SEQC	permutation	
2021.0	-0.15410992901781295	SEQC	permutation	
2022.0	-0.049200299093911326	SEQC	permutation	
2023.0	0.06409544396984046	SEQC	permutation	
2024.0	0.0698071571754868	SEQC	permutation	
2025.0	0.15139342206966866	SEQC	permutation	
2026.0	0.18520819764966578	SEQC	permutation	
2027.0	-0.1564801526631232	SEQC	permutation	
2028.0	-0.07962731028011483	SEQC	permutation	
2029.0	-0.15507956602826223	SEQC	permutation	
2030.0	-0.024031843078623716	SEQC	permutation	
2031.0	0.02512445074102132	SEQC	permutation	
2032.0	0.023467559941319216	SEQC	permutation	
2033.0	0.02855800988696533	SEQC	permutation	
2034.0	-0.1834271403734391	SEQC	permutation	
2035.0	-0.019565477874363246	SEQC	permutation	
2036.0	-0.051900445178580945	SEQC	permutation	
2037.0	0.04251101516439615	SEQC	permutation	
2038.0	0.17986292624027733	SEQC	permutation	
2039.0	-0.013782224640906726	SEQC	permutation	
2040.0	-0.04354471129080917	SEQC	permutation	
2041.0	0.1296439230701969	SEQC	permutation	
2042.0	-0.09978736149914713	SEQC	permutation	
2043.0	-0.08124446719569356	SEQC	permutation	
2044.0	-0.015736509547706667	SEQC	permutation	
2045.0	0.17353547960568694	SEQC	permutation	
2046.0	-0.07844456258545218	SEQC	permutation	
2047.0	-0.2251042273021735	SEQC	permutation	
2048.0	0.12130688756470676	SEQC	permutation	
2049.0	-0.12031095729887031	SEQC	permutation	
2050.0	0.3108989041167316	SEQC	permutation	
2051.0	-0.06141541038082465	SEQC	permutation	
2052.0	0.12495566953188852	SEQC	permutation	
2053.0	0.029434550401555626	SEQC	permutation	
2054.0	0.0803754321021044	SEQC	permutation	
2055.0	-0.12754057616583125	SEQC	permutation	
2056.0	0.23695648421417737	SEQC	permutation	
2057.0	-0.10236130106336727	SEQC	permutation	
2058.0	0.04499315149701033	SEQC	permutation	
2059.0	-0.23420551653405042	SEQC	permutation	
2060.0	0.09979910455353735	SEQC	permutation	
2061.0	0.07574934972799596	SEQC	permutation	
2062.0	0.060340396187232415	SEQC	permutation	
2063.0	0.03766343377929715	SEQC	permutation	
2064.0	0.04353028570589057	SEQC	permutation	
2065.0	0.2625101673343124	SEQC	permutation	
2066.0	0.042733474245352454	SEQC	permutation	
2067.0	0.19693916000130507	SEQC	permutation	
2068.0	0.09311924924107817	SEQC	permutation	
2069.0	0.03097950746703848	SEQC	permutation	
2070.0	0.056218894454831414	SEQC	permutation	
2071.0	0.3003717990747079	SEQC	permutation	
2072.0	0.03363328190023118	SEQC	permutation	
2073.0	-0.05160228235865105	SEQC	permutation	
2074.0	0.014932489677016214	SEQC	permutation	
2075.0	-0.049808808887006784	SEQC	permutation	
2076.0	0.08663944440953841	SEQC	permutation	
2077.0	-0.05511846967869438	SEQC	permutation	
2078.0	0.12751585189056502	SEQC	permutation	
2079.0	-0.2604200877676419	SEQC	permutation	
2080.0	0.008761530985409216	SEQC	permutation	
2081.0	-0.14278923875378258	SEQC	permutation	
2082.0	-0.012753047719260557	SEQC	permutation	
2083.0	0.1140747197795342	SEQC	permutation	
2084.0	-0.1057180022594153	SEQC	permutation	
2085.0	-0.13012798340937426	SEQC	permutation	
2086.0	0.14364514388657224	SEQC	permutation	
2087.0	-0.012442268538885415	SEQC	permutation	
2088.0	0.011955677602455417	SEQC	permutation	
2089.0	-0.029157618624399362	SEQC	permutation	
2090.0	-0.11044915107651221	SEQC	permutation	
2091.0	0.05901735629065463	SEQC	permutation	
2092.0	-0.05669920310786036	SEQC	permutation	
2093.0	0.1187571397793068	SEQC	permutation	
2094.0	0.014406921005481799	SEQC	permutation	
2095.0	0.15384859153003028	SEQC	permutation	
2096.0	0.020289506727137585	SEQC	permutation	
2097.0	-0.10176616633455193	SEQC	permutation	
2098.0	0.1085030142599317	SEQC	permutation	
2099.0	-0.05518464932700695	SEQC	permutation	
2100.0	0.11014776131752502	SEQC	permutation	
2101.0	0.1183809562444651	SEQC	permutation	
2102.0	-0.19497464350149674	SEQC	permutation	
2103.0	-0.1629834992497985	SEQC	permutation	
2104.0	0.12473836693497731	SEQC	permutation	
2105.0	-0.11304657012481467	SEQC	permutation	
2106.0	-0.07435311547408663	SEQC	permutation	
2107.0	0.02528052645373169	SEQC	permutation	
2108.0	0.013174811508288364	SEQC	permutation	
2109.0	0.0420497795178143	SEQC	permutation	
2110.0	0.1660089780212637	SEQC	permutation	
2111.0	0.15259544839962658	SEQC	permutation	
2112.0	0.03495841033141023	SEQC	permutation	
2113.0	0.09772008778376762	SEQC	permutation	
2114.0	0.014336975720371292	SEQC	permutation	
2115.0	0.0029436893321674873	SEQC	permutation	
2116.0	-0.19007380253507478	SEQC	permutation	
2117.0	-0.1587876482091337	SEQC	permutation	
2118.0	0.030640106270187317	SEQC	permutation	
2119.0	-0.22887675881584357	SEQC	permutation	
2120.0	0.14546983987812734	SEQC	permutation	
2121.0	0.04958388206949138	SEQC	permutation	
2122.0	-0.01827472526607643	SEQC	permutation	
2123.0	-0.20794847416199502	SEQC	permutation	
2124.0	-0.15771980045698886	SEQC	permutation	
2125.0	0.08643402567285374	SEQC	permutation	
2126.0	0.03148328476189288	SEQC	permutation	
2127.0	-0.08702658705406119	SEQC	permutation	
2128.0	0.030561666805374976	SEQC	permutation	
2129.0	0.11841530385361754	SEQC	permutation	
2130.0	-0.09017388700091278	SEQC	permutation	
2131.0	-0.005637172313324612	SEQC	permutation	
2132.0	-0.05647616562453006	SEQC	permutation	
2133.0	-0.06393348999976833	SEQC	permutation	
2134.0	-0.08931618019445864	SEQC	permutation	
2135.0	0.09438422558939141	SEQC	permutation	
2136.0	0.059276141280531824	SEQC	permutation	
2137.0	-0.06611273822225705	SEQC	permutation	
2138.0	0.02999150075731638	SEQC	permutation	
2139.0	0.058192325579575765	SEQC	permutation	
2140.0	0.2295668341588737	SEQC	permutation	
2141.0	-0.07408889433540278	SEQC	permutation	
2142.0	-0.1245427323469741	SEQC	permutation	
2143.0	0.145116985907773	SEQC	permutation	
2144.0	-0.01991538038058227	SEQC	permutation	
2145.0	-0.12317315300188003	SEQC	permutation	
2146.0	-0.16845860941421975	SEQC	permutation	
2147.0	0.03718354567761928	SEQC	permutation	
2148.0	0.062438520196391956	SEQC	permutation	
2149.0	-0.10495079918362649	SEQC	permutation	
2150.0	-0.13425398110060627	SEQC	permutation	
2151.0	0.19405116719551163	SEQC	permutation	
2152.0	0.02193573384684644	SEQC	permutation	
2153.0	-0.1362309349669566	SEQC	permutation	
2154.0	0.017022754943504026	SEQC	permutation	
2155.0	0.06698533374793492	SEQC	permutation	
2156.0	-0.17204150849274935	SEQC	permutation	
2157.0	0.13249286347889822	SEQC	permutation	
2158.0	-0.07715900014882493	SEQC	permutation	
2159.0	0.1431749957057029	SEQC	permutation	
2160.0	-0.14590983559390125	SEQC	permutation	
2161.0	0.12425023734924334	SEQC	permutation	
2162.0	-0.17317575832264787	SEQC	permutation	
2163.0	-0.029153467436311864	SEQC	permutation	
2164.0	-0.2043862622918331	SEQC	permutation	
2165.0	0.18206596236387274	SEQC	permutation	
2166.0	0.028851360951036575	SEQC	permutation	
2167.0	0.010074369609909262	SEQC	permutation	
2168.0	0.27026786053277796	SEQC	permutation	
2169.0	0.060792231294238164	SEQC	permutation	
2170.0	0.1810786226764982	SEQC	permutation	
2171.0	0.10751873036251958	SEQC	permutation	
2172.0	0.0783277430587983	SEQC	permutation	
2173.0	0.048941343268537274	SEQC	permutation	
2174.0	0.19589829356520294	SEQC	permutation	
2175.0	0.10626493044950536	SEQC	permutation	
2176.0	0.24718867818106016	SEQC	permutation	
2177.0	0.004856422500163937	SEQC	permutation	
2178.0	0.09525375397036928	SEQC	permutation	
2179.0	0.004737300080365436	SEQC	permutation	
2180.0	-0.06561333298747574	SEQC	permutation	
2181.0	-0.033074337456096004	SEQC	permutation	
2182.0	0.11495038083658926	SEQC	permutation	
2183.0	0.18928895481863073	SEQC	permutation	
2184.0	-0.16450966536474976	SEQC	permutation	
2185.0	-0.14599047217645822	SEQC	permutation	
2186.0	-0.04688636854975137	SEQC	permutation	
2187.0	0.06291072973794343	SEQC	permutation	
2188.0	0.033328468661753874	SEQC	permutation	
2189.0	0.2217748154423358	SEQC	permutation	
2190.0	-0.0016992320636433078	SEQC	permutation	
2191.0	0.1541089542258547	SEQC	permutation	
2192.0	-0.11267857733302478	SEQC	permutation	
2193.0	-0.15883612011643766	SEQC	permutation	
2194.0	0.1496511093819901	SEQC	permutation	
2195.0	0.022437835588592137	SEQC	permutation	
2196.0	0.03673148430804929	SEQC	permutation	
2197.0	0.15209149629218555	SEQC	permutation	
2198.0	-0.05600497176365682	SEQC	permutation	
2199.0	0.1832415332283377	SEQC	permutation	
2200.0	-0.01519753507338617	SEQC	permutation	
2201.0	0.05926737023169615	SEQC	permutation	
2202.0	-0.14971521314601954	SEQC	permutation	
2203.0	-0.03340935849645188	SEQC	permutation	
2204.0	-0.19189620051224932	SEQC	permutation	
2205.0	0.10630466532965599	SEQC	permutation	
2206.0	0.05039882058725187	SEQC	permutation	
2207.0	-0.28379684303280417	SEQC	permutation	
2208.0	0.38446178613501214	SEQC	permutation	
2209.0	-0.2612488601577958	SEQC	permutation	
2210.0	-0.041931547810606595	SEQC	permutation	
2211.0	0.0177559943240313	SEQC	permutation	
2212.0	0.1956560482310401	SEQC	permutation	
2213.0	-0.14154551949232008	SEQC	permutation	
2214.0	0.14791492378440285	SEQC	permutation	
2215.0	-0.05633660639584903	SEQC	permutation	
2216.0	-0.2651844562623298	SEQC	permutation	
2217.0	0.0676985570968407	SEQC	permutation	
2218.0	-0.04312180937783339	SEQC	permutation	
2219.0	0.04706558828116503	SEQC	permutation	
2220.0	-0.192893892543184	SEQC	permutation	
2221.0	0.12420587245621384	SEQC	permutation	
2222.0	-0.04417979457086485	SEQC	permutation	
2223.0	0.08439062394298524	SEQC	permutation	
2224.0	0.00308204230637088	SEQC	permutation	
2225.0	0.11329016155246396	SEQC	permutation	
2226.0	0.09147844087498402	SEQC	permutation	
2227.0	0.2796336678680227	SEQC	permutation	
2228.0	0.08756903787023163	SEQC	permutation	
2229.0	0.11863008496984762	SEQC	permutation	
2230.0	-0.12891313433692542	SEQC	permutation	
2231.0	-0.0903766153491592	SEQC	permutation	
2232.0	-0.22558215557153805	SEQC	permutation	
2233.0	0.10176885737389796	SEQC	permutation	
2234.0	0.022896985984883322	SEQC	permutation	
2235.0	-0.013275006436180625	SEQC	permutation	
2236.0	-0.12121911505615124	SEQC	permutation	
2237.0	0.2997462305970142	SEQC	permutation	
2238.0	0.1478604843479534	SEQC	permutation	
2239.0	-0.08015468261200365	SEQC	permutation	
2240.0	0.05994395857853263	SEQC	permutation	
2241.0	0.09749183587324506	SEQC	permutation	
2242.0	0.24729727325095308	SEQC	permutation	
2243.0	-0.12160635197608016	SEQC	permutation	
2244.0	-0.03728653037177132	SEQC	permutation	
2245.0	0.021173701243708543	SEQC	permutation	
2246.0	-0.09083287028732201	SEQC	permutation	
2247.0	0.13927776033199102	SEQC	permutation	
2248.0	0.027957584754493503	SEQC	permutation	
2249.0	-0.013921682067667973	SEQC	permutation	
2250.0	-0.12614161939378032	SEQC	permutation	
2251.0	-0.13345022635536363	SEQC	permutation	
2252.0	-0.1095941927750328	SEQC	permutation	
2253.0	-0.04857439236273109	SEQC	permutation	
2254.0	0.0031423389209548347	SEQC	permutation	
2255.0	0.014672683894398908	SEQC	permutation	
2256.0	-0.02800894888471106	SEQC	permutation	
2257.0	-0.07352623887307175	SEQC	permutation	
2258.0	0.03245608098417119	SEQC	permutation	
2259.0	-0.11840050449329631	SEQC	permutation	
2260.0	-0.10960431249279523	SEQC	permutation	
2261.0	0.0743561564690065	SEQC	permutation	
2262.0	-0.01922259616633415	SEQC	permutation	
2263.0	0.07424627079894552	SEQC	permutation	
2264.0	-0.12405887653942216	SEQC	permutation	
2265.0	-0.06019487873375606	SEQC	permutation	
2266.0	0.022152329643262192	SEQC	permutation	
2267.0	0.032357105695329125	SEQC	permutation	
2268.0	-0.028489807559533453	SEQC	permutation	
2269.0	-0.1757609492202601	SEQC	permutation	
2270.0	0.07266322020195037	SEQC	permutation	
2271.0	0.05193696252613833	SEQC	permutation	
2272.0	-0.033024846483754366	SEQC	permutation	
2273.0	-0.09692010019199504	SEQC	permutation	
2274.0	-0.17685747373490912	SEQC	permutation	
2275.0	0.16754377505624518	SEQC	permutation	
2276.0	0.01911183356027113	SEQC	permutation	
2277.0	0.11871712746876462	SEQC	permutation	
2278.0	0.10088188300235768	SEQC	permutation	
2279.0	0.06341296677104413	SEQC	permutation	
2280.0	0.08881345067755042	SEQC	permutation	
2281.0	-0.16167066784674322	SEQC	permutation	
2282.0	-0.08755322136598664	SEQC	permutation	
2283.0	-0.04990633265065636	SEQC	permutation	
2284.0	0.03753918238854226	SEQC	permutation	
2285.0	-0.06431229880079314	SEQC	permutation	
2286.0	-0.02029450903010499	SEQC	permutation	
2287.0	0.11770792892235082	SEQC	permutation	
2288.0	-0.1491556307611548	SEQC	permutation	
2289.0	0.04701131428012406	SEQC	permutation	
2290.0	0.12338621745707545	SEQC	permutation	
2291.0	-0.08503742407935899	SEQC	permutation	
2292.0	0.09079514880216166	SEQC	permutation	
2293.0	-0.06775676357841398	SEQC	permutation	
2294.0	-0.0403005002567971	SEQC	permutation	
2295.0	-0.048591323880916804	SEQC	permutation	
2296.0	-0.07257714281649807	SEQC	permutation	
2297.0	0.24034756014842706	SEQC	permutation	
2298.0	0.035348598202674886	SEQC	permutation	
2299.0	-0.012357541753154955	SEQC	permutation	
2300.0	0.006959101496297748	SEQC	permutation	
2301.0	0.07997708692425931	SEQC	permutation	
2302.0	0.04617051065913991	SEQC	permutation	
2303.0	0.1790805992325213	SEQC	permutation	
2304.0	0.04582777518951353	SEQC	permutation	
2305.0	-0.1522735075785837	SEQC	permutation	
2306.0	-0.1795598089395387	SEQC	permutation	
2307.0	0.05630314967419725	SEQC	permutation	
2308.0	-0.25746399470573866	SEQC	permutation	
2309.0	0.09615239093788919	SEQC	permutation	
2310.0	0.024356631852120003	SEQC	permutation	
2311.0	0.04272842585397463	SEQC	permutation	
2312.0	0.09171126800806562	SEQC	permutation	
2313.0	0.02127904745035636	SEQC	permutation	
2314.0	0.07323106800219392	SEQC	permutation	
2315.0	-0.15156206414860307	SEQC	permutation	
2316.0	-0.13070549155485534	SEQC	permutation	
2317.0	0.02114727831876806	SEQC	permutation	
2318.0	-0.058531123187753664	SEQC	permutation	
2319.0	-0.02019933669235119	SEQC	permutation	
2320.0	-0.2712549771413819	SEQC	permutation	
2321.0	0.08342014059226521	SEQC	permutation	
2322.0	0.08133548411467739	SEQC	permutation	
2323.0	0.2323938453605594	SEQC	permutation	
2324.0	0.14458211681251854	SEQC	permutation	
2325.0	0.15338519620069935	SEQC	permutation	
2326.0	0.02150057299185093	SEQC	permutation	
2327.0	0.05706299769299594	SEQC	permutation	
2328.0	-0.08597275304073726	SEQC	permutation	
2329.0	-0.012374090546583894	SEQC	permutation	
2330.0	-0.24693276792683072	SEQC	permutation	
2331.0	-0.09829263794629117	SEQC	permutation	
2332.0	-0.143475025702819	SEQC	permutation	
2333.0	-0.07970780897168517	SEQC	permutation	
2334.0	-0.12759918889520971	SEQC	permutation	
2335.0	0.12674092389375335	SEQC	permutation	
2336.0	0.07302037422629226	SEQC	permutation	
2337.0	-0.31948113104400466	SEQC	permutation	
2338.0	-0.001631009214386303	SEQC	permutation	
2339.0	-0.012021416929551165	SEQC	permutation	
2340.0	0.17512943328949504	SEQC	permutation	
2341.0	-0.09076400445460031	SEQC	permutation	
2342.0	0.2534513295109315	SEQC	permutation	
2343.0	-0.125120601138212	SEQC	permutation	
2344.0	0.11565236407696844	SEQC	permutation	
2345.0	0.06602587828959994	SEQC	permutation	
2346.0	0.13761894437796496	SEQC	permutation	
2347.0	-0.20389438020678075	SEQC	permutation	
2348.0	-0.07341618486577595	SEQC	permutation	
2349.0	-0.006752011479751019	SEQC	permutation	
2350.0	0.16411368271008975	SEQC	permutation	
2351.0	-0.2241158918033701	SEQC	permutation	
2352.0	-0.07680987456181931	SEQC	permutation	
2353.0	-0.2917090569485312	SEQC	permutation	
2354.0	-0.0391264339788755	SEQC	permutation	
2355.0	0.08976381560953062	SEQC	permutation	
2356.0	0.0831669544431426	SEQC	permutation	
2357.0	-0.04031057003853533	SEQC	permutation	
2358.0	0.3171631029900288	SEQC	permutation	
2359.0	0.04404289830691521	SEQC	permutation	
2360.0	-0.10996249158965199	SEQC	permutation	
2361.0	-0.07615208402304319	SEQC	permutation	
2362.0	0.16310028925518427	SEQC	permutation	
2363.0	-0.20898929002678557	SEQC	permutation	
2364.0	0.061436022986831595	SEQC	permutation	
2365.0	0.10156090027877518	SEQC	permutation	
2366.0	0.12973777475781834	SEQC	permutation	
2367.0	-0.08357591613415227	SEQC	permutation	
2368.0	0.2804304026136881	SEQC	permutation	
2369.0	-0.016590745373922466	SEQC	permutation	
2370.0	-0.1380329491676191	SEQC	permutation	
2371.0	0.12300799011000674	SEQC	permutation	
2372.0	0.0439202941534349	SEQC	permutation	
2373.0	0.05816282746362589	SEQC	permutation	
2374.0	-0.1009112760702946	SEQC	permutation	
2375.0	0.1088772817771293	SEQC	permutation	
2376.0	0.07337956446622673	SEQC	permutation	
2377.0	-0.07550059198004089	SEQC	permutation	
2378.0	-0.05472192759927097	SEQC	permutation	
2379.0	-0.1965542214715974	SEQC	permutation	
2380.0	-0.14661824903055454	SEQC	permutation	
2381.0	-0.0399750004280941	SEQC	permutation	
2382.0	-0.11459518850152772	SEQC	permutation	
2383.0	-0.06294811399401734	SEQC	permutation	
2384.0	0.03557854701548013	SEQC	permutation	
2385.0	-0.09148795737582649	SEQC	permutation	
2386.0	-0.09453442958632507	SEQC	permutation	
2387.0	0.1121229173586542	SEQC	permutation	
2388.0	0.1162129494981583	SEQC	permutation	
2389.0	0.14140872849968122	SEQC	permutation	
2390.0	0.1894821848332402	SEQC	permutation	
2391.0	-0.007485859216371793	SEQC	permutation	
2392.0	0.023890354190423402	SEQC	permutation	
2393.0	0.1879239724378401	SEQC	permutation	
2394.0	-0.048556014055806784	SEQC	permutation	
2395.0	-0.07869080453675714	SEQC	permutation	
2396.0	-0.20572873708653017	SEQC	permutation	
2397.0	-0.17824227224361078	SEQC	permutation	
2398.0	-0.1540190798537182	SEQC	permutation	
2399.0	-0.1587570795719122	SEQC	permutation	
2400.0	0.026160594048941554	SEQC	permutation	
2401.0	0.09512067156009696	SEQC	permutation	
2402.0	0.06949914141107527	SEQC	permutation	
2403.0	-0.02496713391265626	SEQC	permutation	
2404.0	-0.06578873119758644	SEQC	permutation	
2405.0	-0.08520459138030567	SEQC	permutation	
2406.0	-0.020215772169736468	SEQC	permutation	
2407.0	-0.0004923539973304969	SEQC	permutation	
2408.0	0.03225195146891657	SEQC	permutation	
2409.0	0.08571417029820427	SEQC	permutation	
2410.0	0.10206415506219813	SEQC	permutation	
2411.0	0.11900428038913624	SEQC	permutation	
2412.0	0.1632087809935765	SEQC	permutation	
2413.0	-0.24983761940834182	SEQC	permutation	
2414.0	0.12321085212059746	SEQC	permutation	
2415.0	-0.08441425328049945	SEQC	permutation	
2416.0	0.14416367519014184	SEQC	permutation	
2417.0	0.047767291145578206	SEQC	permutation	
2418.0	0.12550479327656916	SEQC	permutation	
2419.0	0.04378052358466977	SEQC	permutation	
2420.0	-0.09759426343532684	SEQC	permutation	
2421.0	0.07779470033447744	SEQC	permutation	
2422.0	0.03406745068393757	SEQC	permutation	
2423.0	-0.038056586041946616	SEQC	permutation	
2424.0	0.05773382992503251	SEQC	permutation	
2425.0	0.13120104711264435	SEQC	permutation	
2426.0	0.08333925360610728	SEQC	permutation	
2427.0	0.09350622303379197	SEQC	permutation	
2428.0	0.12830931068993934	SEQC	permutation	
2429.0	-0.028220176495324267	SEQC	permutation	
2430.0	-0.057386896901100215	SEQC	permutation	
2431.0	0.05045594397322439	SEQC	permutation	
2432.0	0.051048512202980234	SEQC	permutation	
2433.0	-0.08720455996488674	SEQC	permutation	
2434.0	0.10740415662178471	SEQC	permutation	
2435.0	0.2890545759821421	SEQC	permutation	
2436.0	0.1758695071779952	SEQC	permutation	
2437.0	0.01806406263948368	SEQC	permutation	
2438.0	-0.1503473757641256	SEQC	permutation	
2439.0	-0.09937789778301198	SEQC	permutation	
2440.0	0.17036773990917187	SEQC	permutation	
2441.0	0.2083838481282756	SEQC	permutation	
2442.0	-0.11564544559589418	SEQC	permutation	
2443.0	0.05586630967671269	SEQC	permutation	
2444.0	0.021501379592044678	SEQC	permutation	
2445.0	-0.029433410052073228	SEQC	permutation	
2446.0	0.18967437417316368	SEQC	permutation	
2447.0	-0.11294496373945773	SEQC	permutation	
2448.0	-0.01137122092929932	SEQC	permutation	
2449.0	-0.03853545872819186	SEQC	permutation	
2450.0	-0.030462420404958834	SEQC	permutation	
2451.0	-0.009772831566303708	SEQC	permutation	
2452.0	0.047172099973077586	SEQC	permutation	
2453.0	-0.01836807609770652	SEQC	permutation	
2454.0	0.07218674032868133	SEQC	permutation	
2455.0	0.023608412011185465	SEQC	permutation	
2456.0	-0.03765624020206637	SEQC	permutation	
2457.0	0.08013319542943798	SEQC	permutation	
2458.0	0.2875153969841273	SEQC	permutation	
2459.0	-0.14430280261819206	SEQC	permutation	
2460.0	0.2608113460686434	SEQC	permutation	
2461.0	0.1046730721294642	SEQC	permutation	
2462.0	-0.10510898011922087	SEQC	permutation	
2463.0	0.03682123612097765	SEQC	permutation	
2464.0	0.1877227723517887	SEQC	permutation	
2465.0	0.016106231461193943	SEQC	permutation	
2466.0	0.01502953986886535	SEQC	permutation	
2467.0	0.137055352410985	SEQC	permutation	
2468.0	-0.10761159972677614	SEQC	permutation	
2469.0	0.024352356660745755	SEQC	permutation	
2470.0	-0.040545675266154824	SEQC	permutation	
2471.0	-0.0022214487450069598	SEQC	permutation	
2472.0	-0.10095866427162647	SEQC	permutation	
2473.0	-0.05335771290926683	SEQC	permutation	
2474.0	-0.1563080742660512	SEQC	permutation	
2475.0	-0.17069881768594364	SEQC	permutation	
2476.0	-0.2513772942757617	SEQC	permutation	
2477.0	0.0011980196647281005	SEQC	permutation	
2478.0	0.07664314400725036	SEQC	permutation	
2479.0	0.046277278703926505	SEQC	permutation	
2480.0	-0.12209555399253613	SEQC	permutation	
2481.0	-0.1333418525193153	SEQC	permutation	
2482.0	0.03353445693754775	SEQC	permutation	
2483.0	0.00524253833044952	SEQC	permutation	
2484.0	-0.005357481232835859	SEQC	permutation	
2485.0	-0.0852071947082802	SEQC	permutation	
2486.0	0.19906052885763703	SEQC	permutation	
2487.0	0.004385419060377593	SEQC	permutation	
2488.0	-0.19997960634824352	SEQC	permutation	
2489.0	0.003162403964553917	SEQC	permutation	
2490.0	-0.05605194668533109	SEQC	permutation	
2491.0	0.044662690043303144	SEQC	permutation	
2492.0	0.00514643230505385	SEQC	permutation	
2493.0	-0.0879386260775421	SEQC	permutation	
2494.0	0.062079463943994107	SEQC	permutation	
2495.0	0.026636753593948903	SEQC	permutation	
2496.0	-0.09113404484331955	SEQC	permutation	
2497.0	-0.10768884660186195	SEQC	permutation	
2498.0	0.23978242039920072	SEQC	permutation	
2499.0	-0.18161807795597706	SEQC	permutation	
2500.0	0.029884853170995207	SEQC	permutation	
2501.0	0.0941934090326697	SEQC	permutation	
2502.0	-0.041062893683888824	SEQC	permutation	
2503.0	0.04052128228725138	SEQC	permutation	
2504.0	0.04569912938977705	SEQC	permutation	
2505.0	-0.04157862882407937	SEQC	permutation	
2506.0	0.018018800277075364	SEQC	permutation	
2507.0	0.10789447455014134	SEQC	permutation	
2508.0	0.021725534804549973	SEQC	permutation	
2509.0	-0.03834228232577086	SEQC	permutation	
2510.0	0.09835964930350194	SEQC	permutation	
2511.0	0.01906154264427773	SEQC	permutation	
2512.0	-0.12165193210763103	SEQC	permutation	
2513.0	-0.19159739990886937	SEQC	permutation	
2514.0	0.022199141429934954	SEQC	permutation	
2515.0	0.07155168157321601	SEQC	permutation	
2516.0	0.058592043478277844	SEQC	permutation	
2517.0	-0.052802915404945416	SEQC	permutation	
2518.0	0.09767198005571842	SEQC	permutation	
2519.0	-0.05561857303501938	SEQC	permutation	
2520.0	0.13737346929215644	SEQC	permutation	
2521.0	-0.0889999358844662	SEQC	permutation	
2522.0	0.0983625921502318	SEQC	permutation	
2523.0	0.03512362676985337	SEQC	permutation	
2524.0	-0.19089077361959106	SEQC	permutation	
2525.0	-0.03396747165538816	SEQC	permutation	
2526.0	-0.04898667006931312	SEQC	permutation	
2527.0	-0.007848584712920825	SEQC	permutation	
2528.0	0.30665108917491146	SEQC	permutation	
2529.0	-0.08685549027968342	SEQC	permutation	
2530.0	-0.19444149428036805	SEQC	permutation	
2531.0	0.07646533444197434	SEQC	permutation	
2532.0	0.05078025335008096	SEQC	permutation	
2533.0	0.13404867238565732	SEQC	permutation	
2534.0	0.1800509114245452	SEQC	permutation	
2535.0	-0.003916835365219029	SEQC	permutation	
2536.0	0.029336998482454746	SEQC	permutation	
2537.0	-0.12234896484332047	SEQC	permutation	
2538.0	-0.028612022712138696	SEQC	permutation	
2539.0	0.11527919340135284	SEQC	permutation	
2540.0	0.039891554228491444	SEQC	permutation	
2541.0	-0.037929307392087	SEQC	permutation	
2542.0	-0.14200015844279168	SEQC	permutation	
2543.0	-0.030585505598887508	SEQC	permutation	
2544.0	-0.16529253481042083	SEQC	permutation	
2545.0	0.06695005773187201	SEQC	permutation	
2546.0	0.1411245263007359	SEQC	permutation	
2547.0	-0.10860785462243339	SEQC	permutation	
2548.0	0.20065469956718562	SEQC	permutation	
2549.0	0.12494416940450481	SEQC	permutation	
2550.0	0.06456882424195598	SEQC	permutation	
2551.0	-0.025451303719269625	SEQC	permutation	
2552.0	-0.10832679485511498	SEQC	permutation	
2553.0	-0.26928161918306337	SEQC	permutation	
2554.0	0.039982442083448255	SEQC	permutation	
2555.0	0.008457853848084618	SEQC	permutation	
2556.0	0.04322722989116912	SEQC	permutation	
2557.0	-0.0497845809325792	SEQC	permutation	
2558.0	0.06655887738193478	SEQC	permutation	
2559.0	-0.017533298773743766	SEQC	permutation	
2560.0	0.003844810423129452	SEQC	permutation	
2561.0	-0.04739326408848843	SEQC	permutation	
2562.0	0.1317298801639213	SEQC	permutation	
2563.0	-0.28752534392888585	SEQC	permutation	
2564.0	0.13458606372921889	SEQC	permutation	
2565.0	0.025038615447777524	SEQC	permutation	
2566.0	-0.06692225849643219	SEQC	permutation	
2567.0	0.12778626180375685	SEQC	permutation	
2568.0	-0.09260942396443284	SEQC	permutation	
2569.0	0.01344333564974498	SEQC	permutation	
2570.0	-0.028819612394926253	SEQC	permutation	
2571.0	0.0769594331951371	SEQC	permutation	
2572.0	0.1561275752634952	SEQC	permutation	
2573.0	0.03131945437579464	SEQC	permutation	
2574.0	-0.12613426914475312	SEQC	permutation	
2575.0	0.03493559656938228	SEQC	permutation	
2576.0	-0.0003218722991933376	SEQC	permutation	
2577.0	0.07030830084604389	SEQC	permutation	
2578.0	0.2750724738476631	SEQC	permutation	
2579.0	-0.11268868364946982	SEQC	permutation	
2580.0	-0.0346634354244193	SEQC	permutation	
2581.0	-0.028542473289904002	SEQC	permutation	
2582.0	0.12911652840359977	SEQC	permutation	
2583.0	0.11527976325661271	SEQC	permutation	
2584.0	0.06954765046657574	SEQC	permutation	
2585.0	-0.11419902568178664	SEQC	permutation	
2586.0	0.14371539346124962	SEQC	permutation	
2587.0	0.12299728617698413	SEQC	permutation	
2588.0	0.12244395529620267	SEQC	permutation	
2589.0	0.14705960449051947	SEQC	permutation	
2590.0	-0.15502580835232127	SEQC	permutation	
2591.0	0.1856151161174191	SEQC	permutation	
2592.0	-0.009885019563220077	SEQC	permutation	
2593.0	-0.17087809148509425	SEQC	permutation	
2594.0	0.10458270285262916	SEQC	permutation	
2595.0	0.04599051971860746	SEQC	permutation	
2596.0	0.09632177634924055	SEQC	permutation	
2597.0	-0.23010865294869376	SEQC	permutation	
2598.0	-0.11899469488839998	SEQC	permutation	
2599.0	-0.2663567538978473	SEQC	permutation	
2600.0	-0.05007095497321057	SEQC	permutation	
2601.0	0.1937408593631087	SEQC	permutation	
2602.0	-0.011198320484069768	SEQC	permutation	
2603.0	-0.05549135722255194	SEQC	permutation	
2604.0	0.06862258689164413	SEQC	permutation	
2605.0	0.09638193413678042	SEQC	permutation	
2606.0	0.08082458129450742	SEQC	permutation	
2607.0	0.050778932130205234	SEQC	permutation	
2608.0	0.12072309328686792	SEQC	permutation	
2609.0	0.057415251956839164	SEQC	permutation	
2610.0	0.08403246017433652	SEQC	permutation	
2611.0	0.11677689190329854	SEQC	permutation	
2612.0	-0.0008460974480133387	SEQC	permutation	
2613.0	-0.21508471624243253	SEQC	permutation	
2614.0	-0.10669531408513411	SEQC	permutation	
2615.0	-0.003671908650169975	SEQC	permutation	
2616.0	-0.03251930635201372	SEQC	permutation	
2617.0	-0.08308788210594464	SEQC	permutation	
2618.0	0.008124008784689885	SEQC	permutation	
2619.0	0.019242147404198384	SEQC	permutation	
2620.0	0.1598589438421394	SEQC	permutation	
2621.0	-0.20749903870377562	SEQC	permutation	
2622.0	0.05916875528366017	SEQC	permutation	
2623.0	-0.08703174714253681	SEQC	permutation	
2624.0	-0.011761702662605344	SEQC	permutation	
2625.0	0.026387922915227513	SEQC	permutation	
2626.0	0.079045416695112	SEQC	permutation	
2627.0	0.07519396283452195	SEQC	permutation	
2628.0	0.06829297970576231	SEQC	permutation	
2629.0	0.022597274384579258	SEQC	permutation	
2630.0	-0.3325898878063773	SEQC	permutation	
2631.0	0.14288980076651736	SEQC	permutation	
2632.0	-0.016337185627063988	SEQC	permutation	
2633.0	0.056166880456832935	SEQC	permutation	
2634.0	-0.007887684556595609	SEQC	permutation	
2635.0	0.1464494854075058	SEQC	permutation	
2636.0	0.08126677391647519	SEQC	permutation	
2637.0	-0.005956525823497039	SEQC	permutation	
2638.0	-0.06218058798657555	SEQC	permutation	
2639.0	0.2518166152258754	SEQC	permutation	
2640.0	0.023606776789188544	SEQC	permutation	
2641.0	0.15718638451685685	SEQC	permutation	
2642.0	0.04115244857330591	SEQC	permutation	
2643.0	-0.09817919975483314	SEQC	permutation	
2644.0	-0.0544203055142054	SEQC	permutation	
2645.0	0.05449445968092004	SEQC	permutation	
2646.0	-0.08397657532246416	SEQC	permutation	
2647.0	-0.059743639814707095	SEQC	permutation	
2648.0	-0.12463201250932077	SEQC	permutation	
2649.0	-0.11279693233108734	SEQC	permutation	
2650.0	0.3172081239803548	SEQC	permutation	
2651.0	-0.11000054038664775	SEQC	permutation	
2652.0	-0.05766815169778994	SEQC	permutation	
2653.0	-0.07601038395477477	SEQC	permutation	
2654.0	0.1691848291669258	SEQC	permutation	
2655.0	-0.29527009700189666	SEQC	permutation	
2656.0	-0.09572007402262361	SEQC	permutation	
2657.0	0.09726886252751665	SEQC	permutation	
2658.0	0.036371014636006116	SEQC	permutation	
2659.0	0.1091075333542113	SEQC	permutation	
2660.0	-0.05345091682330505	SEQC	permutation	
2661.0	-0.12218106801837969	SEQC	permutation	
2662.0	-0.06717046364925938	SEQC	permutation	
2663.0	-0.08698348279776713	SEQC	permutation	
2664.0	-0.011597303478507293	SEQC	permutation	
2665.0	0.1478253934446503	SEQC	permutation	
2666.0	0.10899004747787444	SEQC	permutation	
2667.0	-0.018783471951277164	SEQC	permutation	
2668.0	0.17767043732429855	SEQC	permutation	
2669.0	0.017871978278527045	SEQC	permutation	
2670.0	0.3374362566049678	SEQC	permutation	
2671.0	-0.10651378226304331	SEQC	permutation	
2672.0	0.009131607819274024	SEQC	permutation	
2673.0	-0.15963234673280713	SEQC	permutation	
2674.0	0.02181846810793342	SEQC	permutation	
2675.0	-0.19822321862438308	SEQC	permutation	
2676.0	-0.17399126294114797	SEQC	permutation	
2677.0	0.07822336536943375	SEQC	permutation	
2678.0	0.0052396172018704945	SEQC	permutation	
2679.0	-0.2140347219863301	SEQC	permutation	
2680.0	0.18332947202405503	SEQC	permutation	
2681.0	0.14258520840636812	SEQC	permutation	
2682.0	-0.20002916826408512	SEQC	permutation	
2683.0	-0.0007620505183218995	SEQC	permutation	
2684.0	0.10211153574114107	SEQC	permutation	
2685.0	-0.046148443662707095	SEQC	permutation	
2686.0	-0.10949740282717535	SEQC	permutation	
2687.0	-0.04985973736384253	SEQC	permutation	
2688.0	0.07678430877536879	SEQC	permutation	
2689.0	-0.17862630994091333	SEQC	permutation	
2690.0	-0.2119185284125118	SEQC	permutation	
2691.0	0.16123753114931727	SEQC	permutation	
2692.0	0.08608996066709818	SEQC	permutation	
2693.0	-0.010940278263853465	SEQC	permutation	
2694.0	-0.004280179835855158	SEQC	permutation	
2695.0	0.030923249258722585	SEQC	permutation	
2696.0	-0.15207813071444765	SEQC	permutation	
2697.0	-0.035240042616886846	SEQC	permutation	
2698.0	0.02419713370689891	SEQC	permutation	
2699.0	0.2520098340656798	SEQC	permutation	
2700.0	-0.026961688459940625	SEQC	permutation	
2701.0	0.05218770074580803	SEQC	permutation	
2702.0	-0.04014823943724544	SEQC	permutation	
2703.0	0.0852232936706816	SEQC	permutation	
2704.0	-0.10314551506430902	SEQC	permutation	
2705.0	-0.0021512343548746315	SEQC	permutation	
2706.0	0.038267036640119656	SEQC	permutation	
2707.0	0.1227562355547116	SEQC	permutation	
2708.0	0.11459851499550755	SEQC	permutation	
2709.0	-0.08733247967608015	SEQC	permutation	
2710.0	-0.009823329948253523	SEQC	permutation	
2711.0	0.1462398880211575	SEQC	permutation	
2712.0	0.0197116324162252	SEQC	permutation	
2713.0	0.09192991384701443	SEQC	permutation	
2714.0	-0.09852760178744457	SEQC	permutation	
2715.0	-0.03102724809215296	SEQC	permutation	
2716.0	0.1957197063988474	SEQC	permutation	
2717.0	-0.11848229928719167	SEQC	permutation	
2718.0	-0.16964982209027646	SEQC	permutation	
2719.0	-0.002070164197478519	SEQC	permutation	
2720.0	-0.13342810460436993	SEQC	permutation	
2721.0	0.14805209499452232	SEQC	permutation	
2722.0	-0.16477519967383358	SEQC	permutation	
2723.0	-0.0774942918916377	SEQC	permutation	
2724.0	-0.02121895520632311	SEQC	permutation	
2725.0	0.131206891135613	SEQC	permutation	
2726.0	0.05061935674161244	SEQC	permutation	
2727.0	0.03691778521856204	SEQC	permutation	
2728.0	0.010564369099809845	SEQC	permutation	
2729.0	-0.24772939432870267	SEQC	permutation	
2730.0	-0.12927967272190521	SEQC	permutation	
2731.0	-0.07870043369159685	SEQC	permutation	
2732.0	0.039358348914085184	SEQC	permutation	
2733.0	0.17482189985221908	SEQC	permutation	
2734.0	-0.301984513561365	SEQC	permutation	
2735.0	0.21631819007570563	SEQC	permutation	
2736.0	0.116498582508755	SEQC	permutation	
2737.0	-0.04774806888190852	SEQC	permutation	
2738.0	0.025124052879523795	SEQC	permutation	
2739.0	-0.2744524307081253	SEQC	permutation	
2740.0	-0.184806828245776	SEQC	permutation	
2741.0	0.005918604099311331	SEQC	permutation	
2742.0	0.010525006423086403	SEQC	permutation	
2743.0	0.001163278496860265	SEQC	permutation	
2744.0	0.06788025883801652	SEQC	permutation	
2745.0	-0.028686679141086024	SEQC	permutation	
2746.0	0.0555683672129188	SEQC	permutation	
2747.0	0.025640078449153947	SEQC	permutation	
2748.0	-0.06144174949582215	SEQC	permutation	
2749.0	0.20429522447742343	SEQC	permutation	
2750.0	-0.0674320547810483	SEQC	permutation	
2751.0	-0.0778158553660413	SEQC	permutation	
2752.0	0.03173982513492657	SEQC	permutation	
2753.0	0.055334872758933784	SEQC	permutation	
2754.0	0.2007843602000916	SEQC	permutation	
2755.0	0.05819551180419591	SEQC	permutation	
2756.0	0.03515688740437817	SEQC	permutation	
2757.0	0.001416881912176926	SEQC	permutation	
2758.0	0.08087258865213443	SEQC	permutation	
2759.0	0.09868070677746132	SEQC	permutation	
2760.0	-0.156534797600564	SEQC	permutation	
2761.0	-0.16981268306274266	SEQC	permutation	
2762.0	0.10622754126469047	SEQC	permutation	
2763.0	-0.011745765393620822	SEQC	permutation	
2764.0	-0.043890162656397	SEQC	permutation	
2765.0	0.1439767436389232	SEQC	permutation	
2766.0	0.0370512010396844	SEQC	permutation	
2767.0	-0.004862814565208318	SEQC	permutation	
2768.0	-0.11531843952407161	SEQC	permutation	
2769.0	0.36465521177000326	SEQC	permutation	
2770.0	0.09309266624136647	SEQC	permutation	
2771.0	-0.22477288372649884	SEQC	permutation	
2772.0	0.0016329981201632648	SEQC	permutation	
2773.0	0.15608422681092815	SEQC	permutation	
2774.0	0.17334125139198164	SEQC	permutation	
2775.0	0.03522592106857303	SEQC	permutation	
2776.0	-0.05737618080141971	SEQC	permutation	
2777.0	0.34640649018575687	SEQC	permutation	
2778.0	0.08105912469497234	SEQC	permutation	
2779.0	-0.02239315838041467	SEQC	permutation	
2780.0	0.215324565306382	SEQC	permutation	
2781.0	0.20622409074205628	SEQC	permutation	
2782.0	-0.02870213707963387	SEQC	permutation	
2783.0	-0.18906956822155863	SEQC	permutation	
2784.0	0.12819532222456687	SEQC	permutation	
2785.0	-0.07560688536558846	SEQC	permutation	
2786.0	0.09119674757424523	SEQC	permutation	
2787.0	-0.013285988857631992	SEQC	permutation	
2788.0	-0.0734528790306106	SEQC	permutation	
2789.0	0.04317549720522962	SEQC	permutation	
2790.0	0.08662799745635574	SEQC	permutation	
2791.0	0.10012769267659305	SEQC	permutation	
2792.0	-0.06634588530919139	SEQC	permutation	
2793.0	-0.037023354591993574	SEQC	permutation	
2794.0	0.0379628394183289	SEQC	permutation	
2795.0	-0.12247805967903957	SEQC	permutation	
2796.0	0.24198919181726186	SEQC	permutation	
2797.0	-0.14167281694272393	SEQC	permutation	
2798.0	0.027827468140267264	SEQC	permutation	
2799.0	0.14277673901190102	SEQC	permutation	
2800.0	-0.11855643501707469	SEQC	permutation	
2801.0	-0.10115093916365048	SEQC	permutation	
2802.0	0.1343113987816258	SEQC	permutation	
2803.0	-0.10407358130620903	SEQC	permutation	
2804.0	0.11419247890246353	SEQC	permutation	
2805.0	-0.051478389022245	SEQC	permutation	
2806.0	0.0471217906571999	SEQC	permutation	
2807.0	-0.10874350584490866	SEQC	permutation	
2808.0	-0.05583848408941794	SEQC	permutation	
2809.0	0.16358775184809726	SEQC	permutation	
2810.0	-0.09188199383124918	SEQC	permutation	
2811.0	0.27599819797525615	SEQC	permutation	
2812.0	0.014522094592734014	SEQC	permutation	
2813.0	-0.07765446144928223	SEQC	permutation	
2814.0	0.0937833464760871	SEQC	permutation	
2815.0	0.07988317731859507	SEQC	permutation	
2816.0	-0.26809281108280203	SEQC	permutation	
2817.0	0.02025698786254182	SEQC	permutation	
2818.0	-0.06760459621043324	SEQC	permutation	
2819.0	-0.08792116553955687	SEQC	permutation	
2820.0	0.04993510350699015	SEQC	permutation	
2821.0	-0.09082972732210592	SEQC	permutation	
2822.0	0.035982029678454985	SEQC	permutation	
2823.0	0.16274861383645156	SEQC	permutation	
2824.0	0.16007951878984805	SEQC	permutation	
2825.0	0.15458851846533594	SEQC	permutation	
2826.0	0.1389016149032667	SEQC	permutation	
2827.0	-0.18364872750233907	SEQC	permutation	
2828.0	-0.06112807931782349	SEQC	permutation	
2829.0	0.20728217205973642	SEQC	permutation	
2830.0	-0.06371445301491097	SEQC	permutation	
2831.0	-0.014749624746453804	SEQC	permutation	
2832.0	-0.04403192290067981	SEQC	permutation	
2833.0	0.05703156872171711	SEQC	permutation	
2834.0	0.2934931950902353	SEQC	permutation	
2835.0	0.2085583114767653	SEQC	permutation	
2836.0	-0.12153770709952383	SEQC	permutation	
2837.0	-0.22919662199760182	SEQC	permutation	
2838.0	0.024293102609865613	SEQC	permutation	
2839.0	-0.029473231085717977	SEQC	permutation	
2840.0	0.13489719882390805	SEQC	permutation	
2841.0	0.10550472556114787	SEQC	permutation	
2842.0	-0.1502769109955926	SEQC	permutation	
2843.0	-0.024130247242752922	SEQC	permutation	
2844.0	0.3073686251145302	SEQC	permutation	
2845.0	-0.043589533722927065	SEQC	permutation	
2846.0	0.1128717256024574	SEQC	permutation	
2847.0	-0.23896289075361032	SEQC	permutation	
2848.0	0.17494990370004349	SEQC	permutation	
2849.0	0.3858975006584062	SEQC	permutation	
2850.0	0.16102210151686247	SEQC	permutation	
2851.0	-0.01611584112457276	SEQC	permutation	
2852.0	0.0836340768593935	SEQC	permutation	
2853.0	0.09896779006863721	SEQC	permutation	
2854.0	0.1575891275699437	SEQC	permutation	
2855.0	0.2903236193162462	SEQC	permutation	
2856.0	0.19890149193010132	SEQC	permutation	
2857.0	0.1866225853998742	SEQC	permutation	
2858.0	-0.1557158732375692	SEQC	permutation	
2859.0	-0.2902635630990842	SEQC	permutation	
2860.0	0.05919410361445543	SEQC	permutation	
2861.0	0.12579509127895783	SEQC	permutation	
2862.0	-0.0066207375513211986	SEQC	permutation	
2863.0	0.03286698587283965	SEQC	permutation	
2864.0	0.08122533314898472	SEQC	permutation	
2865.0	-0.2165073037934464	SEQC	permutation	
2866.0	0.10855599830813834	SEQC	permutation	
2867.0	-0.09069050919040489	SEQC	permutation	
2868.0	-0.14475523236382948	SEQC	permutation	
2869.0	0.08789343303856612	SEQC	permutation	
2870.0	0.04856732458542101	SEQC	permutation	
2871.0	-0.21461269645901115	SEQC	permutation	
2872.0	0.03961368854741121	SEQC	permutation	
2873.0	0.034178273367439616	SEQC	permutation	
2874.0	0.28431034504367236	SEQC	permutation	
2875.0	0.17884132613047132	SEQC	permutation	
2876.0	-0.11596439946562764	SEQC	permutation	
2877.0	0.03666392294904597	SEQC	permutation	
2878.0	0.10516842436428675	SEQC	permutation	
2879.0	-0.06425072701029233	SEQC	permutation	
2880.0	-0.008487185010109144	SEQC	permutation	
2881.0	-0.02776830272682229	SEQC	permutation	
2882.0	0.26823805339472795	SEQC	permutation	
2883.0	0.171097167970931	SEQC	permutation	
2884.0	0.10884643684390838	SEQC	permutation	
2885.0	-0.1415048513623649	SEQC	permutation	
2886.0	0.06463059418451689	SEQC	permutation	
2887.0	-0.18365633153610794	SEQC	permutation	
2888.0	-0.11856217109201062	SEQC	permutation	
2889.0	0.20550642149171683	SEQC	permutation	
2890.0	0.10960810453051906	SEQC	permutation	
2891.0	-0.006077228813254898	SEQC	permutation	
2892.0	0.11522861118401018	SEQC	permutation	
2893.0	-0.22062701355001657	SEQC	permutation	
2894.0	-0.1331375557500163	SEQC	permutation	
2895.0	0.039955079227673274	SEQC	permutation	
2896.0	-0.03162952546157083	SEQC	permutation	
2897.0	0.1302157394973804	SEQC	permutation	
2898.0	0.028036376230126336	SEQC	permutation	
2899.0	0.04190180735773641	SEQC	permutation	
2900.0	-0.02233551565283154	SEQC	permutation	
2901.0	-0.03099137100519478	SEQC	permutation	
2902.0	-0.08726649520774465	SEQC	permutation	
2903.0	-0.1153477959788134	SEQC	permutation	
2904.0	0.11687920779487371	SEQC	permutation	
2905.0	0.012033081715753013	SEQC	permutation	
2906.0	-0.06375295991940799	SEQC	permutation	
2907.0	0.19843516114913484	SEQC	permutation	
2908.0	0.0448255204255501	SEQC	permutation	
2909.0	-0.14069679031684235	SEQC	permutation	
2910.0	-0.046538933855508446	SEQC	permutation	
2911.0	0.1315359512009806	SEQC	permutation	
2912.0	0.05612319358831197	SEQC	permutation	
2913.0	0.18021554911655535	SEQC	permutation	
2914.0	0.15479315638325186	SEQC	permutation	
2915.0	0.01799281029926636	SEQC	permutation	
2916.0	-0.05907473846472833	SEQC	permutation	
2917.0	-0.04401000435609159	SEQC	permutation	
2918.0	0.207369162700612	SEQC	permutation	
2919.0	-0.00023006141809744918	SEQC	permutation	
2920.0	-0.0007663198958240969	SEQC	permutation	
2921.0	0.2726367546704438	SEQC	permutation	
2922.0	0.08737599581950306	SEQC	permutation	
2923.0	-0.06411807634659894	SEQC	permutation	
2924.0	0.09678068345964608	SEQC	permutation	
2925.0	-0.1457122847640866	SEQC	permutation	
2926.0	0.08512165329195298	SEQC	permutation	
2927.0	-0.034292597145788584	SEQC	permutation	
2928.0	0.019082199076223993	SEQC	permutation	
2929.0	0.35916319309771705	SEQC	permutation	
2930.0	-0.12746303482880972	SEQC	permutation	
2931.0	-0.09886611397000333	SEQC	permutation	
2932.0	-0.07079456358153369	SEQC	permutation	
2933.0	-0.004058054585319049	SEQC	permutation	
2934.0	0.028595590352471056	SEQC	permutation	
2935.0	0.014831825338785798	SEQC	permutation	
2936.0	-0.033458248196876816	SEQC	permutation	
2937.0	0.050287533939036955	SEQC	permutation	
2938.0	0.10242734676214393	SEQC	permutation	
2939.0	-0.15233427802007693	SEQC	permutation	
2940.0	0.1798974230092103	SEQC	permutation	
2941.0	0.025534971327382472	SEQC	permutation	
2942.0	0.13676173818284365	SEQC	permutation	
2943.0	0.013209246553326892	SEQC	permutation	
2944.0	0.12017933864162078	SEQC	permutation	
2945.0	-0.048701807280041365	SEQC	permutation	
2946.0	-0.14812052593822944	SEQC	permutation	
2947.0	0.2155926592576014	SEQC	permutation	
2948.0	0.33002930521085627	SEQC	permutation	
2949.0	0.09920445424719126	SEQC	permutation	
2950.0	-0.20423809208622146	SEQC	permutation	
2951.0	-0.07846538649624879	SEQC	permutation	
2952.0	0.12620402605223902	SEQC	permutation	
2953.0	-0.06714945864731092	SEQC	permutation	
2954.0	-0.06408431629407918	SEQC	permutation	
2955.0	-0.14197751003239567	SEQC	permutation	
2956.0	-0.0015524378514681914	SEQC	permutation	
2957.0	0.020635004447512983	SEQC	permutation	
2958.0	0.0512480402545652	SEQC	permutation	
2959.0	-0.22918490493075172	SEQC	permutation	
2960.0	0.07897934524817352	SEQC	permutation	
2961.0	-0.016192043130541123	SEQC	permutation	
2962.0	-0.05519456289657043	SEQC	permutation	
2963.0	0.01566647773339991	SEQC	permutation	
2964.0	-0.06758351031459675	SEQC	permutation	
2965.0	0.09114113062952178	SEQC	permutation	
2966.0	-0.10341053292999192	SEQC	permutation	
2967.0	0.012914545404517419	SEQC	permutation	
2968.0	0.07564218885005047	SEQC	permutation	
2969.0	0.1805720317944033	SEQC	permutation	
2970.0	-0.0977156382842983	SEQC	permutation	
2971.0	0.04933412454492814	SEQC	permutation	
2972.0	0.07132101565869764	SEQC	permutation	
2973.0	0.05838746402436623	SEQC	permutation	
2974.0	0.1538620505884465	SEQC	permutation	
2975.0	-0.15399604235546516	SEQC	permutation	
2976.0	-0.11923025334292792	SEQC	permutation	
2977.0	-0.22745243991032726	SEQC	permutation	
2978.0	-0.04614676704116771	SEQC	permutation	
2979.0	-0.4517063984805221	SEQC	permutation	
2980.0	0.08578791975017896	SEQC	permutation	
2981.0	-0.03688660659006793	SEQC	permutation	
2982.0	-0.07615942710648493	SEQC	permutation	
2983.0	-0.03629161813992088	SEQC	permutation	
2984.0	0.22001198661596177	SEQC	permutation	
2985.0	-0.023836504615809773	SEQC	permutation	
2986.0	0.2237929147185378	SEQC	permutation	
2987.0	0.0650507001634324	SEQC	permutation	
2988.0	0.03250302995228527	SEQC	permutation	
2989.0	0.16780746228991195	SEQC	permutation	
2990.0	0.05504897272540976	SEQC	permutation	
2991.0	-0.008021952592335957	SEQC	permutation	
2992.0	-0.0559149611960752	SEQC	permutation	
2993.0	0.12118878888515905	SEQC	permutation	
2994.0	-0.16439348743026283	SEQC	permutation	
2995.0	-0.026267305483858472	SEQC	permutation	
2996.0	0.05067888044364022	SEQC	permutation	
2997.0	0.10216851377410752	SEQC	permutation	
2998.0	-0.03490731847059436	SEQC	permutation	
2999.0	0.05877674506172603	SEQC	permutation	
3000.0	0.15984855251048824	SEQC	permutation	
3001.0	-0.06800622478102714	SEQC	permutation	
3002.0	0.17105890422392722	SEQC	permutation	
3003.0	-0.013189907350572128	SEQC	permutation	
3004.0	-0.03971045283500452	SEQC	permutation	
3005.0	-0.06356975752753424	SEQC	permutation	
3006.0	0.04923457786231378	SEQC	permutation	
3007.0	-0.07214634034565037	SEQC	permutation	
3008.0	0.08098912957846416	SEQC	permutation	
3009.0	0.16023602920499513	SEQC	permutation	
3010.0	0.00040918575293602544	SEQC	permutation	
3011.0	-0.06856115400797425	SEQC	permutation	
3012.0	-0.002416485571599125	SEQC	permutation	
3013.0	-0.055078763037600176	SEQC	permutation	
3014.0	-0.06459704357356255	SEQC	permutation	
3015.0	-0.27925482483695685	SEQC	permutation	
3016.0	-0.04586722893701012	SEQC	permutation	
3017.0	0.05692553481708362	SEQC	permutation	
3018.0	-0.16707250700998788	SEQC	permutation	
3019.0	-0.1271031585538278	SEQC	permutation	
3020.0	-0.3599975923219416	SEQC	permutation	
3021.0	-0.13812014758041258	SEQC	permutation	
3022.0	0.13979683032841095	SEQC	permutation	
3023.0	0.15235134544955908	SEQC	permutation	
3024.0	-0.011520221084704296	SEQC	permutation	
3025.0	-0.05976223485318766	SEQC	permutation	
3026.0	-0.20800333582235098	SEQC	permutation	
3027.0	0.1579603275619048	SEQC	permutation	
3028.0	0.2142936030321625	SEQC	permutation	
3029.0	-0.07201965894103601	SEQC	permutation	
3030.0	-0.15545166705059987	SEQC	permutation	
3031.0	0.0446018978832976	SEQC	permutation	
3032.0	0.016765837215882762	SEQC	permutation	
3033.0	0.008113036246517602	SEQC	permutation	
3034.0	0.06250352600168263	SEQC	permutation	
3035.0	0.20225163552586345	SEQC	permutation	
3036.0	-0.15132808989651014	SEQC	permutation	
3037.0	0.12097277162225684	SEQC	permutation	
3038.0	-0.021664689567082007	SEQC	permutation	
3039.0	0.12345212605382905	SEQC	permutation	
3040.0	-0.0527519075047751	SEQC	permutation	
3041.0	-0.15140499414522868	SEQC	permutation	
3042.0	-0.021005328281735736	SEQC	permutation	
3043.0	-0.005843290844926408	SEQC	permutation	
3044.0	-0.06023986986173213	SEQC	permutation	
3045.0	-0.0786263378095109	SEQC	permutation	
3046.0	0.013097352485701208	SEQC	permutation	
3047.0	0.0673234015536659	SEQC	permutation	
3048.0	0.2863813928291581	SEQC	permutation	
3049.0	0.011176630188305836	SEQC	permutation	
3050.0	-0.015773724677206502	SEQC	permutation	
3051.0	0.09647537371258164	SEQC	permutation	
3052.0	0.2330187902790657	SEQC	permutation	
3053.0	-0.1621177302676804	SEQC	permutation	
3054.0	-0.02731002508046032	SEQC	permutation	
3055.0	-0.009520261250297146	SEQC	permutation	
3056.0	0.1122263004039068	SEQC	permutation	
3057.0	-0.019909144234226517	SEQC	permutation	
3058.0	-0.15367176566305307	SEQC	permutation	
3059.0	-0.15662087212939468	SEQC	permutation	
3060.0	0.05948678290498233	SEQC	permutation	
3061.0	-0.08214156225992753	SEQC	permutation	
3062.0	0.08405028031558004	SEQC	permutation	
3063.0	0.0286125689755945	SEQC	permutation	
3064.0	0.05658079284678319	SEQC	permutation	
3065.0	0.03872255073073383	SEQC	permutation	
3066.0	0.04964088457945692	SEQC	permutation	
3067.0	0.009072486483644226	SEQC	permutation	
3068.0	0.049342010015857696	SEQC	permutation	
3069.0	-0.06658348926236002	SEQC	permutation	
3070.0	-0.041088553582101284	SEQC	permutation	
3071.0	0.30579055873274985	SEQC	permutation	
3072.0	0.11695583043962188	SEQC	permutation	
3073.0	-0.1122550559531641	SEQC	permutation	
3074.0	0.05581752898997916	SEQC	permutation	
3075.0	-0.22504486384503508	SEQC	permutation	
3076.0	-0.08463486007227683	SEQC	permutation	
3077.0	-0.1576509990553836	SEQC	permutation	
3078.0	0.23797120860338072	SEQC	permutation	
3079.0	0.2269824714391433	SEQC	permutation	
3080.0	0.04152132926207841	SEQC	permutation	
3081.0	0.09449097085566471	SEQC	permutation	
3082.0	0.16585718358522605	SEQC	permutation	
3083.0	-0.023270310513372472	SEQC	permutation	
3084.0	-0.1873925139319681	SEQC	permutation	
3085.0	-0.0983380690983422	SEQC	permutation	
3086.0	-4.835559910798537e-05	SEQC	permutation	
3087.0	-0.009361473786049679	SEQC	permutation	
3088.0	-0.2056279877971372	SEQC	permutation	
3089.0	-0.02627996000334676	SEQC	permutation	
3090.0	0.0602918317483061	SEQC	permutation	
3091.0	-0.14205661041453244	SEQC	permutation	
3092.0	0.03353434781867026	SEQC	permutation	
3093.0	-0.057015075263077364	SEQC	permutation	
3094.0	0.10156321764422138	SEQC	permutation	
3095.0	0.08509267267630527	SEQC	permutation	
3096.0	-0.02070095651963655	SEQC	permutation	
3097.0	0.08784041940601472	SEQC	permutation	
3098.0	0.008148509536467508	SEQC	permutation	
3099.0	0.11379535910850613	SEQC	permutation	
3100.0	-0.017282287220997006	SEQC	permutation	
3101.0	-0.0432786378354022	SEQC	permutation	
3102.0	-0.00018408004942482847	SEQC	permutation	
3103.0	-0.09226354324002806	SEQC	permutation	
3104.0	0.1726944868086422	SEQC	permutation	
3105.0	0.0702368468920449	SEQC	permutation	
3106.0	-0.16458011397954397	SEQC	permutation	
3107.0	-0.23556647800473662	SEQC	permutation	
3108.0	0.28237657476946243	SEQC	permutation	
3109.0	-0.015822652145060623	SEQC	permutation	
3110.0	-0.04182294876325088	SEQC	permutation	
3111.0	0.06048933462824557	SEQC	permutation	
3112.0	-0.07217958219234788	SEQC	permutation	
3113.0	-0.08355398785668378	SEQC	permutation	
3114.0	0.06871508295956374	SEQC	permutation	
3115.0	-0.12014914928636333	SEQC	permutation	
3116.0	0.010857816712030122	SEQC	permutation	
3117.0	-0.16303782234718955	SEQC	permutation	
3118.0	-0.06654511377687022	SEQC	permutation	
3119.0	-0.08163648996574313	SEQC	permutation	
3120.0	-0.03636704317881723	SEQC	permutation	
3121.0	-0.00972037546533322	SEQC	permutation	
3122.0	0.020982179868910045	SEQC	permutation	
3123.0	0.05741548932846463	SEQC	permutation	
3124.0	-0.09415304253848333	SEQC	permutation	
3125.0	-0.08852751772270917	SEQC	permutation	
3126.0	0.039183746834211775	SEQC	permutation	
3127.0	-0.04306938990908726	SEQC	permutation	
3128.0	-0.037572504140479523	SEQC	permutation	
3129.0	-0.10807122743841191	SEQC	permutation	
3130.0	0.12900361910211444	SEQC	permutation	
3131.0	-0.1027198514745713	SEQC	permutation	
3132.0	0.029486409957328874	SEQC	permutation	
3133.0	0.07198040400374417	SEQC	permutation	
3134.0	-0.05623101720464252	SEQC	permutation	
3135.0	0.3915936904888886	SEQC	permutation	
3136.0	-0.007819500033657611	SEQC	permutation	
3137.0	0.027607024290897897	SEQC	permutation	
3138.0	-0.046010929545864165	SEQC	permutation	
3139.0	-0.05037221863492025	SEQC	permutation	
3140.0	0.12377021655413589	SEQC	permutation	
3141.0	0.12321157994870457	SEQC	permutation	
3142.0	-0.07279802110729872	SEQC	permutation	
3143.0	0.0737390256659225	SEQC	permutation	
3144.0	-0.10482199029025363	SEQC	permutation	
3145.0	-0.16085902539802976	SEQC	permutation	
3146.0	0.11826856502031102	SEQC	permutation	
3147.0	-0.25560718901953994	SEQC	permutation	
3148.0	0.06259761024399246	SEQC	permutation	
3149.0	0.001192730298392064	SEQC	permutation	
3150.0	-0.10767737885762507	SEQC	permutation	
3151.0	-0.12594724322641593	SEQC	permutation	
3152.0	-0.03907651509425136	SEQC	permutation	
3153.0	0.03064379886341584	SEQC	permutation	
3154.0	0.1735883461016492	SEQC	permutation	
3155.0	-0.05637209932163323	SEQC	permutation	
3156.0	0.20939022184581368	SEQC	permutation	
3157.0	-0.11244197209154105	SEQC	permutation	
3158.0	0.12315096452193508	SEQC	permutation	
3159.0	0.27805120720013843	SEQC	permutation	
3160.0	-0.06059160254619833	SEQC	permutation	
3161.0	-0.23723945781479028	SEQC	permutation	
3162.0	-0.12681441209280742	SEQC	permutation	
3163.0	-0.043466591189449844	SEQC	permutation	
3164.0	-0.012517575040495998	SEQC	permutation	
3165.0	-0.024762477747639622	SEQC	permutation	
3166.0	0.00020888282304021288	SEQC	permutation	
3167.0	0.13150476281575774	SEQC	permutation	
3168.0	0.0024522266362119183	SEQC	permutation	
3169.0	-0.06743011345300332	SEQC	permutation	
3170.0	-0.0812307740770386	SEQC	permutation	
3171.0	0.0953370792026611	SEQC	permutation	
3172.0	-0.06227133683568287	SEQC	permutation	
3173.0	0.108728944579922	SEQC	permutation	
3174.0	-0.029815634907040867	SEQC	permutation	
3175.0	-0.1261234848795354	SEQC	permutation	
3176.0	0.020631154997157175	SEQC	permutation	
3177.0	0.08360560287245544	SEQC	permutation	
3178.0	0.11699877287039495	SEQC	permutation	
3179.0	0.017316608298156844	SEQC	permutation	
3180.0	-0.06353465370021194	SEQC	permutation	
3181.0	-0.09509381208081358	SEQC	permutation	
3182.0	0.1570843887518807	SEQC	permutation	
3183.0	-0.320615998638651	SEQC	permutation	
3184.0	-0.08546455452919854	SEQC	permutation	
3185.0	-0.08331008486618341	SEQC	permutation	
3186.0	0.020578348207926034	SEQC	permutation	
3187.0	0.07469629360027152	SEQC	permutation	
3188.0	-0.155385845554723	SEQC	permutation	
3189.0	-0.03715017382121566	SEQC	permutation	
3190.0	0.06130063189328183	SEQC	permutation	
3191.0	-0.002129236527546041	SEQC	permutation	
3192.0	-0.22099452548384768	SEQC	permutation	
3193.0	0.005426490341793766	SEQC	permutation	
3194.0	-0.08809456855885056	SEQC	permutation	
3195.0	0.06351657388268972	SEQC	permutation	
3196.0	0.016048209175955286	SEQC	permutation	
3197.0	-0.11495211369970182	SEQC	permutation	
3198.0	-0.22856640197825762	SEQC	permutation	
3199.0	-0.12937108184736967	SEQC	permutation	
3200.0	0.010455678091081388	SEQC	permutation	
3201.0	0.028202177649540694	SEQC	permutation	
3202.0	0.11679894692957227	SEQC	permutation	
3203.0	-0.13638129383988762	SEQC	permutation	
3204.0	0.042449279052421574	SEQC	permutation	
3205.0	0.14341016239510562	SEQC	permutation	
3206.0	-0.1831944934933203	SEQC	permutation	
3207.0	-0.17663431862007783	SEQC	permutation	
3208.0	-0.03964020566924997	SEQC	permutation	
3209.0	-0.01963683720920084	SEQC	permutation	
3210.0	0.1421338807978767	SEQC	permutation	
3211.0	-0.051003420501875674	SEQC	permutation	
3212.0	-0.050610150288477485	SEQC	permutation	
3213.0	-0.073523205671151	SEQC	permutation	
3214.0	-0.14665169781811116	SEQC	permutation	
3215.0	0.098899119087271	SEQC	permutation	
3216.0	-0.03261833780521606	SEQC	permutation	
3217.0	0.09819727463871697	SEQC	permutation	
3218.0	0.04707652913197169	SEQC	permutation	
3219.0	-0.1973988079383453	SEQC	permutation	
3220.0	0.07278818499696627	SEQC	permutation	
3221.0	0.15101033577057965	SEQC	permutation	
3222.0	0.05466203292168714	SEQC	permutation	
3223.0	0.04315729254225609	SEQC	permutation	
3224.0	-0.1035056987096663	SEQC	permutation	
3225.0	0.12539592502271635	SEQC	permutation	
3226.0	-0.10043328720014788	SEQC	permutation	
3227.0	0.15809216559099237	SEQC	permutation	
3228.0	0.06048183675960761	SEQC	permutation	
3229.0	-0.126643804814206	SEQC	permutation	
3230.0	-0.139140698036897	SEQC	permutation	
3231.0	0.14151215927348915	SEQC	permutation	
3232.0	0.12879804976303433	SEQC	permutation	
3233.0	0.18115783720879364	SEQC	permutation	
3234.0	-0.18362375333053294	SEQC	permutation	
3235.0	0.01973566445444419	SEQC	permutation	
3236.0	0.11520462633047757	SEQC	permutation	
3237.0	0.044363182708537785	SEQC	permutation	
3238.0	0.12037358929565567	SEQC	permutation	
3239.0	-0.03941713707819172	SEQC	permutation	
3240.0	0.11954372182056172	SEQC	permutation	
3241.0	-0.01147773981690392	SEQC	permutation	
3242.0	0.16404591772673882	SEQC	permutation	
3243.0	-0.07933738802134904	SEQC	permutation	
3244.0	0.005553134981537866	SEQC	permutation	
3245.0	0.16840289769863848	SEQC	permutation	
3246.0	0.31466210287080454	SEQC	permutation	
3247.0	0.049167492224546194	SEQC	permutation	
3248.0	0.05432367793101278	SEQC	permutation	
3249.0	0.07074142086755764	SEQC	permutation	
3250.0	0.13907235026677256	SEQC	permutation	
3251.0	-0.0533688726796564	SEQC	permutation	
3252.0	0.2851064794444982	SEQC	permutation	
3253.0	0.23659291015706074	SEQC	permutation	
3254.0	-0.21805205909258607	SEQC	permutation	
3255.0	-0.16509983254982608	SEQC	permutation	
3256.0	0.09368215242420153	SEQC	permutation	
3257.0	0.02452384484431125	SEQC	permutation	
3258.0	0.012338308901953532	SEQC	permutation	
3259.0	0.17298097324951556	SEQC	permutation	
3260.0	0.05801017190058477	SEQC	permutation	
3261.0	-0.058720284504865994	SEQC	permutation	
3262.0	0.05609377586767472	SEQC	permutation	
3263.0	0.1143918728151192	SEQC	permutation	
3264.0	0.24992749160031646	SEQC	permutation	
3265.0	0.014297371623394284	SEQC	permutation	
3266.0	0.25579213351362196	SEQC	permutation	
3267.0	0.100936718425789	SEQC	permutation	
3268.0	0.01987909318413017	SEQC	permutation	
3269.0	0.06957445789641703	SEQC	permutation	
3270.0	0.10821627962660774	SEQC	permutation	
3271.0	0.1471750707050523	SEQC	permutation	
3272.0	0.10106876938844067	SEQC	permutation	
3273.0	0.23294991718982772	SEQC	permutation	
3274.0	-0.012341412948633668	SEQC	permutation	
3275.0	-0.10265969123243046	SEQC	permutation	
3276.0	0.02318436260134682	SEQC	permutation	
3277.0	0.13965087424708233	SEQC	permutation	
3278.0	0.03972448504732107	SEQC	permutation	
3279.0	-0.2040800350196239	SEQC	permutation	
3280.0	0.07641488217896697	SEQC	permutation	
3281.0	-0.04235133247241318	SEQC	permutation	
3282.0	-0.0643804750292265	SEQC	permutation	
3283.0	0.06891460092265156	SEQC	permutation	
3284.0	0.13595036411715355	SEQC	permutation	
3285.0	-0.1665669160970653	SEQC	permutation	
3286.0	-0.08805581777503324	SEQC	permutation	
3287.0	-0.08964620001966583	SEQC	permutation	
3288.0	-0.2557909408786134	SEQC	permutation	
3289.0	0.051237090878514024	SEQC	permutation	
3290.0	-0.17350848867092772	SEQC	permutation	
3291.0	0.15424701886299363	SEQC	permutation	
3292.0	0.03143512463007703	SEQC	permutation	
3293.0	0.13505683695197224	SEQC	permutation	
3294.0	-0.11554667627092563	SEQC	permutation	
3295.0	-0.021396245373015432	SEQC	permutation	
3296.0	0.023055242730754877	SEQC	permutation	
3297.0	0.03491290965828053	SEQC	permutation	
3298.0	0.10050842364703616	SEQC	permutation	
3299.0	-0.031780252338694304	SEQC	permutation	
3300.0	0.1755235060535254	SEQC	permutation	
3301.0	0.060196850324917506	SEQC	permutation	
3302.0	0.11400439375779836	SEQC	permutation	
3303.0	-0.10479323596963486	SEQC	permutation	
3304.0	-0.08726723631286326	SEQC	permutation	
3305.0	-0.0482507985391285	SEQC	permutation	
3306.0	-0.08640110447684357	SEQC	permutation	
3307.0	0.14553472279119806	SEQC	permutation	
3308.0	0.025712001137430107	SEQC	permutation	
3309.0	0.12780843350635784	SEQC	permutation	
3310.0	-0.04620587257376041	SEQC	permutation	
3311.0	-0.08622959351137993	SEQC	permutation	
3312.0	0.17626947236210722	SEQC	permutation	
3313.0	0.044654585960777204	SEQC	permutation	
3314.0	0.0016540355333054535	SEQC	permutation	
3315.0	0.3788589619148963	SEQC	permutation	
3316.0	0.027581689939401244	SEQC	permutation	
3317.0	0.02912453340532295	SEQC	permutation	
3318.0	-0.0039481449079410424	SEQC	permutation	
3319.0	0.024074283313833433	SEQC	permutation	
3320.0	-0.14611281989683622	SEQC	permutation	
3321.0	0.08581945331025675	SEQC	permutation	
3322.0	0.0905106989425759	SEQC	permutation	
3323.0	0.19283882719052858	SEQC	permutation	
3324.0	0.0790211503297309	SEQC	permutation	
3325.0	0.005660169096437961	SEQC	permutation	
3326.0	-0.08468477436163724	SEQC	permutation	
3327.0	0.40050682269063564	SEQC	permutation	
3328.0	0.012457835910524295	SEQC	permutation	
3329.0	0.048134494477358736	SEQC	permutation	
3330.0	0.08821809433680539	SEQC	permutation	
3331.0	0.1837985934796924	SEQC	permutation	
3332.0	0.08671881795960434	SEQC	permutation	
3333.0	-0.0020507205533633055	SEQC	permutation	
3334.0	0.037191806970914065	SEQC	permutation	
3335.0	-0.21093917902030324	SEQC	permutation	
3336.0	0.0268888349790668	SEQC	permutation	
3337.0	0.08041935817289314	SEQC	permutation	
3338.0	0.011041560784759596	SEQC	permutation	
3339.0	-0.24046625130908517	SEQC	permutation	
3340.0	0.06648035048901058	SEQC	permutation	
3341.0	0.20192568350865958	SEQC	permutation	
3342.0	0.038518592319913836	SEQC	permutation	
3343.0	0.12713253301922922	SEQC	permutation	
3344.0	0.07366144815842102	SEQC	permutation	
3345.0	0.027371344525723984	SEQC	permutation	
3346.0	0.0667853193182868	SEQC	permutation	
3347.0	-0.11250386794295775	SEQC	permutation	
3348.0	0.2425135523075692	SEQC	permutation	
3349.0	-0.005882166999735539	SEQC	permutation	
3350.0	0.04209219920318663	SEQC	permutation	
3351.0	-0.15606456952632985	SEQC	permutation	
3352.0	0.029443382416345365	SEQC	permutation	
3353.0	0.02193794811345473	SEQC	permutation	
3354.0	-0.017493396495996016	SEQC	permutation	
3355.0	-0.04564427456141473	SEQC	permutation	
3356.0	0.23540989346743402	SEQC	permutation	
3357.0	0.07707367135701837	SEQC	permutation	
3358.0	-0.11630409942422038	SEQC	permutation	
3359.0	0.07442469382074712	SEQC	permutation	
3360.0	-0.08193142972836576	SEQC	permutation	
3361.0	0.0210886277873108	SEQC	permutation	
3362.0	0.11413367657783624	SEQC	permutation	
3363.0	-0.036942149687066994	SEQC	permutation	
3364.0	-0.04438629691390972	SEQC	permutation	
3365.0	0.007834110417787699	SEQC	permutation	
3366.0	-0.00275484522227476	SEQC	permutation	
3367.0	-0.10689668783592232	SEQC	permutation	
3368.0	-0.19620839220951947	SEQC	permutation	
3369.0	-0.35939033283263555	SEQC	permutation	
3370.0	-0.12709480192250666	SEQC	permutation	
3371.0	0.0026679027200593453	SEQC	permutation	
3372.0	-0.04820604053046029	SEQC	permutation	
3373.0	0.14545475384135287	SEQC	permutation	
3374.0	0.015423258554469577	SEQC	permutation	
3375.0	-0.07255259038130202	SEQC	permutation	
3376.0	0.0918023611851666	SEQC	permutation	
3377.0	0.005315403822163667	SEQC	permutation	
3378.0	0.07779461961790624	SEQC	permutation	
3379.0	-0.12379368716757089	SEQC	permutation	
3380.0	0.023162584165302924	SEQC	permutation	
3381.0	0.016650360779759232	SEQC	permutation	
3382.0	0.17199477956880216	SEQC	permutation	
3383.0	-0.07801864159827776	SEQC	permutation	
3384.0	0.26013360620889525	SEQC	permutation	
3385.0	-0.07793113827022857	SEQC	permutation	
3386.0	0.05134753623598609	SEQC	permutation	
3387.0	0.0019119639490874363	SEQC	permutation	
3388.0	-0.14109587872235263	SEQC	permutation	
3389.0	-0.13893457386450248	SEQC	permutation	
3390.0	-0.0695035710982328	SEQC	permutation	
3391.0	0.07020031805006077	SEQC	permutation	
3392.0	-0.07355867853294473	SEQC	permutation	
3393.0	0.2400378487502426	SEQC	permutation	
3394.0	-0.0027798771609077733	SEQC	permutation	
3395.0	0.044983629219689014	SEQC	permutation	
3396.0	-0.01671404715595859	SEQC	permutation	
3397.0	-0.008695469173807702	SEQC	permutation	
3398.0	-0.3196640285033485	SEQC	permutation	
3399.0	-0.051356355676583476	SEQC	permutation	
3400.0	0.06400297513954989	SEQC	permutation	
3401.0	-0.051008127493248345	SEQC	permutation	
3402.0	-0.1860348882203393	SEQC	permutation	
3403.0	0.2226911434667569	SEQC	permutation	
3404.0	0.09299291833195777	SEQC	permutation	
3405.0	0.18026941272941954	SEQC	permutation	
3406.0	0.18621170035515888	SEQC	permutation	
3407.0	0.10515260829388229	SEQC	permutation	
3408.0	0.2534970217090846	SEQC	permutation	
3409.0	-0.01699265136869066	SEQC	permutation	
3410.0	0.09231498927970527	SEQC	permutation	
3411.0	0.03677440676668908	SEQC	permutation	
3412.0	0.010928360827310968	SEQC	permutation	
3413.0	0.20563359194103104	SEQC	permutation	
3414.0	0.24484884859470846	SEQC	permutation	
3415.0	0.1412423107897416	SEQC	permutation	
3416.0	-0.15748596355218858	SEQC	permutation	
3417.0	-0.11691460661116349	SEQC	permutation	
3418.0	0.2176365913461371	SEQC	permutation	
3419.0	-0.16074949281400297	SEQC	permutation	
3420.0	-0.04046653598758354	SEQC	permutation	
3421.0	0.25738842847780674	SEQC	permutation	
3422.0	-0.20512015666790617	SEQC	permutation	
3423.0	0.13835724090525847	SEQC	permutation	
3424.0	0.004941874929526691	SEQC	permutation	
3425.0	-0.05356350638477991	SEQC	permutation	
3426.0	0.0012712012134432626	SEQC	permutation	
3427.0	0.024713329401790496	SEQC	permutation	
3428.0	0.15849484199198738	SEQC	permutation	
3429.0	0.17291051567193794	SEQC	permutation	
3430.0	-0.057240538653211104	SEQC	permutation	
3431.0	0.3341623999279193	SEQC	permutation	
3432.0	-0.231204078514879	SEQC	permutation	
3433.0	-0.1801409048216227	SEQC	permutation	
3434.0	-0.0027641994509526313	SEQC	permutation	
3435.0	0.12933087251499398	SEQC	permutation	
3436.0	0.12935423848238337	SEQC	permutation	
3437.0	0.06006983466508231	SEQC	permutation	
3438.0	0.25673135223034826	SEQC	permutation	
3439.0	0.1506007130485294	SEQC	permutation	
3440.0	-0.07026845191203535	SEQC	permutation	
3441.0	0.2163560278428207	SEQC	permutation	
3442.0	-0.171856903271963	SEQC	permutation	
3443.0	-0.019682907755700363	SEQC	permutation	
3444.0	-0.0537463157255198	SEQC	permutation	
3445.0	0.20239437671261662	SEQC	permutation	
3446.0	0.10947643322742273	SEQC	permutation	
3447.0	-0.18334950644955583	SEQC	permutation	
3448.0	-0.1742864965104598	SEQC	permutation	
3449.0	0.166336359396551	SEQC	permutation	
3450.0	0.14173921296162462	SEQC	permutation	
3451.0	0.1438853408433136	SEQC	permutation	
3452.0	0.054665342099181835	SEQC	permutation	
3453.0	0.10045253665040921	SEQC	permutation	
3454.0	0.15445285114662877	SEQC	permutation	
3455.0	0.11824895424576098	SEQC	permutation	
3456.0	-0.19847570999221453	SEQC	permutation	
3457.0	0.01687944413227349	SEQC	permutation	
3458.0	0.18120640885498673	SEQC	permutation	
3459.0	-0.03820169808605467	SEQC	permutation	
3460.0	0.10628979077474643	SEQC	permutation	
3461.0	0.1762810738360887	SEQC	permutation	
3462.0	0.0795564916791438	SEQC	permutation	
3463.0	-0.0507651619675169	SEQC	permutation	
3464.0	0.3576188527712558	SEQC	permutation	
3465.0	0.035591018268025465	SEQC	permutation	
3466.0	-0.08034805578872195	SEQC	permutation	
3467.0	0.16400941829275784	SEQC	permutation	
3468.0	-0.08390773302594745	SEQC	permutation	
3469.0	0.04258657887839057	SEQC	permutation	
3470.0	0.20865422614281126	SEQC	permutation	
3471.0	-0.02376386538598041	SEQC	permutation	
3472.0	0.045911666605436	SEQC	permutation	
3473.0	0.05250873707170989	SEQC	permutation	
3474.0	0.36397733720379843	SEQC	permutation	
3475.0	-0.12544905793525007	SEQC	permutation	
3476.0	0.11601205086157584	SEQC	permutation	
3477.0	0.03593142080470901	SEQC	permutation	
3478.0	0.05235708778438841	SEQC	permutation	
3479.0	-0.055301682103511496	SEQC	permutation	
3480.0	-0.19335432133526442	SEQC	permutation	
3481.0	0.11530834726199135	SEQC	permutation	
3482.0	-0.07275464565058876	SEQC	permutation	
3483.0	0.2702823362500286	SEQC	permutation	
3484.0	0.06618407110608615	SEQC	permutation	
3485.0	0.007994294208738317	SEQC	permutation	
3486.0	0.07863026015656249	SEQC	permutation	
3487.0	0.11566021312522601	SEQC	permutation	
3488.0	0.11808148995022716	SEQC	permutation	
3489.0	0.18253437625363222	SEQC	permutation	
3490.0	0.18836153284099932	SEQC	permutation	
3491.0	0.1578033940875354	SEQC	permutation	
3492.0	-0.22695803833804717	SEQC	permutation	
3493.0	-0.11263403861200594	SEQC	permutation	
3494.0	-0.1078504863570986	SEQC	permutation	
3495.0	0.144215939532506	SEQC	permutation	
3496.0	0.017106717174647734	SEQC	permutation	
3497.0	-0.03350688366991861	SEQC	permutation	
3498.0	-0.19697897466244463	SEQC	permutation	
3499.0	0.04045324633713321	SEQC	permutation	
3500.0	0.12059244938573066	SEQC	permutation	
3501.0	0.21535252491382373	SEQC	permutation	
3502.0	-0.0434967418753871	SEQC	permutation	
3503.0	-0.08288050682283199	SEQC	permutation	
3504.0	-0.10501070458033457	SEQC	permutation	
3505.0	-0.09976102028939948	SEQC	permutation	
3506.0	-0.18036594962444585	SEQC	permutation	
3507.0	-0.08307041876322696	SEQC	permutation	
3508.0	0.009150386712414083	SEQC	permutation	
3509.0	0.03625203058328719	SEQC	permutation	
3510.0	-0.06150976097234384	SEQC	permutation	
3511.0	-0.19034614570405584	SEQC	permutation	
3512.0	0.16831348278106617	SEQC	permutation	
3513.0	-0.13459210314717218	SEQC	permutation	
3514.0	-0.04888444092497757	SEQC	permutation	
3515.0	0.13017942097831536	SEQC	permutation	
3516.0	0.032777672293599736	SEQC	permutation	
3517.0	0.19937117033934193	SEQC	permutation	
3518.0	0.053996707136111155	SEQC	permutation	
3519.0	-0.028160331589467624	SEQC	permutation	
3520.0	-0.12250435866683596	SEQC	permutation	
3521.0	0.21414448739846126	SEQC	permutation	
3522.0	-0.04942560792228168	SEQC	permutation	
3523.0	-0.10508511394773024	SEQC	permutation	
3524.0	0.02466866079176455	SEQC	permutation	
3525.0	-0.04307230561402431	SEQC	permutation	
3526.0	-0.22537675076563168	SEQC	permutation	
3527.0	0.07058029901854201	SEQC	permutation	
3528.0	0.041528226880062746	SEQC	permutation	
3529.0	0.1403668158902489	SEQC	permutation	
3530.0	-0.05492679176482973	SEQC	permutation	
3531.0	-0.04537473099757694	SEQC	permutation	
3532.0	-0.18020646899850945	SEQC	permutation	
3533.0	-0.12228712058584179	SEQC	permutation	
3534.0	-0.14924240228055385	SEQC	permutation	
3535.0	0.028806599416335565	SEQC	permutation	
3536.0	0.01415638224605864	SEQC	permutation	
3537.0	-0.0841318262629871	SEQC	permutation	
3538.0	0.2511664553021111	SEQC	permutation	
3539.0	-0.0866363577647693	SEQC	permutation	
3540.0	0.2435647996473307	SEQC	permutation	
3541.0	-0.07925738814947536	SEQC	permutation	
3542.0	0.16414031697693776	SEQC	permutation	
3543.0	-0.010031960596982081	SEQC	permutation	
3544.0	-0.17368753433701123	SEQC	permutation	
3545.0	-0.09889419461395299	SEQC	permutation	
3546.0	0.06776141330740959	SEQC	permutation	
3547.0	-0.04779873091978981	SEQC	permutation	
3548.0	-0.033015546576000254	SEQC	permutation	
3549.0	-0.02920157780130772	SEQC	permutation	
3550.0	0.12949950961283907	SEQC	permutation	
3551.0	-0.1856747073358367	SEQC	permutation	
3552.0	-0.1151690971670174	SEQC	permutation	
3553.0	0.06313901565151259	SEQC	permutation	
3554.0	0.014777158135167667	SEQC	permutation	
3555.0	0.09348136004115037	SEQC	permutation	
3556.0	-0.0014875532912448364	SEQC	permutation	
3557.0	0.13786096696114836	SEQC	permutation	
3558.0	-0.055727631721712356	SEQC	permutation	
3559.0	-0.09859869138693345	SEQC	permutation	
3560.0	-0.29893090375074927	SEQC	permutation	
3561.0	0.1298770334669639	SEQC	permutation	
3562.0	0.015150115106643547	SEQC	permutation	
3563.0	0.0927019630642878	SEQC	permutation	
3564.0	-0.01623725273775989	SEQC	permutation	
3565.0	0.07990675105347478	SEQC	permutation	
3566.0	5.322639094451631e-05	SEQC	permutation	
3567.0	-0.08195042073463199	SEQC	permutation	
3568.0	0.06427740511522995	SEQC	permutation	
3569.0	0.25154962590338226	SEQC	permutation	
3570.0	-0.04111039270522987	SEQC	permutation	
3571.0	0.053980833765949754	SEQC	permutation	
3572.0	0.10634548263980026	SEQC	permutation	
3573.0	0.12201236919274283	SEQC	permutation	
3574.0	0.0765963177563238	SEQC	permutation	
3575.0	0.06623317870105438	SEQC	permutation	
3576.0	0.15355390848827888	SEQC	permutation	
3577.0	-0.035000356252926856	SEQC	permutation	
3578.0	-0.3503956328049158	SEQC	permutation	
3579.0	0.0043158391298945276	SEQC	permutation	
3580.0	-0.22274450133793966	SEQC	permutation	
3581.0	0.013672635279760037	SEQC	permutation	
3582.0	0.06290131676103972	SEQC	permutation	
3583.0	0.045120932217465715	SEQC	permutation	
3584.0	-0.014565435661025639	SEQC	permutation	
3585.0	-0.029675523293252404	SEQC	permutation	
3586.0	-0.20334595830374003	SEQC	permutation	
3587.0	-0.206320261785506	SEQC	permutation	
3588.0	-0.2409124300131884	SEQC	permutation	
3589.0	-0.11041156157439236	SEQC	permutation	
3590.0	0.007759704617042118	SEQC	permutation	
3591.0	-0.005393575371028803	SEQC	permutation	
3592.0	0.08644469402384392	SEQC	permutation	
3593.0	-0.00728836486660267	SEQC	permutation	
3594.0	0.1603281605880129	SEQC	permutation	
3595.0	-0.06961897463244959	SEQC	permutation	
3596.0	-0.021081941126917414	SEQC	permutation	
3597.0	-0.04296001245118308	SEQC	permutation	
3598.0	0.06813210732162922	SEQC	permutation	
3599.0	-0.010905733706309206	SEQC	permutation	
3600.0	0.1997972608427423	SEQC	permutation	
3601.0	0.21057342995138573	SEQC	permutation	
3602.0	-0.1139863514092756	SEQC	permutation	
3603.0	0.056848391175281066	SEQC	permutation	
3604.0	-0.03403414268374938	SEQC	permutation	
3605.0	-0.07979090860019511	SEQC	permutation	
3606.0	-0.2500922441824196	SEQC	permutation	
3607.0	0.20046665360309124	SEQC	permutation	
3608.0	0.1949180210914836	SEQC	permutation	
3609.0	0.023279433360637647	SEQC	permutation	
3610.0	-0.002419297057253189	SEQC	permutation	
3611.0	-0.20452514678733635	SEQC	permutation	
3612.0	-0.11171343478643525	SEQC	permutation	
3613.0	0.1776538772576064	SEQC	permutation	
3614.0	0.06763683488721295	SEQC	permutation	
3615.0	-0.09900413728044288	SEQC	permutation	
3616.0	0.07958002394327668	SEQC	permutation	
3617.0	0.14150080136522014	SEQC	permutation	
3618.0	0.08129043988242657	SEQC	permutation	
3619.0	0.23465851953296468	SEQC	permutation	
3620.0	0.040145927314868324	SEQC	permutation	
3621.0	0.06786798484783585	SEQC	permutation	
3622.0	0.17511316800204835	SEQC	permutation	
3623.0	0.09003034954789335	SEQC	permutation	
3624.0	0.1708475847096098	SEQC	permutation	
3625.0	0.022894166685141215	SEQC	permutation	
3626.0	0.007786780155727868	SEQC	permutation	
3627.0	0.28353893607384073	SEQC	permutation	
3628.0	-0.04119783874042149	SEQC	permutation	
3629.0	0.017859853054945418	SEQC	permutation	
3630.0	-0.10806406174054928	SEQC	permutation	
3631.0	-0.059859405618895245	SEQC	permutation	
3632.0	-0.11203677520288391	SEQC	permutation	
3633.0	-0.19052744576824043	SEQC	permutation	
3634.0	0.09484345838064634	SEQC	permutation	
3635.0	0.16966252384002267	SEQC	permutation	
3636.0	-0.0944573176898631	SEQC	permutation	
3637.0	0.24026611944019205	SEQC	permutation	
3638.0	0.17630737082062176	SEQC	permutation	
3639.0	0.10099592249351463	SEQC	permutation	
3640.0	-0.00024373086128015586	SEQC	permutation	
3641.0	0.19347893970091956	SEQC	permutation	
3642.0	-0.12985543076388062	SEQC	permutation	
3643.0	-0.08160403931962001	SEQC	permutation	
3644.0	-0.2686325540132417	SEQC	permutation	
3645.0	-0.1131226194195083	SEQC	permutation	
3646.0	0.15905059707342062	SEQC	permutation	
3647.0	0.0466937570245225	SEQC	permutation	
3648.0	-0.04117345271598971	SEQC	permutation	
3649.0	0.03007484722581566	SEQC	permutation	
3650.0	-0.02054831583718375	SEQC	permutation	
3651.0	-0.14291668388935896	SEQC	permutation	
3652.0	-0.08066396503607809	SEQC	permutation	
3653.0	0.1121407951698421	SEQC	permutation	
3654.0	-0.12883366030634136	SEQC	permutation	
3655.0	0.09776631483939813	SEQC	permutation	
3656.0	-0.09617624366128918	SEQC	permutation	
3657.0	-0.023874986649477847	SEQC	permutation	
3658.0	-0.04727074656574448	SEQC	permutation	
3659.0	-0.052076972831677004	SEQC	permutation	
3660.0	0.005157766751547221	SEQC	permutation	
3661.0	0.23334418504111198	SEQC	permutation	
3662.0	-0.05164033413701663	SEQC	permutation	
3663.0	0.25314847218730563	SEQC	permutation	
3664.0	0.025312053554293	SEQC	permutation	
3665.0	-0.09155939147223435	SEQC	permutation	
3666.0	0.054013521696011146	SEQC	permutation	
3667.0	-0.15815931345761314	SEQC	permutation	
3668.0	0.16044912804320166	SEQC	permutation	
3669.0	-0.0800297453990142	SEQC	permutation	
3670.0	-0.2581756568475093	SEQC	permutation	
3671.0	-0.00693805092042421	SEQC	permutation	
3672.0	0.1757297266777753	SEQC	permutation	
3673.0	-0.028788584378419024	SEQC	permutation	
3674.0	-0.39906810560978023	SEQC	permutation	
3675.0	0.11846549708211995	SEQC	permutation	
3676.0	-0.20442333634277698	SEQC	permutation	
3677.0	-0.2901314620731421	SEQC	permutation	
3678.0	0.19007625827346164	SEQC	permutation	
3679.0	0.08359944194438906	SEQC	permutation	
3680.0	-0.001815131106719825	SEQC	permutation	
3681.0	0.07958449117414812	SEQC	permutation	
3682.0	0.08220248591209245	SEQC	permutation	
3683.0	-0.003429084875360644	SEQC	permutation	
3684.0	0.3985831532655535	SEQC	permutation	
3685.0	0.08870605471378301	SEQC	permutation	
3686.0	0.06596546993207397	SEQC	permutation	
3687.0	-0.3369801022074643	SEQC	permutation	
3688.0	-0.1576371503809817	SEQC	permutation	
3689.0	-0.09282239341826237	SEQC	permutation	
3690.0	0.012640214827003504	SEQC	permutation	
3691.0	0.07303153498534609	SEQC	permutation	
3692.0	0.007677068774810891	SEQC	permutation	
3693.0	0.1399015357253246	SEQC	permutation	
3694.0	0.09387558728010159	SEQC	permutation	
3695.0	-0.02027093420141135	SEQC	permutation	
3696.0	0.04350419217168433	SEQC	permutation	
3697.0	0.11300893012042845	SEQC	permutation	
3698.0	-0.3223755985593799	SEQC	permutation	
3699.0	0.0039049058739921705	SEQC	permutation	
3700.0	-0.17117685093845658	SEQC	permutation	
3701.0	0.1725794378709935	SEQC	permutation	
3702.0	-0.12595468821879763	SEQC	permutation	
3703.0	-0.14074638788707894	SEQC	permutation	
3704.0	0.11597260470293058	SEQC	permutation	
3705.0	0.05437620418367217	SEQC	permutation	
3706.0	0.16796644887057344	SEQC	permutation	
3707.0	-0.03224645884435695	SEQC	permutation	
3708.0	0.06175668717552796	SEQC	permutation	
3709.0	0.22563061045173072	SEQC	permutation	
3710.0	0.07942147367463459	SEQC	permutation	
3711.0	0.07112948229400651	SEQC	permutation	
3712.0	0.20266195466487869	SEQC	permutation	
3713.0	0.10318851036528276	SEQC	permutation	
3714.0	0.046280550935545506	SEQC	permutation	
3715.0	-0.02831663708869403	SEQC	permutation	
3716.0	0.08978839330952759	SEQC	permutation	
3717.0	0.056956673999009944	SEQC	permutation	
3718.0	0.07031080758409836	SEQC	permutation	
3719.0	-0.04634480085580872	SEQC	permutation	
3720.0	0.10695065297887663	SEQC	permutation	
3721.0	-0.02484894616450628	SEQC	permutation	
3722.0	0.06996543809033628	SEQC	permutation	
3723.0	0.07902001778908296	SEQC	permutation	
3724.0	0.060032072922203916	SEQC	permutation	
3725.0	-0.08066761846666726	SEQC	permutation	
3726.0	-0.06773513265993625	SEQC	permutation	
3727.0	-0.06413126682522652	SEQC	permutation	
3728.0	0.024974096139185775	SEQC	permutation	
3729.0	0.07536241559894119	SEQC	permutation	
3730.0	0.4113448371766122	SEQC	permutation	
3731.0	0.06756737538446433	SEQC	permutation	
3732.0	-0.040227219169008954	SEQC	permutation	
3733.0	-0.024010356797702137	SEQC	permutation	
3734.0	0.13038210559291574	SEQC	permutation	
3735.0	-0.21683641584639535	SEQC	permutation	
3736.0	-0.09423660630046093	SEQC	permutation	
3737.0	0.02200294131229441	SEQC	permutation	
3738.0	0.07541407381585064	SEQC	permutation	
3739.0	-0.020058873424596335	SEQC	permutation	
3740.0	-0.05818099325265269	SEQC	permutation	
3741.0	-0.1183840318380378	SEQC	permutation	
3742.0	-0.03848542409189726	SEQC	permutation	
3743.0	0.06851919532254769	SEQC	permutation	
3744.0	0.011288107075663412	SEQC	permutation	
3745.0	0.11655937164023022	SEQC	permutation	
3746.0	0.08830303469101874	SEQC	permutation	
3747.0	-0.05220049542210248	SEQC	permutation	
3748.0	0.06920213760494409	SEQC	permutation	
3749.0	-0.03918792408959604	SEQC	permutation	
3750.0	-0.14746309779902145	SEQC	permutation	
3751.0	0.09844789769049989	SEQC	permutation	
3752.0	-0.14447663638018682	SEQC	permutation	
3753.0	0.015935884152744606	SEQC	permutation	
3754.0	-0.11480330699028407	SEQC	permutation	
3755.0	-0.09353128713910408	SEQC	permutation	
3756.0	-0.19291764781699783	SEQC	permutation	
3757.0	-0.01000156071907643	SEQC	permutation	
3758.0	-0.25932334671470425	SEQC	permutation	
3759.0	-0.01929201725659002	SEQC	permutation	
3760.0	0.28770599513922335	SEQC	permutation	
3761.0	-0.06491771977190464	SEQC	permutation	
3762.0	0.08262272765196865	SEQC	permutation	
3763.0	0.23645620767346376	SEQC	permutation	
3764.0	-0.0790663438704291	SEQC	permutation	
3765.0	0.2196285882201101	SEQC	permutation	
3766.0	0.003150704609825361	SEQC	permutation	
3767.0	0.037512983792104215	SEQC	permutation	
3768.0	0.10556950188461922	SEQC	permutation	
3769.0	0.09028339905990101	SEQC	permutation	
3770.0	-0.06979665767943288	SEQC	permutation	
3771.0	-0.06243180836545381	SEQC	permutation	
3772.0	-0.16180505902663977	SEQC	permutation	
3773.0	0.20597918357780198	SEQC	permutation	
3774.0	0.0027725616252496366	SEQC	permutation	
3775.0	-0.2551059955281261	SEQC	permutation	
3776.0	-0.1523617650179725	SEQC	permutation	
3777.0	-0.1110732371232066	SEQC	permutation	
3778.0	0.0507501802541821	SEQC	permutation	
3779.0	0.04415351471209128	SEQC	permutation	
3780.0	-0.3838065935775239	SEQC	permutation	
3781.0	-0.06781311109283017	SEQC	permutation	
3782.0	0.0005370477158059828	SEQC	permutation	
3783.0	-0.10530602796860133	SEQC	permutation	
3784.0	0.11775760116539402	SEQC	permutation	
3785.0	-0.04054686380696726	SEQC	permutation	
3786.0	0.16136255234915975	SEQC	permutation	
3787.0	-0.010380076354493006	SEQC	permutation	
3788.0	0.12947522642768483	SEQC	permutation	
3789.0	-0.02120967788002215	SEQC	permutation	
3790.0	-0.055624048224017564	SEQC	permutation	
3791.0	0.01922084331317553	SEQC	permutation	
3792.0	0.07879445045414091	SEQC	permutation	
3793.0	-0.2889444964546426	SEQC	permutation	
3794.0	0.017228939975724167	SEQC	permutation	
3795.0	0.17436783049240123	SEQC	permutation	
3796.0	-0.1223616803794556	SEQC	permutation	
3797.0	-0.04458706808133339	SEQC	permutation	
3798.0	0.0214335204672631	SEQC	permutation	
3799.0	0.02157070063779276	SEQC	permutation	
3800.0	0.2427347206495467	SEQC	permutation	
3801.0	-0.030099851132267652	SEQC	permutation	
3802.0	-0.11407425828383655	SEQC	permutation	
3803.0	0.07552147009113774	SEQC	permutation	
3804.0	0.03323751954463994	SEQC	permutation	
3805.0	-0.4846490095425251	SEQC	permutation	
3806.0	0.06772034938278448	SEQC	permutation	
3807.0	-0.19743019074593882	SEQC	permutation	
3808.0	0.0057575728043604	SEQC	permutation	
3809.0	0.1653146895017601	SEQC	permutation	
3810.0	0.08882389569484062	SEQC	permutation	
3811.0	0.05572536605370271	SEQC	permutation	
3812.0	-0.12420143341209489	SEQC	permutation	
3813.0	0.13774693192917375	SEQC	permutation	
3814.0	0.0023188024114872974	SEQC	permutation	
3815.0	-0.033258120545153425	SEQC	permutation	
3816.0	-0.1180391443607558	SEQC	permutation	
3817.0	0.11511200192701931	SEQC	permutation	
3818.0	0.09899498561706821	SEQC	permutation	
3819.0	0.1337771408804791	SEQC	permutation	
3820.0	-0.12439439982184641	SEQC	permutation	
3821.0	-0.020101374021397334	SEQC	permutation	
3822.0	0.04590656762177314	SEQC	permutation	
3823.0	0.12995442125336076	SEQC	permutation	
3824.0	0.13909403800330455	SEQC	permutation	
3825.0	0.15989717337313092	SEQC	permutation	
3826.0	-0.05055525830754881	SEQC	permutation	
3827.0	-0.15914998025395555	SEQC	permutation	
3828.0	-0.029021727766142646	SEQC	permutation	
3829.0	0.012760247694384219	SEQC	permutation	
3830.0	0.07904709371930618	SEQC	permutation	
3831.0	0.06995315592618034	SEQC	permutation	
3832.0	0.07697193236415423	SEQC	permutation	
3833.0	-0.0553105571227821	SEQC	permutation	
3834.0	-0.05041415611479039	SEQC	permutation	
3835.0	-0.04543522910302844	SEQC	permutation	
3836.0	-0.06804836941382675	SEQC	permutation	
3837.0	-0.27957399183255927	SEQC	permutation	
3838.0	0.01412306016051268	SEQC	permutation	
3839.0	-0.007609193593426156	SEQC	permutation	
3840.0	-0.023293610235394446	SEQC	permutation	
3841.0	0.027124399801120802	SEQC	permutation	
3842.0	0.014166481990054436	SEQC	permutation	
3843.0	-0.3233730121165186	SEQC	permutation	
3844.0	0.11415747957970268	SEQC	permutation	
3845.0	-0.10850141680366576	SEQC	permutation	
3846.0	-0.07028841336236269	SEQC	permutation	
3847.0	0.019159698450879503	SEQC	permutation	
3848.0	0.06581334254813864	SEQC	permutation	
3849.0	0.05540352734870346	SEQC	permutation	
3850.0	-0.10252716270561901	SEQC	permutation	
3851.0	0.04250119412431541	SEQC	permutation	
3852.0	0.1536081599505419	SEQC	permutation	
3853.0	-0.16261613609840264	SEQC	permutation	
3854.0	0.005008702978139823	SEQC	permutation	
3855.0	0.014622602007988483	SEQC	permutation	
3856.0	0.0472677438239586	SEQC	permutation	
3857.0	0.011236944855855135	SEQC	permutation	
3858.0	0.10365370352701753	SEQC	permutation	
3859.0	-0.02070746961810599	SEQC	permutation	
3860.0	0.1213137621011251	SEQC	permutation	
3861.0	-0.1294823069398534	SEQC	permutation	
3862.0	0.1442385300434026	SEQC	permutation	
3863.0	0.15186575870432062	SEQC	permutation	
3864.0	-0.15197678925187752	SEQC	permutation	
3865.0	-0.016122203144013803	SEQC	permutation	
3866.0	-0.040056592872280916	SEQC	permutation	
3867.0	0.09203341678528165	SEQC	permutation	
3868.0	-0.1327617102282277	SEQC	permutation	
3869.0	0.11534718362815433	SEQC	permutation	
3870.0	0.3070110754100579	SEQC	permutation	
3871.0	-0.06892901299035792	SEQC	permutation	
3872.0	0.057378564530629284	SEQC	permutation	
3873.0	-0.15780830415547076	SEQC	permutation	
3874.0	-0.018711933268372505	SEQC	permutation	
3875.0	0.057727738821005126	SEQC	permutation	
3876.0	0.06461643065923273	SEQC	permutation	
3877.0	0.12385493502245737	SEQC	permutation	
3878.0	0.09309487723554799	SEQC	permutation	
3879.0	0.17741334907388584	SEQC	permutation	
3880.0	-0.16030475770967278	SEQC	permutation	
3881.0	0.0485461847861286	SEQC	permutation	
3882.0	0.1896281017555772	SEQC	permutation	
3883.0	0.0954807436567835	SEQC	permutation	
3884.0	-0.08519351597844071	SEQC	permutation	
3885.0	0.009122687862531897	SEQC	permutation	
3886.0	-0.12735080965047096	SEQC	permutation	
3887.0	-0.043847028076819505	SEQC	permutation	
3888.0	-0.12437247225780279	SEQC	permutation	
3889.0	-0.24125820488702843	SEQC	permutation	
3890.0	0.08693067018110234	SEQC	permutation	
3891.0	0.20634682725989517	SEQC	permutation	
3892.0	-0.08173469446279125	SEQC	permutation	
3893.0	0.03932001585381695	SEQC	permutation	
3894.0	0.011678088927637553	SEQC	permutation	
3895.0	0.15709587673148562	SEQC	permutation	
3896.0	-0.11179956474082253	SEQC	permutation	
3897.0	0.23166961987861434	SEQC	permutation	
3898.0	0.15432955380184055	SEQC	permutation	
3899.0	-0.14791796937358814	SEQC	permutation	
3900.0	0.06055419494122649	SEQC	permutation	
3901.0	-0.1050015486989544	SEQC	permutation	
3902.0	0.16787852443949003	SEQC	permutation	
3903.0	-0.09073022525504104	SEQC	permutation	
3904.0	0.1874068319711668	SEQC	permutation	
3905.0	-0.019040962450620036	SEQC	permutation	
3906.0	-0.043820960951029164	SEQC	permutation	
3907.0	0.03456875520093128	SEQC	permutation	
3908.0	0.14267257231594144	SEQC	permutation	
3909.0	0.08931171338487598	SEQC	permutation	
3910.0	0.0010296147391519739	SEQC	permutation	
3911.0	0.06777029725112715	SEQC	permutation	
3912.0	-0.15566110230991903	SEQC	permutation	
3913.0	-0.16338565194382326	SEQC	permutation	
3914.0	0.04335102024272075	SEQC	permutation	
3915.0	0.07756161674554463	SEQC	permutation	
3916.0	-0.19098449937660433	SEQC	permutation	
3917.0	0.07910252435663878	SEQC	permutation	
3918.0	0.04551609497589659	SEQC	permutation	
3919.0	0.054226094575622774	SEQC	permutation	
3920.0	-0.1803723789738516	SEQC	permutation	
3921.0	0.0652402330690709	SEQC	permutation	
3922.0	0.19820558850527625	SEQC	permutation	
3923.0	-0.005787172094511739	SEQC	permutation	
3924.0	0.18679789114186374	SEQC	permutation	
3925.0	-0.10478524515617949	SEQC	permutation	
3926.0	-0.005140473879140295	SEQC	permutation	
3927.0	0.017856449658126827	SEQC	permutation	
3928.0	0.08730460216932645	SEQC	permutation	
3929.0	-0.08599634483987018	SEQC	permutation	
3930.0	-0.01664863809704631	SEQC	permutation	
3931.0	-0.14183098570864683	SEQC	permutation	
3932.0	-0.04872655431508477	SEQC	permutation	
3933.0	0.015692751742440336	SEQC	permutation	
3934.0	0.006063770200026575	SEQC	permutation	
3935.0	-0.022844245899342752	SEQC	permutation	
3936.0	0.024478536483176327	SEQC	permutation	
3937.0	-0.26927871569594064	SEQC	permutation	
3938.0	-0.06136109788260313	SEQC	permutation	
3939.0	-0.13216845402392075	SEQC	permutation	
3940.0	-0.015605393902873743	SEQC	permutation	
3941.0	-0.09688365278927158	SEQC	permutation	
3942.0	-0.016543723369515817	SEQC	permutation	
3943.0	-0.07934992276009378	SEQC	permutation	
3944.0	0.17980767421005162	SEQC	permutation	
3945.0	-0.11158081534282971	SEQC	permutation	
3946.0	-0.024047133148517474	SEQC	permutation	
3947.0	-0.18661018774908555	SEQC	permutation	
3948.0	-0.04744548688729733	SEQC	permutation	
3949.0	0.11162479084887167	SEQC	permutation	
3950.0	-0.04621071573513813	SEQC	permutation	
3951.0	0.15320961431735025	SEQC	permutation	
3952.0	-0.015096961821045696	SEQC	permutation	
3953.0	-0.15117453144617077	SEQC	permutation	
3954.0	0.07703628134110385	SEQC	permutation	
3955.0	-0.08621900924059478	SEQC	permutation	
3956.0	-0.028655863946077886	SEQC	permutation	
3957.0	0.017849418289878294	SEQC	permutation	
3958.0	0.1296022434004067	SEQC	permutation	
3959.0	0.14113982634799438	SEQC	permutation	
3960.0	0.09065757338288982	SEQC	permutation	
3961.0	-0.16200358602119103	SEQC	permutation	
3962.0	0.11805561024809741	SEQC	permutation	
3963.0	0.026982231793144962	SEQC	permutation	
3964.0	0.07827659268917042	SEQC	permutation	
3965.0	0.19844939251975013	SEQC	permutation	
3966.0	0.048511475139426885	SEQC	permutation	
3967.0	0.21619712332210828	SEQC	permutation	
3968.0	-0.0854294888055751	SEQC	permutation	
3969.0	-0.15683205715003812	SEQC	permutation	
3970.0	0.05340232082087937	SEQC	permutation	
3971.0	0.10444346140981686	SEQC	permutation	
3972.0	-0.2318480634752511	SEQC	permutation	
3973.0	-0.028028513211987516	SEQC	permutation	
3974.0	0.014520310690371296	SEQC	permutation	
3975.0	-0.008283490527561277	SEQC	permutation	
3976.0	-0.03921922214077522	SEQC	permutation	
3977.0	0.16680862940467822	SEQC	permutation	
3978.0	0.009003471054234602	SEQC	permutation	
3979.0	0.059390122603690365	SEQC	permutation	
3980.0	0.13749615111015245	SEQC	permutation	
3981.0	0.008625159683218087	SEQC	permutation	
3982.0	-0.10155003215895597	SEQC	permutation	
3983.0	0.12474638294624896	SEQC	permutation	
3984.0	0.11186585660772685	SEQC	permutation	
3985.0	-0.048342611410815195	SEQC	permutation	
3986.0	0.02879739369903689	SEQC	permutation	
3987.0	-0.034584513272919004	SEQC	permutation	
3988.0	0.07754536913168941	SEQC	permutation	
3989.0	-0.1592844409452887	SEQC	permutation	
3990.0	0.005208316747357777	SEQC	permutation	
3991.0	-0.17980965491105394	SEQC	permutation	
3992.0	0.0908578308558381	SEQC	permutation	
3993.0	0.09193177127957863	SEQC	permutation	
3994.0	0.03901686582613362	SEQC	permutation	
3995.0	0.024927725814025692	SEQC	permutation	
3996.0	0.11513891161414413	SEQC	permutation	
3997.0	-0.10441378929752698	SEQC	permutation	
3998.0	0.01498283021559832	SEQC	permutation	
3999.0	0.038691252573922696	SEQC	permutation	
4000.0	0.08602370562261452	SEQC	permutation	
4001.0	-0.009874057900105093	SEQC	permutation	
4002.0	0.024093609334853383	SEQC	permutation	
4003.0	-0.15792900087381057	SEQC	permutation	
4004.0	-0.00028743104914408235	SEQC	permutation	
4005.0	-0.09662854426358258	SEQC	permutation	
4006.0	0.09032339997274708	SEQC	permutation	
4007.0	0.02970643282998431	SEQC	permutation	
4008.0	-0.22652636941643323	SEQC	permutation	
4009.0	0.07213750302084243	SEQC	permutation	
4010.0	-0.03377839107896108	SEQC	permutation	
4011.0	-0.0955833476385557	SEQC	permutation	
4012.0	0.015216675442143668	SEQC	permutation	
4013.0	0.14633563660460158	SEQC	permutation	
4014.0	0.012001194460794729	SEQC	permutation	
4015.0	-0.23329989435350384	SEQC	permutation	
4016.0	0.27254259464533526	SEQC	permutation	
4017.0	-0.04761971985507607	SEQC	permutation	
4018.0	0.19682767358490505	SEQC	permutation	
4019.0	0.09799994864032602	SEQC	permutation	
4020.0	0.008576677586545678	SEQC	permutation	
4021.0	-0.21517070624116386	SEQC	permutation	
4022.0	0.17106197386398136	SEQC	permutation	
4023.0	-0.19820625579767626	SEQC	permutation	
4024.0	0.10377353255231281	SEQC	permutation	
4025.0	0.012373022368023179	SEQC	permutation	
4026.0	0.04577411566267653	SEQC	permutation	
4027.0	-0.1549225913049037	SEQC	permutation	
4028.0	-0.1552509327788707	SEQC	permutation	
4029.0	0.13148861250935173	SEQC	permutation	
4030.0	-0.04360132586986687	SEQC	permutation	
4031.0	-0.24428469022215804	SEQC	permutation	
4032.0	-0.21847338361022217	SEQC	permutation	
4033.0	0.01107270665190807	SEQC	permutation	
4034.0	0.05253921924167404	SEQC	permutation	
4035.0	-0.07862410783720009	SEQC	permutation	
4036.0	-0.055893847409183905	SEQC	permutation	
4037.0	0.05717863990760552	SEQC	permutation	
4038.0	0.1374104025963918	SEQC	permutation	
4039.0	0.05299218109052006	SEQC	permutation	
4040.0	-0.19900943396772597	SEQC	permutation	
4041.0	0.08504278502790363	SEQC	permutation	
4042.0	0.03014104689175845	SEQC	permutation	
4043.0	-0.13529343033659824	SEQC	permutation	
4044.0	-0.0717322886679721	SEQC	permutation	
4045.0	-0.057332959505574266	SEQC	permutation	
4046.0	0.11380250519148927	SEQC	permutation	
4047.0	-0.06253114032159512	SEQC	permutation	
4048.0	0.17089698485183025	SEQC	permutation	
4049.0	0.09406019802309729	SEQC	permutation	
4050.0	0.029700331414709957	SEQC	permutation	
4051.0	0.06433626582942686	SEQC	permutation	
4052.0	-0.03789151783481959	SEQC	permutation	
4053.0	-0.04141737878028451	SEQC	permutation	
4054.0	0.0266633665783651	SEQC	permutation	
4055.0	0.03133222235004762	SEQC	permutation	
4056.0	-0.03198192838983527	SEQC	permutation	
4057.0	0.02823196468594169	SEQC	permutation	
4058.0	-0.02434507271738262	SEQC	permutation	
4059.0	-0.021214396047787965	SEQC	permutation	
4060.0	0.12290382036113634	SEQC	permutation	
4061.0	0.11096597091726768	SEQC	permutation	
4062.0	0.11125595623364859	SEQC	permutation	
4063.0	0.0641768988865703	SEQC	permutation	
4064.0	-0.07723493006891236	SEQC	permutation	
4065.0	0.14970669749716414	SEQC	permutation	
4066.0	-0.09335120447765632	SEQC	permutation	
4067.0	-0.026025925859945787	SEQC	permutation	
4068.0	0.1219103591636852	SEQC	permutation	
4069.0	-0.10412946456611127	SEQC	permutation	
4070.0	0.058637002232643454	SEQC	permutation	
4071.0	-0.2254035974425026	SEQC	permutation	
4072.0	-0.25551492175304436	SEQC	permutation	
4073.0	0.11076165899811663	SEQC	permutation	
4074.0	-0.03892943547960037	SEQC	permutation	
4075.0	0.11643276914379719	SEQC	permutation	
4076.0	-0.010572371180257889	SEQC	permutation	
4077.0	-0.25439868693450673	SEQC	permutation	
4078.0	-0.15100640060348436	SEQC	permutation	
4079.0	-0.30647022775837396	SEQC	permutation	
4080.0	0.1355584805478447	SEQC	permutation	
4081.0	-0.1224740676759346	SEQC	permutation	
4082.0	0.10570611127087748	SEQC	permutation	
4083.0	0.06188863273412881	SEQC	permutation	
4084.0	0.0522398215234654	SEQC	permutation	
4085.0	-0.08087485858595844	SEQC	permutation	
4086.0	-0.028718316977919045	SEQC	permutation	
4087.0	-0.029034940532179476	SEQC	permutation	
4088.0	0.00947444821481458	SEQC	permutation	
4089.0	0.0017926660795124505	SEQC	permutation	
4090.0	0.1409826788588342	SEQC	permutation	
4091.0	-0.059670417169780166	SEQC	permutation	
4092.0	-0.22031900108463986	SEQC	permutation	
4093.0	-0.10355684942907128	SEQC	permutation	
4094.0	-0.006838800887241092	SEQC	permutation	
4095.0	-0.01850988032935419	SEQC	permutation	
4096.0	0.04953575647126929	SEQC	permutation	
4097.0	0.07443549637185054	SEQC	permutation	
4098.0	-0.015987944196050208	SEQC	permutation	
4099.0	-0.06829315521325796	SEQC	permutation	
4100.0	0.1621335792034193	SEQC	permutation	
4101.0	0.03249181840702953	SEQC	permutation	
4102.0	0.02711260281897676	SEQC	permutation	
4103.0	0.235859926207036	SEQC	permutation	
4104.0	0.1621845628221079	SEQC	permutation	
4105.0	-0.07860413609865091	SEQC	permutation	
4106.0	0.0035178187273743333	SEQC	permutation	
4107.0	-0.01058456415056952	SEQC	permutation	
4108.0	0.11269267127493965	SEQC	permutation	
4109.0	0.16067003388925993	SEQC	permutation	
4110.0	0.24467763563626566	SEQC	permutation	
4111.0	0.14931159862330556	SEQC	permutation	
4112.0	-0.009599209574939316	SEQC	permutation	
4113.0	-0.18494754418544446	SEQC	permutation	
4114.0	-0.09448891468880305	SEQC	permutation	
4115.0	0.06894362471496152	SEQC	permutation	
4116.0	0.15794233238867594	SEQC	permutation	
4117.0	0.021562010317697222	SEQC	permutation	
4118.0	0.1728402418488466	SEQC	permutation	
4119.0	0.05791164404131166	SEQC	permutation	
4120.0	-0.06383821632332776	SEQC	permutation	
4121.0	0.020271893398607688	SEQC	permutation	
4122.0	0.08198458138781906	SEQC	permutation	
4123.0	-0.06184855207211548	SEQC	permutation	
4124.0	0.05851069155490052	SEQC	permutation	
4125.0	-0.0990928304149703	SEQC	permutation	
4126.0	0.08015802160400476	SEQC	permutation	
4127.0	0.25974671999926446	SEQC	permutation	
4128.0	0.18780379513170864	SEQC	permutation	
4129.0	0.23495287452261504	SEQC	permutation	
4130.0	-0.0856308841594764	SEQC	permutation	
4131.0	-0.053622418294101415	SEQC	permutation	
4132.0	0.04078265530127467	SEQC	permutation	
4133.0	-0.020768887768416455	SEQC	permutation	
4134.0	-0.07358334786410659	SEQC	permutation	
4135.0	0.05883636958528715	SEQC	permutation	
4136.0	-0.1014296925860334	SEQC	permutation	
4137.0	-0.09347670152482745	SEQC	permutation	
4138.0	0.041061001001946096	SEQC	permutation	
4139.0	-0.10638275611849313	SEQC	permutation	
4140.0	-0.20003068288440407	SEQC	permutation	
4141.0	-0.13323595657277387	SEQC	permutation	
4142.0	0.21229748968285822	SEQC	permutation	
4143.0	0.29412404733923214	SEQC	permutation	
4144.0	-0.11618573824776846	SEQC	permutation	
4145.0	0.010210633968613436	SEQC	permutation	
4146.0	0.19422061876949126	SEQC	permutation	
4147.0	0.02281956362247861	SEQC	permutation	
4148.0	-0.08199405427658935	SEQC	permutation	
4149.0	0.010638658815366853	SEQC	permutation	
4150.0	-0.1081209295265797	SEQC	permutation	
4151.0	0.08853342307557366	SEQC	permutation	
4152.0	-0.021829824653431196	SEQC	permutation	
4153.0	0.0979528450203837	SEQC	permutation	
4154.0	0.02889988334267546	SEQC	permutation	
4155.0	0.04898096715297129	SEQC	permutation	
4156.0	0.14413457347243241	SEQC	permutation	
4157.0	-0.11826025798189121	SEQC	permutation	
4158.0	0.04140923513370787	SEQC	permutation	
4159.0	0.1260024649598508	SEQC	permutation	
4160.0	0.01251509826979369	SEQC	permutation	
4161.0	-0.04190934278285141	SEQC	permutation	
4162.0	-0.020719778237411113	SEQC	permutation	
4163.0	0.06181575433805442	SEQC	permutation	
4164.0	-0.06636937249675512	SEQC	permutation	
4165.0	0.2448270594265951	SEQC	permutation	
4166.0	0.18421986433581417	SEQC	permutation	
4167.0	-0.05056008210079366	SEQC	permutation	
4168.0	0.3410021574267734	SEQC	permutation	
4169.0	0.07363508211963588	SEQC	permutation	
4170.0	-0.009062500197058121	SEQC	permutation	
4171.0	-0.0494094795764477	SEQC	permutation	
4172.0	0.027670121359563815	SEQC	permutation	
4173.0	0.17614710055537497	SEQC	permutation	
4174.0	-0.09471406720366549	SEQC	permutation	
4175.0	-0.182171754432372	SEQC	permutation	
4176.0	0.1883099245999551	SEQC	permutation	
4177.0	0.04179867537809656	SEQC	permutation	
4178.0	-0.06785953422881619	SEQC	permutation	
4179.0	0.04207611666626665	SEQC	permutation	
4180.0	0.31943057707028455	SEQC	permutation	
4181.0	0.17617412575900637	SEQC	permutation	
4182.0	-0.06982964397358948	SEQC	permutation	
4183.0	-0.02559880062404396	SEQC	permutation	
4184.0	-0.19401239941585313	SEQC	permutation	
4185.0	-0.006987313779490023	SEQC	permutation	
4186.0	0.10858930465344585	SEQC	permutation	
4187.0	0.14247492123397443	SEQC	permutation	
4188.0	0.28747158224550695	SEQC	permutation	
4189.0	0.05376758641473778	SEQC	permutation	
4190.0	0.11947143839781393	SEQC	permutation	
4191.0	-0.02254135572782001	SEQC	permutation	
4192.0	0.27668815176503614	SEQC	permutation	
4193.0	0.12233491821683007	SEQC	permutation	
4194.0	-0.043469255990623346	SEQC	permutation	
4195.0	-0.20006159868569195	SEQC	permutation	
4196.0	0.09381434369187414	SEQC	permutation	
4197.0	-0.07797093168994973	SEQC	permutation	
4198.0	-0.07400398244303297	SEQC	permutation	
4199.0	0.09074418307154364	SEQC	permutation	
4200.0	0.10422292530227484	SEQC	permutation	
4201.0	0.07269690760130132	SEQC	permutation	
4202.0	-0.011770627610919071	SEQC	permutation	
4203.0	-0.01963420549335737	SEQC	permutation	
4204.0	0.016088184371205294	SEQC	permutation	
4205.0	0.05257271698674337	SEQC	permutation	
4206.0	-0.1354286732019352	SEQC	permutation	
4207.0	0.07664411882482813	SEQC	permutation	
4208.0	0.14665194564287987	SEQC	permutation	
4209.0	-0.03155380414957687	SEQC	permutation	
4210.0	-0.014418344581514475	SEQC	permutation	
4211.0	0.26222232948782054	SEQC	permutation	
4212.0	-0.026022245507737907	SEQC	permutation	
4213.0	0.002219734818759811	SEQC	permutation	
4214.0	0.3364105790475733	SEQC	permutation	
4215.0	0.06948719455746932	SEQC	permutation	
4216.0	0.18652217316175612	SEQC	permutation	
4217.0	0.12285375395984577	SEQC	permutation	
4218.0	0.11673922061812458	SEQC	permutation	
4219.0	0.18931221391231112	SEQC	permutation	
4220.0	-0.06289032686982754	SEQC	permutation	
4221.0	-0.005860265910016871	SEQC	permutation	
4222.0	0.01675007770268344	SEQC	permutation	
4223.0	-0.0864892618522708	SEQC	permutation	
4224.0	-0.04630826038876368	SEQC	permutation	
4225.0	-0.1633322155595156	SEQC	permutation	
4226.0	-0.005794828122908768	SEQC	permutation	
4227.0	0.05870451923784614	SEQC	permutation	
4228.0	0.08164558903723673	SEQC	permutation	
4229.0	-0.08303159077776634	SEQC	permutation	
4230.0	-0.1991776349258645	SEQC	permutation	
4231.0	0.07083990677966945	SEQC	permutation	
4232.0	0.05131924760753126	SEQC	permutation	
4233.0	-0.027924978636534092	SEQC	permutation	
4234.0	-0.11016352762010406	SEQC	permutation	
4235.0	-0.13005584657662173	SEQC	permutation	
4236.0	-0.08444084307497945	SEQC	permutation	
4237.0	0.16458520861171255	SEQC	permutation	
4238.0	0.052260726845921646	SEQC	permutation	
4239.0	0.12205935592807382	SEQC	permutation	
4240.0	0.0633275466878942	SEQC	permutation	
4241.0	-0.015588053569872251	SEQC	permutation	
4242.0	0.1472034769024413	SEQC	permutation	
4243.0	0.04529958966870584	SEQC	permutation	
4244.0	-0.09215102939529096	SEQC	permutation	
4245.0	0.17902748225174747	SEQC	permutation	
4246.0	0.05352015236104979	SEQC	permutation	
4247.0	-0.04722898055828928	SEQC	permutation	
4248.0	0.08275730842210116	SEQC	permutation	
4249.0	-0.04703211123735329	SEQC	permutation	
4250.0	-0.08505333448409669	SEQC	permutation	
4251.0	-0.03558323653231543	SEQC	permutation	
4252.0	0.12670975449799204	SEQC	permutation	
4253.0	-0.1616476772069051	SEQC	permutation	
4254.0	-0.15474488008437692	SEQC	permutation	
4255.0	0.04065175605444438	SEQC	permutation	
4256.0	-0.15550856489882303	SEQC	permutation	
4257.0	0.10739892071664858	SEQC	permutation	
4258.0	0.005246061282309533	SEQC	permutation	
4259.0	-0.03754183724713922	SEQC	permutation	
4260.0	-0.037368064141197976	SEQC	permutation	
4261.0	-0.11729426079655259	SEQC	permutation	
4262.0	0.1012067866398354	SEQC	permutation	
4263.0	-0.08164823616457717	SEQC	permutation	
4264.0	-0.055284492646115346	SEQC	permutation	
4265.0	0.22921027410935935	SEQC	permutation	
4266.0	0.31082997332012674	SEQC	permutation	
4267.0	-0.17964178224485838	SEQC	permutation	
4268.0	0.09020871557111665	SEQC	permutation	
4269.0	0.08002289702476695	SEQC	permutation	
4270.0	-0.09580363231640376	SEQC	permutation	
4271.0	-0.143129775777056	SEQC	permutation	
4272.0	0.14824096923000774	SEQC	permutation	
4273.0	0.057948785889999854	SEQC	permutation	
4274.0	-0.11297477016859947	SEQC	permutation	
4275.0	-0.22772696468822673	SEQC	permutation	
4276.0	0.2054737406448659	SEQC	permutation	
4277.0	0.007847261734078792	SEQC	permutation	
4278.0	0.008440903162575175	SEQC	permutation	
4279.0	-0.03397916816484514	SEQC	permutation	
4280.0	-0.17013800549969105	SEQC	permutation	
4281.0	0.051524387631664226	SEQC	permutation	
4282.0	0.11570174976524505	SEQC	permutation	
4283.0	0.05572698341569993	SEQC	permutation	
4284.0	-0.11014310783593739	SEQC	permutation	
4285.0	-0.02983693026862788	SEQC	permutation	
4286.0	0.1169671826775529	SEQC	permutation	
4287.0	-0.053336620501252874	SEQC	permutation	
4288.0	0.07199810983590016	SEQC	permutation	
4289.0	-0.11308582024273317	SEQC	permutation	
4290.0	-0.019878603755206115	SEQC	permutation	
4291.0	0.1851782261703958	SEQC	permutation	
4292.0	-0.02630177011960999	SEQC	permutation	
4293.0	-0.00328177840696231	SEQC	permutation	
4294.0	0.0782300640479816	SEQC	permutation	
4295.0	-0.06428486855908844	SEQC	permutation	
4296.0	-0.04260545361350321	SEQC	permutation	
4297.0	0.26922942796247273	SEQC	permutation	
4298.0	0.010456657377353018	SEQC	permutation	
4299.0	0.11372146585437548	SEQC	permutation	
4300.0	0.10094823775982409	SEQC	permutation	
4301.0	-0.246052587728796	SEQC	permutation	
4302.0	0.21034473190611713	SEQC	permutation	
4303.0	-0.07874477159360715	SEQC	permutation	
4304.0	0.0005650962951442295	SEQC	permutation	
4305.0	-0.20788688843404302	SEQC	permutation	
4306.0	-0.05515166087242651	SEQC	permutation	
4307.0	-0.07081350387785612	SEQC	permutation	
4308.0	0.15388988727933484	SEQC	permutation	
4309.0	-0.12248138140108367	SEQC	permutation	
4310.0	-0.015166104263549585	SEQC	permutation	
4311.0	-0.06299851330069561	SEQC	permutation	
4312.0	0.04206949753503153	SEQC	permutation	
4313.0	0.03201673990275111	SEQC	permutation	
4314.0	0.09396589289542856	SEQC	permutation	
4315.0	-0.1531263074493845	SEQC	permutation	
4316.0	-0.0686587483487191	SEQC	permutation	
4317.0	0.024934749473972673	SEQC	permutation	
4318.0	0.19020779745235927	SEQC	permutation	
4319.0	-0.1205794515676013	SEQC	permutation	
4320.0	0.029322178747507976	SEQC	permutation	
4321.0	-0.025656123007247622	SEQC	permutation	
4322.0	-0.23336480670861892	SEQC	permutation	
4323.0	-0.25673221159140347	SEQC	permutation	
4324.0	0.10664784764121382	SEQC	permutation	
4325.0	0.00545860117324537	SEQC	permutation	
4326.0	0.08852715579900039	SEQC	permutation	
4327.0	0.09431938590485522	SEQC	permutation	
4328.0	0.03572575775271769	SEQC	permutation	
4329.0	-0.0026161320296704815	SEQC	permutation	
4330.0	-0.04167795118064088	SEQC	permutation	
4331.0	-0.16460392322708284	SEQC	permutation	
4332.0	0.14689010666127444	SEQC	permutation	
4333.0	-0.09370697895690405	SEQC	permutation	
4334.0	-0.20117728263659984	SEQC	permutation	
4335.0	-0.05442280762978946	SEQC	permutation	
4336.0	0.2170898992774788	SEQC	permutation	
4337.0	0.04469864351854369	SEQC	permutation	
4338.0	0.19749111299004518	SEQC	permutation	
4339.0	0.008860791903278376	SEQC	permutation	
4340.0	0.10651119425204314	SEQC	permutation	
4341.0	0.08016070225702787	SEQC	permutation	
4342.0	0.11589387863177159	SEQC	permutation	
4343.0	0.06326070734542988	SEQC	permutation	
4344.0	0.019146791944457675	SEQC	permutation	
4345.0	0.04910552259289691	SEQC	permutation	
4346.0	-0.1465150248943461	SEQC	permutation	
4347.0	-0.1435991967006931	SEQC	permutation	
4348.0	-0.044152529088496095	SEQC	permutation	
4349.0	0.18625001497188087	SEQC	permutation	
4350.0	-0.04224392804573274	SEQC	permutation	
4351.0	0.1454527283609961	SEQC	permutation	
4352.0	0.1954729051017532	SEQC	permutation	
4353.0	0.2908340324441392	SEQC	permutation	
4354.0	0.021764910902245305	SEQC	permutation	
4355.0	0.10222010926265224	SEQC	permutation	
4356.0	-0.18300423916229214	SEQC	permutation	
4357.0	0.15753847855969116	SEQC	permutation	
4358.0	0.02474494564700347	SEQC	permutation	
4359.0	-0.08491929734999903	SEQC	permutation	
4360.0	0.1560010019670406	SEQC	permutation	
4361.0	0.13200293567023547	SEQC	permutation	
4362.0	0.1697944876215658	SEQC	permutation	
4363.0	-0.02991363802663205	SEQC	permutation	
4364.0	0.28191281921698064	SEQC	permutation	
4365.0	0.031057898319692967	SEQC	permutation	
4366.0	-0.04733187063228872	SEQC	permutation	
4367.0	-0.21209655666027416	SEQC	permutation	
4368.0	-0.18505587458204342	SEQC	permutation	
4369.0	0.2363059080939598	SEQC	permutation	
4370.0	-0.06031906025496969	SEQC	permutation	
4371.0	0.17985580632965625	SEQC	permutation	
4372.0	-0.23450684545806322	SEQC	permutation	
4373.0	0.13808329226378824	SEQC	permutation	
4374.0	0.10890177617071828	SEQC	permutation	
4375.0	-0.05541986083823147	SEQC	permutation	
4376.0	-0.039081235597715036	SEQC	permutation	
4377.0	0.007407949143192205	SEQC	permutation	
4378.0	0.05831451816170574	SEQC	permutation	
4379.0	0.08267971843431887	SEQC	permutation	
4380.0	0.06431951847615025	SEQC	permutation	
4381.0	0.056111322082395	SEQC	permutation	
4382.0	0.17586929236337756	SEQC	permutation	
4383.0	0.11383796308330574	SEQC	permutation	
4384.0	-0.05158192333498679	SEQC	permutation	
4385.0	0.01622845495632319	SEQC	permutation	
4386.0	0.07796880933801553	SEQC	permutation	
4387.0	0.21444639600625415	SEQC	permutation	
4388.0	0.018041792184803285	SEQC	permutation	
4389.0	-0.003986343265030001	SEQC	permutation	
4390.0	0.04117144153133978	SEQC	permutation	
4391.0	-0.05810716900964774	SEQC	permutation	
4392.0	-0.0997125981167768	SEQC	permutation	
4393.0	0.058258868106814354	SEQC	permutation	
4394.0	0.3115715351776931	SEQC	permutation	
4395.0	-0.05952653533373731	SEQC	permutation	
4396.0	0.04061560544162379	SEQC	permutation	
4397.0	0.08369093413112783	SEQC	permutation	
4398.0	-0.14871691764168293	SEQC	permutation	
4399.0	-0.16438351471104706	SEQC	permutation	
4400.0	0.007386885273906074	SEQC	permutation	
4401.0	-0.14527183086840445	SEQC	permutation	
4402.0	-0.1942578488925406	SEQC	permutation	
4403.0	-0.09882801123672902	SEQC	permutation	
4404.0	-0.20026033714502844	SEQC	permutation	
4405.0	-0.05346107466326799	SEQC	permutation	
4406.0	-0.07844773892534462	SEQC	permutation	
4407.0	0.07253628747023377	SEQC	permutation	
4408.0	-0.07352264876188919	SEQC	permutation	
4409.0	0.049419891242912684	SEQC	permutation	
4410.0	0.3123848207687274	SEQC	permutation	
4411.0	0.16836158346113983	SEQC	permutation	
4412.0	-0.07507275992947093	SEQC	permutation	
4413.0	-0.12726436313800704	SEQC	permutation	
4414.0	-0.2578689621721342	SEQC	permutation	
4415.0	-0.20912565139510608	SEQC	permutation	
4416.0	-0.060258037181211144	SEQC	permutation	
4417.0	-0.18797627925096094	SEQC	permutation	
4418.0	-0.11642574429802899	SEQC	permutation	
4419.0	0.015564111221015864	SEQC	permutation	
4420.0	0.13390031375434486	SEQC	permutation	
4421.0	-0.07527132969622574	SEQC	permutation	
4422.0	0.012405313112488159	SEQC	permutation	
4423.0	0.19243391234770701	SEQC	permutation	
4424.0	0.11187061869745829	SEQC	permutation	
4425.0	0.0479936653684927	SEQC	permutation	
4426.0	0.06442048515755427	SEQC	permutation	
4427.0	0.10705261220227058	SEQC	permutation	
4428.0	-0.12267568619618086	SEQC	permutation	
4429.0	0.05727726071611006	SEQC	permutation	
4430.0	0.08406939400631419	SEQC	permutation	
4431.0	0.09174662073593876	SEQC	permutation	
4432.0	-0.07547320171212135	SEQC	permutation	
4433.0	0.02427763790294346	SEQC	permutation	
4434.0	0.27246398335624633	SEQC	permutation	
4435.0	-0.23260204461330058	SEQC	permutation	
4436.0	-0.04151622324665283	SEQC	permutation	
4437.0	-0.04894774531856516	SEQC	permutation	
4438.0	-0.058444693900284506	SEQC	permutation	
4439.0	0.08226766920976303	SEQC	permutation	
4440.0	-0.05478130431253447	SEQC	permutation	
4441.0	0.06956013312548048	SEQC	permutation	
4442.0	-0.12770176578363035	SEQC	permutation	
4443.0	0.19140655529691486	SEQC	permutation	
4444.0	0.13238625939754112	SEQC	permutation	
4445.0	-0.17837113629642687	SEQC	permutation	
4446.0	-0.08515270233624062	SEQC	permutation	
4447.0	0.06764658217792974	SEQC	permutation	
4448.0	-0.005716849275319902	SEQC	permutation	
4449.0	0.06086249151046097	SEQC	permutation	
4450.0	-0.011654721998928252	SEQC	permutation	
4451.0	-0.16880023975657732	SEQC	permutation	
4452.0	0.19118661813871807	SEQC	permutation	
4453.0	0.16917538699560364	SEQC	permutation	
4454.0	0.12634149099801828	SEQC	permutation	
4455.0	-0.015657509737341258	SEQC	permutation	
4456.0	0.0817459372250866	SEQC	permutation	
4457.0	-0.22694157693322747	SEQC	permutation	
4458.0	0.1159592861710026	SEQC	permutation	
4459.0	0.08351353109639081	SEQC	permutation	
4460.0	0.007480033238189243	SEQC	permutation	
4461.0	0.04867982236588286	SEQC	permutation	
4462.0	-0.19074593836065468	SEQC	permutation	
4463.0	0.1707329911096842	SEQC	permutation	
4464.0	0.05789542687141225	SEQC	permutation	
4465.0	-0.018194213465572595	SEQC	permutation	
4466.0	-0.15980358841538678	SEQC	permutation	
4467.0	-0.00935994249949168	SEQC	permutation	
4468.0	0.07738857530373	SEQC	permutation	
4469.0	0.21439516003204862	SEQC	permutation	
4470.0	-0.1123682653581799	SEQC	permutation	
4471.0	0.053881785176511876	SEQC	permutation	
4472.0	-0.16616093640770213	SEQC	permutation	
4473.0	0.04024723677197173	SEQC	permutation	
4474.0	0.014034584494125646	SEQC	permutation	
4475.0	-0.017246665141271933	SEQC	permutation	
4476.0	-0.05817510590048869	SEQC	permutation	
4477.0	-0.22335149702286916	SEQC	permutation	
4478.0	-0.05315115016120764	SEQC	permutation	
4479.0	0.07138666273305638	SEQC	permutation	
4480.0	0.09258673644171722	SEQC	permutation	
4481.0	-0.14222303697800243	SEQC	permutation	
4482.0	0.020280199936285825	SEQC	permutation	
4483.0	0.07234763697583713	SEQC	permutation	
4484.0	0.019211771005285705	SEQC	permutation	
4485.0	0.33683286205270413	SEQC	permutation	
4486.0	-0.0615422261783527	SEQC	permutation	
4487.0	0.08580999302256753	SEQC	permutation	
4488.0	0.14586719489850708	SEQC	permutation	
4489.0	0.023388123441395514	SEQC	permutation	
4490.0	0.23807269718605095	SEQC	permutation	
4491.0	-0.008858133926639589	SEQC	permutation	
4492.0	-0.09378630867572824	SEQC	permutation	
4493.0	0.10483463353487465	SEQC	permutation	
4494.0	0.08712219103694796	SEQC	permutation	
4495.0	-0.010740442470448919	SEQC	permutation	
4496.0	-0.2608119351902527	SEQC	permutation	
4497.0	-0.09351931413705472	SEQC	permutation	
4498.0	0.17865009628864037	SEQC	permutation	
4499.0	0.09137502517071638	SEQC	permutation	
4500.0	-0.05509967746677358	SEQC	permutation	
4501.0	-0.1469371462708713	SEQC	permutation	
4502.0	-0.07126254633297169	SEQC	permutation	
4503.0	-0.03835372116067415	SEQC	permutation	
4504.0	0.167625220822611	SEQC	permutation	
4505.0	0.1499965360933908	SEQC	permutation	
4506.0	0.11073396509843736	SEQC	permutation	
4507.0	0.26799288115530917	SEQC	permutation	
4508.0	-0.10603913262212039	SEQC	permutation	
4509.0	-0.1362205649085082	SEQC	permutation	
4510.0	-0.10191639790642526	SEQC	permutation	
4511.0	-0.2779667009663491	SEQC	permutation	
4512.0	-0.14119353979910088	SEQC	permutation	
4513.0	-0.005533693826501818	SEQC	permutation	
4514.0	0.05462664747389301	SEQC	permutation	
4515.0	-0.07882702359948812	SEQC	permutation	
4516.0	0.2838495485179475	SEQC	permutation	
4517.0	-0.027145773370078174	SEQC	permutation	
4518.0	-0.03262457259223073	SEQC	permutation	
4519.0	0.07251034144175161	SEQC	permutation	
4520.0	-0.08486898467411308	SEQC	permutation	
4521.0	-0.04869959216726105	SEQC	permutation	
4522.0	0.0019287845886939436	SEQC	permutation	
4523.0	0.15512004703533844	SEQC	permutation	
4524.0	0.049309424728643414	SEQC	permutation	
4525.0	-0.11608283350386728	SEQC	permutation	
4526.0	0.2979089163669677	SEQC	permutation	
4527.0	0.18288237477453606	SEQC	permutation	
4528.0	0.04811508951675414	SEQC	permutation	
4529.0	0.08647654119674275	SEQC	permutation	
4530.0	0.0766615946518634	SEQC	permutation	
4531.0	0.16144359966833655	SEQC	permutation	
4532.0	0.03970006220704558	SEQC	permutation	
4533.0	-0.11739730130363579	SEQC	permutation	
4534.0	-0.001690263095873057	SEQC	permutation	
4535.0	0.14732697532862904	SEQC	permutation	
4536.0	-0.032828563711381875	SEQC	permutation	
4537.0	0.05637987547762968	SEQC	permutation	
4538.0	-0.08522051008105969	SEQC	permutation	
4539.0	-0.1317912914983772	SEQC	permutation	
4540.0	-0.00451372185640686	SEQC	permutation	
4541.0	-0.06567797581948387	SEQC	permutation	
4542.0	0.1506040234811481	SEQC	permutation	
4543.0	-0.04183622921655683	SEQC	permutation	
4544.0	-0.04693275645991157	SEQC	permutation	
4545.0	-0.058160443657546246	SEQC	permutation	
4546.0	0.01661041469857416	SEQC	permutation	
4547.0	-0.039797988452706434	SEQC	permutation	
4548.0	-0.022900689529222973	SEQC	permutation	
4549.0	-0.045155680665547315	SEQC	permutation	
4550.0	0.0009576723406459209	SEQC	permutation	
4551.0	-0.02379085747543641	SEQC	permutation	
4552.0	0.1250515874527025	SEQC	permutation	
4553.0	-0.40131135574217947	SEQC	permutation	
4554.0	-0.06952429612842259	SEQC	permutation	
4555.0	-0.0787436270590165	SEQC	permutation	
4556.0	0.16476909176020893	SEQC	permutation	
4557.0	-0.15480084903046354	SEQC	permutation	
4558.0	-0.07801610155985017	SEQC	permutation	
4559.0	0.1542512772429685	SEQC	permutation	
4560.0	-0.044983191299767356	SEQC	permutation	
4561.0	-0.13377410693501623	SEQC	permutation	
4562.0	-0.11004598800807042	SEQC	permutation	
4563.0	-0.11733391924336267	SEQC	permutation	
4564.0	-0.14694623967959952	SEQC	permutation	
4565.0	-0.11258957354454413	SEQC	permutation	
4566.0	-0.049643755780344634	SEQC	permutation	
4567.0	-0.1352216336404375	SEQC	permutation	
4568.0	0.06898466620642285	SEQC	permutation	
4569.0	0.027523134417526407	SEQC	permutation	
4570.0	0.17714559440428257	SEQC	permutation	
4571.0	0.06553295473264065	SEQC	permutation	
4572.0	0.1223548314739622	SEQC	permutation	
4573.0	0.07275463948729222	SEQC	permutation	
4574.0	0.007245405191767418	SEQC	permutation	
4575.0	0.14900170141363756	SEQC	permutation	
4576.0	-0.09713690251872453	SEQC	permutation	
4577.0	0.2542636104415248	SEQC	permutation	
4578.0	0.04344646875553604	SEQC	permutation	
4579.0	-0.1071140962782664	SEQC	permutation	
4580.0	-0.03800121214711627	SEQC	permutation	
4581.0	-0.0855236567308042	SEQC	permutation	
4582.0	0.09555980350167204	SEQC	permutation	
4583.0	0.05228220813998341	SEQC	permutation	
4584.0	0.10575668329284937	SEQC	permutation	
4585.0	0.17065699552120694	SEQC	permutation	
4586.0	0.24922563111969076	SEQC	permutation	
4587.0	-0.03099063974971994	SEQC	permutation	
4588.0	0.032516381930356886	SEQC	permutation	
4589.0	-0.08809513249054746	SEQC	permutation	
4590.0	-0.1387346987413105	SEQC	permutation	
4591.0	-0.0871831073884044	SEQC	permutation	
4592.0	-0.13085424327675899	SEQC	permutation	
4593.0	0.017221800182851688	SEQC	permutation	
4594.0	0.12090028303086253	SEQC	permutation	
4595.0	-0.039300696241185484	SEQC	permutation	
4596.0	0.22343322731822202	SEQC	permutation	
4597.0	0.04743605161935882	SEQC	permutation	
4598.0	0.12828101209497245	SEQC	permutation	
4599.0	0.11279278423093153	SEQC	permutation	
4600.0	0.03348876235608067	SEQC	permutation	
4601.0	0.08378444359405002	SEQC	permutation	
4602.0	0.0003997425748387684	SEQC	permutation	
4603.0	0.03602756140458574	SEQC	permutation	
4604.0	-0.05315396230752256	SEQC	permutation	
4605.0	-0.08449936358781773	SEQC	permutation	
4606.0	0.09250787286341211	SEQC	permutation	
4607.0	0.33940482916408676	SEQC	permutation	
4608.0	-0.1807967924748093	SEQC	permutation	
4609.0	-0.0008294628175651297	SEQC	permutation	
4610.0	-0.03531108752934564	SEQC	permutation	
4611.0	0.1290540712880972	SEQC	permutation	
4612.0	0.14119396587438526	SEQC	permutation	
4613.0	-0.1449157038629636	SEQC	permutation	
4614.0	0.07780263571064339	SEQC	permutation	
4615.0	0.09552845226669682	SEQC	permutation	
4616.0	0.11519070663072295	SEQC	permutation	
4617.0	0.08528023496594006	SEQC	permutation	
4618.0	0.1114017635268203	SEQC	permutation	
4619.0	0.023635265022648788	SEQC	permutation	
4620.0	0.15054263709876547	SEQC	permutation	
4621.0	-0.20768356044119596	SEQC	permutation	
4622.0	0.09385264025412354	SEQC	permutation	
4623.0	-0.09469222306634872	SEQC	permutation	
4624.0	0.01766209363620508	SEQC	permutation	
4625.0	0.12613352517135912	SEQC	permutation	
4626.0	0.1401258756839674	SEQC	permutation	
4627.0	-0.0670530813311947	SEQC	permutation	
4628.0	0.11326428564471502	SEQC	permutation	
4629.0	0.28772216578241316	SEQC	permutation	
4630.0	0.1928256573337439	SEQC	permutation	
4631.0	-0.09273572788977269	SEQC	permutation	
4632.0	-0.03010488849738646	SEQC	permutation	
4633.0	0.0332231451666658	SEQC	permutation	
4634.0	0.2575900335222494	SEQC	permutation	
4635.0	0.028192529334654992	SEQC	permutation	
4636.0	0.08288056881837047	SEQC	permutation	
4637.0	0.02674751426366928	SEQC	permutation	
4638.0	-0.07552462600681231	SEQC	permutation	
4639.0	0.14713385516751298	SEQC	permutation	
4640.0	0.2162601867973759	SEQC	permutation	
4641.0	-0.10190795163264887	SEQC	permutation	
4642.0	0.11912525783728167	SEQC	permutation	
4643.0	0.20799128439446957	SEQC	permutation	
4644.0	0.12878971163781383	SEQC	permutation	
4645.0	0.09541118901011725	SEQC	permutation	
4646.0	-0.19429915374866003	SEQC	permutation	
4647.0	0.04109264226892684	SEQC	permutation	
4648.0	0.025815217961485892	SEQC	permutation	
4649.0	-0.024859200053113817	SEQC	permutation	
4650.0	0.04528619457477756	SEQC	permutation	
4651.0	0.020015922692008914	SEQC	permutation	
4652.0	0.016657312322524653	SEQC	permutation	
4653.0	-0.11599968803097926	SEQC	permutation	
4654.0	-0.19172652161417858	SEQC	permutation	
4655.0	0.2285569441653541	SEQC	permutation	
4656.0	0.1782543801656704	SEQC	permutation	
4657.0	-0.007373274687652476	SEQC	permutation	
4658.0	0.026181799531213912	SEQC	permutation	
4659.0	-0.16272827683534086	SEQC	permutation	
4660.0	-0.1355764756791107	SEQC	permutation	
4661.0	0.09979226705925903	SEQC	permutation	
4662.0	-0.02501649264731043	SEQC	permutation	
4663.0	-0.12173742618365413	SEQC	permutation	
4664.0	-0.25557855266575213	SEQC	permutation	
4665.0	-0.09899119304226556	SEQC	permutation	
4666.0	-0.07297431213214267	SEQC	permutation	
4667.0	0.01817779586020496	SEQC	permutation	
4668.0	0.14682244348090645	SEQC	permutation	
4669.0	-0.15457810741804945	SEQC	permutation	
4670.0	-0.052435130576479416	SEQC	permutation	
4671.0	-0.0909059351476671	SEQC	permutation	
4672.0	-0.17970076709370808	SEQC	permutation	
4673.0	-0.05997880670746003	SEQC	permutation	
4674.0	0.19862276810832302	SEQC	permutation	
4675.0	-0.042159809125058345	SEQC	permutation	
4676.0	0.04045004897528415	SEQC	permutation	
4677.0	-0.14187382642217639	SEQC	permutation	
4678.0	0.16860770993821284	SEQC	permutation	
4679.0	-0.10119816579415897	SEQC	permutation	
4680.0	0.16957252424293046	SEQC	permutation	
4681.0	0.08138211423901254	SEQC	permutation	
4682.0	-0.07161280091169075	SEQC	permutation	
4683.0	-0.09268508326649894	SEQC	permutation	
4684.0	-0.11440583690979977	SEQC	permutation	
4685.0	-0.3072455503992826	SEQC	permutation	
4686.0	0.14966943363372565	SEQC	permutation	
4687.0	-0.025491642475543586	SEQC	permutation	
4688.0	-0.19889738486524067	SEQC	permutation	
4689.0	-0.21635104020742713	SEQC	permutation	
4690.0	0.000561904860422402	SEQC	permutation	
4691.0	-0.0019953467070594755	SEQC	permutation	
4692.0	0.025834635222093283	SEQC	permutation	
4693.0	0.014986864967366564	SEQC	permutation	
4694.0	0.04367416711712213	SEQC	permutation	
4695.0	0.06784298080303941	SEQC	permutation	
4696.0	0.26943017287525084	SEQC	permutation	
4697.0	-0.11579051076291424	SEQC	permutation	
4698.0	0.1218549994212772	SEQC	permutation	
4699.0	0.037108030582110985	SEQC	permutation	
4700.0	0.08691399403353284	SEQC	permutation	
4701.0	-0.06778720894966206	SEQC	permutation	
4702.0	0.08210578936252855	SEQC	permutation	
4703.0	-0.01290416498127911	SEQC	permutation	
4704.0	0.07496098420560315	SEQC	permutation	
4705.0	0.09962062940770977	SEQC	permutation	
4706.0	-0.12311199411543328	SEQC	permutation	
4707.0	-0.21386933050601709	SEQC	permutation	
4708.0	0.012982648578073075	SEQC	permutation	
4709.0	-0.0903875316438949	SEQC	permutation	
4710.0	0.10799292144847428	SEQC	permutation	
4711.0	-0.04047092531648744	SEQC	permutation	
4712.0	0.2031604919068153	SEQC	permutation	
4713.0	-0.04544459744817697	SEQC	permutation	
4714.0	0.05850324651548178	SEQC	permutation	
4715.0	0.025038789939062056	SEQC	permutation	
4716.0	-0.1377580062070871	SEQC	permutation	
4717.0	0.004388619709132513	SEQC	permutation	
4718.0	0.12433831324588152	SEQC	permutation	
4719.0	-0.10733871059453293	SEQC	permutation	
4720.0	0.0327594771049009	SEQC	permutation	
4721.0	0.1269887530804228	SEQC	permutation	
4722.0	-0.08801538539600973	SEQC	permutation	
4723.0	-0.023966136956625306	SEQC	permutation	
4724.0	0.1864662509340418	SEQC	permutation	
4725.0	0.017961212589624687	SEQC	permutation	
4726.0	-0.023882174305896342	SEQC	permutation	
4727.0	0.13724355177630532	SEQC	permutation	
4728.0	0.05445190355330798	SEQC	permutation	
4729.0	0.06778900080172079	SEQC	permutation	
4730.0	-0.09607919243734298	SEQC	permutation	
4731.0	-0.0011593112985748277	SEQC	permutation	
4732.0	-0.00423815412089823	SEQC	permutation	
4733.0	-0.06480072185352537	SEQC	permutation	
4734.0	-0.0869893514340161	SEQC	permutation	
4735.0	-0.025259491423399005	SEQC	permutation	
4736.0	-0.19485386438876606	SEQC	permutation	
4737.0	0.0962205397784599	SEQC	permutation	
4738.0	0.12624907212422976	SEQC	permutation	
4739.0	0.1151015280742067	SEQC	permutation	
4740.0	-0.17780001191893913	SEQC	permutation	
4741.0	0.01550637943285782	SEQC	permutation	
4742.0	-0.036274126971100884	SEQC	permutation	
4743.0	0.03876770832759657	SEQC	permutation	
4744.0	0.08534664905494527	SEQC	permutation	
4745.0	-0.009667837093312315	SEQC	permutation	
4746.0	0.03516903621493661	SEQC	permutation	
4747.0	-0.03935877793989384	SEQC	permutation	
4748.0	0.12851478200448607	SEQC	permutation	
4749.0	-0.06976999720621446	SEQC	permutation	
4750.0	-0.03874368599136524	SEQC	permutation	
4751.0	0.0839937916867548	SEQC	permutation	
4752.0	-0.011006380239117597	SEQC	permutation	
4753.0	-0.07704979288961145	SEQC	permutation	
4754.0	0.22047018922305384	SEQC	permutation	
4755.0	0.11949981659237974	SEQC	permutation	
4756.0	-0.0810320322459388	SEQC	permutation	
4757.0	-0.0033954533820237387	SEQC	permutation	
4758.0	-0.08233620016862542	SEQC	permutation	
4759.0	-0.12098681763774799	SEQC	permutation	
4760.0	-0.10780303549966419	SEQC	permutation	
4761.0	-0.07758453575153368	SEQC	permutation	
4762.0	-0.05190520051416936	SEQC	permutation	
4763.0	-0.041249656743798546	SEQC	permutation	
4764.0	0.3230327355412932	SEQC	permutation	
4765.0	-0.1114951950520533	SEQC	permutation	
4766.0	-0.02037409304417359	SEQC	permutation	
4767.0	-0.09517137926043606	SEQC	permutation	
4768.0	-0.10041588886770825	SEQC	permutation	
4769.0	0.19209343586947014	SEQC	permutation	
4770.0	0.22980267325680614	SEQC	permutation	
4771.0	0.051589592602575784	SEQC	permutation	
4772.0	-0.15476583048178938	SEQC	permutation	
4773.0	0.12503406459523347	SEQC	permutation	
4774.0	-0.007801513992811593	SEQC	permutation	
4775.0	-0.22817610282406875	SEQC	permutation	
4776.0	0.050571474630012325	SEQC	permutation	
4777.0	0.1288992979417083	SEQC	permutation	
4778.0	-0.058332141243234936	SEQC	permutation	
4779.0	0.093560836609214	SEQC	permutation	
4780.0	0.0652655688517676	SEQC	permutation	
4781.0	0.11356765197670171	SEQC	permutation	
4782.0	0.04245732984702677	SEQC	permutation	
4783.0	0.0786295432498818	SEQC	permutation	
4784.0	0.13458711660421052	SEQC	permutation	
4785.0	0.04988420965392226	SEQC	permutation	
4786.0	0.024419539523007572	SEQC	permutation	
4787.0	-0.026362639152283762	SEQC	permutation	
4788.0	-0.15282243190775002	SEQC	permutation	
4789.0	0.09023488095952192	SEQC	permutation	
4790.0	-0.02257671321073218	SEQC	permutation	
4791.0	-0.20192819245195537	SEQC	permutation	
4792.0	-0.28573347118305037	SEQC	permutation	
4793.0	0.13171519288966138	SEQC	permutation	
4794.0	0.19993471515740513	SEQC	permutation	
4795.0	0.07921624939377647	SEQC	permutation	
4796.0	0.1013443830620373	SEQC	permutation	
4797.0	0.15359354465831654	SEQC	permutation	
4798.0	-0.016208814653982273	SEQC	permutation	
4799.0	0.1584920190072765	SEQC	permutation	
4800.0	-0.04688114347806138	SEQC	permutation	
4801.0	-0.15978604491288095	SEQC	permutation	
4802.0	0.14639043956103492	SEQC	permutation	
4803.0	0.1855114843976846	SEQC	permutation	
4804.0	-0.08564107885944239	SEQC	permutation	
4805.0	-0.042591199377073785	SEQC	permutation	
4806.0	0.08684919418745984	SEQC	permutation	
4807.0	0.10049517945472086	SEQC	permutation	
4808.0	0.0016969558372430527	SEQC	permutation	
4809.0	0.13448306119140874	SEQC	permutation	
4810.0	-0.08490074069849207	SEQC	permutation	
4811.0	0.3139165941830315	SEQC	permutation	
4812.0	-0.07366285647431425	SEQC	permutation	
4813.0	-0.0188416975711716	SEQC	permutation	
4814.0	-0.0863814502978677	SEQC	permutation	
4815.0	0.3297668076556457	SEQC	permutation	
4816.0	-0.09707042991372017	SEQC	permutation	
4817.0	0.23901244534142307	SEQC	permutation	
4818.0	-0.05575671635048973	SEQC	permutation	
4819.0	-0.039776104455278016	SEQC	permutation	
4820.0	-0.18631936917416692	SEQC	permutation	
4821.0	-0.14289141001761063	SEQC	permutation	
4822.0	0.04209971973178117	SEQC	permutation	
4823.0	0.022020629510814516	SEQC	permutation	
4824.0	-0.025015891310767202	SEQC	permutation	
4825.0	-0.21876845342070617	SEQC	permutation	
4826.0	-0.09268949885139399	SEQC	permutation	
4827.0	-0.052020569843897135	SEQC	permutation	
4828.0	0.13240765139792288	SEQC	permutation	
4829.0	-0.06148928624500005	SEQC	permutation	
4830.0	0.3442420463628526	SEQC	permutation	
4831.0	0.11110575526505784	SEQC	permutation	
4832.0	-0.15111307266792906	SEQC	permutation	
4833.0	0.07337351977948892	SEQC	permutation	
4834.0	0.03751741051124302	SEQC	permutation	
4835.0	0.06314026429676023	SEQC	permutation	
4836.0	-0.040884616609064395	SEQC	permutation	
4837.0	-0.1879728872340003	SEQC	permutation	
4838.0	0.21232248642042073	SEQC	permutation	
4839.0	-0.044272418093476595	SEQC	permutation	
4840.0	0.06625422113119583	SEQC	permutation	
4841.0	-0.014211185198306886	SEQC	permutation	
4842.0	0.11357232980084753	SEQC	permutation	
4843.0	0.05828781837989272	SEQC	permutation	
4844.0	0.0674482909510532	SEQC	permutation	
4845.0	0.24739254290167523	SEQC	permutation	
4846.0	-0.2850935413504265	SEQC	permutation	
4847.0	0.16454265044659522	SEQC	permutation	
4848.0	0.06641991728710117	SEQC	permutation	
4849.0	0.26364149326463515	SEQC	permutation	
4850.0	-0.011771282462372135	SEQC	permutation	
4851.0	-0.28685478893982097	SEQC	permutation	
4852.0	0.14369098059539276	SEQC	permutation	
4853.0	-0.21142467167126444	SEQC	permutation	
4854.0	-0.05617239721870515	SEQC	permutation	
4855.0	0.0750933765322257	SEQC	permutation	
4856.0	-0.07295557024831112	SEQC	permutation	
4857.0	0.15390616319499983	SEQC	permutation	
4858.0	0.14492924492984027	SEQC	permutation	
4859.0	0.04768595969061806	SEQC	permutation	
4860.0	0.07265284386673976	SEQC	permutation	
4861.0	0.01866679320669462	SEQC	permutation	
4862.0	-0.07525047748410696	SEQC	permutation	
4863.0	0.004183207465851879	SEQC	permutation	
4864.0	0.04037380360352305	SEQC	permutation	
4865.0	0.09150007215858746	SEQC	permutation	
4866.0	-0.08082924506690148	SEQC	permutation	
4867.0	-0.011982322437333437	SEQC	permutation	
4868.0	0.12553688651519845	SEQC	permutation	
4869.0	0.1243619747831266	SEQC	permutation	
4870.0	0.1068637462994868	SEQC	permutation	
4871.0	0.23503435841632214	SEQC	permutation	
4872.0	-0.0758883519112663	SEQC	permutation	
4873.0	0.0539176378126216	SEQC	permutation	
4874.0	0.030898725536554927	SEQC	permutation	
4875.0	-0.027976975173945817	SEQC	permutation	
4876.0	-0.1525295790674983	SEQC	permutation	
4877.0	-0.14721721847938518	SEQC	permutation	
4878.0	-0.18483649792029233	SEQC	permutation	
4879.0	0.16368605126146463	SEQC	permutation	
4880.0	-0.016876494493127225	SEQC	permutation	
4881.0	-0.0030015485582941537	SEQC	permutation	
4882.0	0.2134355764871625	SEQC	permutation	
4883.0	0.1288331428788725	SEQC	permutation	
4884.0	0.0012631997005119189	SEQC	permutation	
4885.0	-0.004234469011836772	SEQC	permutation	
4886.0	0.174693642975976	SEQC	permutation	
4887.0	-0.06564303395884963	SEQC	permutation	
4888.0	0.05006482214425034	SEQC	permutation	
4889.0	0.06781809554090046	SEQC	permutation	
4890.0	-0.07672026637376206	SEQC	permutation	
4891.0	-0.024678318871613314	SEQC	permutation	
4892.0	-0.004996710712053876	SEQC	permutation	
4893.0	0.21526775742255388	SEQC	permutation	
4894.0	0.1008397890950592	SEQC	permutation	
4895.0	-0.056886252708081564	SEQC	permutation	
4896.0	-0.250733164288393	SEQC	permutation	
4897.0	-0.08022227751335098	SEQC	permutation	
4898.0	0.09005350216185715	SEQC	permutation	
4899.0	0.08489659352377021	SEQC	permutation	
4900.0	-0.0788562472683827	SEQC	permutation	
4901.0	-0.0942345046960611	SEQC	permutation	
4902.0	0.0294455452579081	SEQC	permutation	
4903.0	-0.05150557233201347	SEQC	permutation	
4904.0	-0.0438056819129482	SEQC	permutation	
4905.0	0.045091519635140465	SEQC	permutation	
4906.0	-0.04678534789736588	SEQC	permutation	
4907.0	-0.027096665499822592	SEQC	permutation	
4908.0	0.028237776361441647	SEQC	permutation	
4909.0	0.08057343538331896	SEQC	permutation	
4910.0	-0.02494704826849592	SEQC	permutation	
4911.0	0.021452195199201718	SEQC	permutation	
4912.0	0.11307129037591501	SEQC	permutation	
4913.0	0.011803123505382374	SEQC	permutation	
4914.0	-0.07243059193657864	SEQC	permutation	
4915.0	-0.3340361955898379	SEQC	permutation	
4916.0	-0.013690543668892552	SEQC	permutation	
4917.0	-0.027995101563345948	SEQC	permutation	
4918.0	-0.11573125825468367	SEQC	permutation	
4919.0	0.13381015920565265	SEQC	permutation	
4920.0	-0.2641130015320634	SEQC	permutation	
4921.0	-0.17234942326104452	SEQC	permutation	
4922.0	-0.01648093618543811	SEQC	permutation	
4923.0	-0.08062786489216656	SEQC	permutation	
4924.0	0.26895673536176545	SEQC	permutation	
4925.0	-0.21598597678618425	SEQC	permutation	
4926.0	0.08979021516756358	SEQC	permutation	
4927.0	0.023448045724073552	SEQC	permutation	
4928.0	-0.09158455510697383	SEQC	permutation	
4929.0	-0.13439359712283583	SEQC	permutation	
4930.0	0.07477824929579047	SEQC	permutation	
4931.0	-0.18015770843059276	SEQC	permutation	
4932.0	0.024318711664710335	SEQC	permutation	
4933.0	-0.029037495490864096	SEQC	permutation	
4934.0	-0.10633260502948616	SEQC	permutation	
4935.0	-0.01067595793475995	SEQC	permutation	
4936.0	0.041579701909623346	SEQC	permutation	
4937.0	0.016978678648433387	SEQC	permutation	
4938.0	0.11583135818795487	SEQC	permutation	
4939.0	0.03542068042431623	SEQC	permutation	
4940.0	0.2657286829260661	SEQC	permutation	
4941.0	-0.07878201380418659	SEQC	permutation	
4942.0	0.024584914848492012	SEQC	permutation	
4943.0	-0.042797806686842854	SEQC	permutation	
4944.0	0.16341825400252485	SEQC	permutation	
4945.0	0.027834805460186907	SEQC	permutation	
4946.0	0.11877555260827055	SEQC	permutation	
4947.0	0.05325862734935782	SEQC	permutation	
4948.0	-0.17009078541106426	SEQC	permutation	
4949.0	-0.11129131542809834	SEQC	permutation	
4950.0	0.09581538962750802	SEQC	permutation	
4951.0	0.022580493676612967	SEQC	permutation	
4952.0	-0.10745200780145137	SEQC	permutation	
4953.0	0.023625493024627353	SEQC	permutation	
4954.0	0.2070283447540433	SEQC	permutation	
4955.0	-0.12205286841486718	SEQC	permutation	
4956.0	-0.021181073416734364	SEQC	permutation	
4957.0	0.2795299841109946	SEQC	permutation	
4958.0	0.0984318071902619	SEQC	permutation	
4959.0	0.2878134514329993	SEQC	permutation	
4960.0	-0.2878821880972362	SEQC	permutation	
4961.0	0.14164135445019266	SEQC	permutation	
4962.0	0.07133646922978887	SEQC	permutation	
4963.0	0.05510460197346845	SEQC	permutation	
4964.0	0.24308277988552174	SEQC	permutation	
4965.0	-0.015846197673289097	SEQC	permutation	
4966.0	0.03290914132089107	SEQC	permutation	
4967.0	0.03711341407259461	SEQC	permutation	
4968.0	0.20004835596657244	SEQC	permutation	
4969.0	0.009946597767332754	SEQC	permutation	
4970.0	-0.009525841260578538	SEQC	permutation	
4971.0	-0.15025759186521626	SEQC	permutation	
4972.0	-0.09678771351968152	SEQC	permutation	
4973.0	-0.02587750896814267	SEQC	permutation	
4974.0	-0.12534297358604451	SEQC	permutation	
4975.0	-0.06871217083792747	SEQC	permutation	
4976.0	-0.0653462598321477	SEQC	permutation	
4977.0	0.013836382781953205	SEQC	permutation	
4978.0	0.02610331003001498	SEQC	permutation	
4979.0	-0.0929819154974787	SEQC	permutation	
4980.0	-0.09868581193128456	SEQC	permutation	
4981.0	0.01922696889401987	SEQC	permutation	
4982.0	0.22529061979414422	SEQC	permutation	
4983.0	-0.07301720000518319	SEQC	permutation	
4984.0	0.008897596433814492	SEQC	permutation	
4985.0	0.02658899930262315	SEQC	permutation	
4986.0	-0.017622238022350523	SEQC	permutation	
4987.0	-0.005155177894765828	SEQC	permutation	
4988.0	0.16088368424544797	SEQC	permutation	
4989.0	-0.07825269723640904	SEQC	permutation	
4990.0	-0.06041166850516255	SEQC	permutation	
4991.0	-0.04096522024290472	SEQC	permutation	
4992.0	0.19783061791388956	SEQC	permutation	
4993.0	0.04298787261356729	SEQC	permutation	
4994.0	-0.22528456313249556	SEQC	permutation	
4995.0	0.0867618296674566	SEQC	permutation	
4996.0	0.08155426893241291	SEQC	permutation	
4997.0	-0.053647230769636955	SEQC	permutation	
4998.0	0.054574991364196634	SEQC	permutation	
4999.0	0.03793586920680525	SEQC	permutation	
5000.0	0.1473304088278855	SEQC	permutation	
	0.07855772071847866	SEQC	bootstrap	1.0
	-0.022407775492207627	SEQC	bootstrap	2.0
	0.09560947491656346	SEQC	bootstrap	3.0
	-0.018643675657735947	SEQC	bootstrap	4.0
	0.20396469078439505	SEQC	bootstrap	5.0
	0.012658385270382766	SEQC	bootstrap	6.0
	0.20411629362230332	SEQC	bootstrap	7.0
	0.17000145852232418	SEQC	bootstrap	8.0
	0.31707839779665203	SEQC	bootstrap	9.0
	0.244678007169143	SEQC	bootstrap	10.0
	0.06533440929309986	SEQC	bootstrap	11.0
	0.16753761065483275	SEQC	bootstrap	12.0
	0.12035777722312524	SEQC	bootstrap	13.0
	0.1729124621997684	SEQC	bootstrap	14.0
	0.04104750155228576	SEQC	bootstrap	15.0
	0.15201480609773999	SEQC	bootstrap	16.0
	0.04917204742969794	SEQC	bootstrap	17.0
	0.3372617733853165	SEQC	bootstrap	18.0
	0.1698898259775099	SEQC	bootstrap	19.0
	0.09012087734771068	SEQC	bootstrap	20.0
	0.27871046024553703	SEQC	bootstrap	21.0
	-0.10298680930519222	SEQC	bootstrap	22.0
	0.21703801522439026	SEQC	bootstrap	23.0
	-0.10041586531476288	SEQC	bootstrap	24.0
	0.12283596441951783	SEQC	bootstrap	25.0
	0.2013099082960217	SEQC	bootstrap	26.0
	0.04528714004736045	SEQC	bootstrap	27.0
	0.0780027678524764	SEQC	bootstrap	28.0
	0.16069113730935314	SEQC	bootstrap	29.0
	0.04369483524737472	SEQC	bootstrap	30.0
	0.04879756546156511	SEQC	bootstrap	31.0
	0.046584817575670456	SEQC	bootstrap	32.0
	0.040431783191463566	SEQC	bootstrap	33.0
	-0.016929733558814775	SEQC	bootstrap	34.0
	0.17028576615243018	SEQC	bootstrap	35.0
	0.16631197737654269	SEQC	bootstrap	36.0
	0.3005100824756317	SEQC	bootstrap	37.0
	0.20508824934040337	SEQC	bootstrap	38.0
	0.22822000586515934	SEQC	bootstrap	39.0
	0.18669393325842343	SEQC	bootstrap	40.0
	0.1390999845017058	SEQC	bootstrap	41.0
	0.032276175734481605	SEQC	bootstrap	42.0
	0.01272445514954157	SEQC	bootstrap	43.0
	0.08461064586379496	SEQC	bootstrap	44.0
	0.15002032512200625	SEQC	bootstrap	45.0
	0.08807937877711236	SEQC	bootstrap	46.0
	0.22461486847946865	SEQC	bootstrap	47.0
	0.001733406419586636	SEQC	bootstrap	48.0
	0.19349422487099854	SEQC	bootstrap	49.0
	0.01460823217218099	SEQC	bootstrap	50.0
	-0.06738157890721741	SEQC	bootstrap	51.0
	0.04461988510495907	SEQC	bootstrap	52.0
	0.20705991024025217	SEQC	bootstrap	53.0
	0.13642423676568693	SEQC	bootstrap	54.0
	0.11958311422565693	SEQC	bootstrap	55.0
	0.2271074077292301	SEQC	bootstrap	56.0
	0.3099112639975692	SEQC	bootstrap	57.0
	0.032443668771599654	SEQC	bootstrap	58.0
	0.12164844367595506	SEQC	bootstrap	59.0
	0.17346520407125432	SEQC	bootstrap	60.0
	-0.03331561196787103	SEQC	bootstrap	61.0
	0.03393209289098831	SEQC	bootstrap	62.0
	0.03039329847863126	SEQC	bootstrap	63.0
	-0.07442469523936701	SEQC	bootstrap	64.0
	-0.0861555709752091	SEQC	bootstrap	65.0
	0.10449060807378707	SEQC	bootstrap	66.0
	0.2126483094804108	SEQC	bootstrap	67.0
	0.14924122165216502	SEQC	bootstrap	68.0
	0.2259737345761481	SEQC	bootstrap	69.0
	0.37245834201619576	SEQC	bootstrap	70.0
	0.019903135445900944	SEQC	bootstrap	71.0
	0.2103142473571884	SEQC	bootstrap	72.0
	0.18885498224796748	SEQC	bootstrap	73.0
	0.10494303624458645	SEQC	bootstrap	74.0
	0.15595817942069257	SEQC	bootstrap	75.0
	0.0712508287028486	SEQC	bootstrap	76.0
	0.18906658110069863	SEQC	bootstrap	77.0
	0.06021845363050016	SEQC	bootstrap	78.0
	0.2998758302414526	SEQC	bootstrap	79.0
	0.3659561492919696	SEQC	bootstrap	80.0
	0.06817514933005953	SEQC	bootstrap	81.0
	0.0032933162643500324	SEQC	bootstrap	82.0
	0.06025981076987197	SEQC	bootstrap	83.0
	0.08572017524161613	SEQC	bootstrap	84.0
	0.05178195006455688	SEQC	bootstrap	85.0
	0.24365719378380835	SEQC	bootstrap	86.0
	0.12527737205766964	SEQC	bootstrap	87.0
	0.1862189527198339	SEQC	bootstrap	88.0
	0.08926324208855618	SEQC	bootstrap	89.0
	0.13835380519121276	SEQC	bootstrap	90.0
	0.34250877631159327	SEQC	bootstrap	91.0
	0.14151210552584192	SEQC	bootstrap	92.0
	0.09586696339046696	SEQC	bootstrap	93.0
	0.31261299270272946	SEQC	bootstrap	94.0
	0.10784771593238762	SEQC	bootstrap	95.0
	0.23296922410417764	SEQC	bootstrap	96.0
	0.22684694237811165	SEQC	bootstrap	97.0
	0.031023475638173537	SEQC	bootstrap	98.0
	0.2876239921269912	SEQC	bootstrap	99.0
	0.2501816193945947	SEQC	bootstrap	100.0
	0.03808935874899433	SEQC	bootstrap	101.0
	0.0020953132347374392	SEQC	bootstrap	102.0
	0.26130204241130084	SEQC	bootstrap	103.0
	0.19483951270739297	SEQC	bootstrap	104.0
	-0.0938949188911673	SEQC	bootstrap	105.0
	0.1793762766568756	SEQC	bootstrap	106.0
	0.08214621551132151	SEQC	bootstrap	107.0
	0.09018379751341854	SEQC	bootstrap	108.0
	0.11637647079231961	SEQC	bootstrap	109.0
	-0.0038729827995123145	SEQC	bootstrap	110.0
	0.14953484183688914	SEQC	bootstrap	111.0
	0.07789591406037033	SEQC	bootstrap	112.0
	0.33059543222548626	SEQC	bootstrap	113.0
	0.08945147243255303	SEQC	bootstrap	114.0
	0.21910421747189268	SEQC	bootstrap	115.0
	0.14084500395572697	SEQC	bootstrap	116.0
	-0.030342034155246722	SEQC	bootstrap	117.0
	0.12112191496340419	SEQC	bootstrap	118.0
	0.0958723538978159	SEQC	bootstrap	119.0
	0.011570878564965525	SEQC	bootstrap	120.0
	0.17254711893282515	SEQC	bootstrap	121.0
	0.2011593231865927	SEQC	bootstrap	122.0
	0.2118920222818934	SEQC	bootstrap	123.0
	-0.03285959264930849	SEQC	bootstrap	124.0
	-0.06692352435862592	SEQC	bootstrap	125.0
	0.16168071410998675	SEQC	bootstrap	126.0
	-0.005833632754922213	SEQC	bootstrap	127.0
	0.006400754019958654	SEQC	bootstrap	128.0
	0.1830056393136541	SEQC	bootstrap	129.0
	-0.15923715666335525	SEQC	bootstrap	130.0
	0.1790321748096977	SEQC	bootstrap	131.0
	0.11489205938700309	SEQC	bootstrap	132.0
	0.01111408980774975	SEQC	bootstrap	133.0
	0.06142080439026554	SEQC	bootstrap	134.0
	0.17289217843916482	SEQC	bootstrap	135.0
	0.17877892834199294	SEQC	bootstrap	136.0
	0.13165981479538047	SEQC	bootstrap	137.0
	0.23912087247628833	SEQC	bootstrap	138.0
	-0.019913332752882873	SEQC	bootstrap	139.0
	0.08516307455846484	SEQC	bootstrap	140.0
	0.06953183663813878	SEQC	bootstrap	141.0
	0.1927192863235545	SEQC	bootstrap	142.0
	0.18808074765954608	SEQC	bootstrap	143.0
	0.218530207882643	SEQC	bootstrap	144.0
	0.04273689563471805	SEQC	bootstrap	145.0
	0.11755590979331565	SEQC	bootstrap	146.0
	0.19100839746856302	SEQC	bootstrap	147.0
	0.34053028865500856	SEQC	bootstrap	148.0
	0.23210664227723043	SEQC	bootstrap	149.0
	0.32983125234717825	SEQC	bootstrap	150.0
	0.17280285620950941	SEQC	bootstrap	151.0
	0.19324513871684612	SEQC	bootstrap	152.0
	0.13351757105465367	SEQC	bootstrap	153.0
	0.2480659630180151	SEQC	bootstrap	154.0
	0.3918951982435841	SEQC	bootstrap	155.0
	0.2511213112099746	SEQC	bootstrap	156.0
	0.05202165349738053	SEQC	bootstrap	157.0
	0.2023386251262469	SEQC	bootstrap	158.0
	0.054635963945332655	SEQC	bootstrap	159.0
	0.20731882371942678	SEQC	bootstrap	160.0
	0.05312976967394345	SEQC	bootstrap	161.0
	0.055681622004922104	SEQC	bootstrap	162.0
	0.1283710187627003	SEQC	bootstrap	163.0
	0.0714247579181242	SEQC	bootstrap	164.0
	0.15233243387942164	SEQC	bootstrap	165.0
	0.09522018839884261	SEQC	bootstrap	166.0
	0.09495345635365027	SEQC	bootstrap	167.0
	0.16215915768450095	SEQC	bootstrap	168.0
	0.11480546763905597	SEQC	bootstrap	169.0
	-0.025105955069674835	SEQC	bootstrap	170.0
	0.284456145004512	SEQC	bootstrap	171.0
	0.4228754761754434	SEQC	bootstrap	172.0
	0.2360538415482729	SEQC	bootstrap	173.0
	0.2480664878803367	SEQC	bootstrap	174.0
	0.17718075603628947	SEQC	bootstrap	175.0
	0.10725572489036672	SEQC	bootstrap	176.0
	0.2415102106077356	SEQC	bootstrap	177.0
	0.19405694617383862	SEQC	bootstrap	178.0
	-0.044174422264319446	SEQC	bootstrap	179.0
	-0.08903457166760109	SEQC	bootstrap	180.0
	0.04819214016406903	SEQC	bootstrap	181.0
	0.08422599909833384	SEQC	bootstrap	182.0
	0.18250640414122898	SEQC	bootstrap	183.0
	0.16441882042264933	SEQC	bootstrap	184.0
	0.04320500643900793	SEQC	bootstrap	185.0
	0.07169421690523059	SEQC	bootstrap	186.0
	0.0764447046328165	SEQC	bootstrap	187.0
	0.07846157846774826	SEQC	bootstrap	188.0
	0.16493869769475022	SEQC	bootstrap	189.0
	0.2921653504702295	SEQC	bootstrap	190.0
	0.143540759990044	SEQC	bootstrap	191.0
	-0.13802791797097314	SEQC	bootstrap	192.0
	0.32552397276515066	SEQC	bootstrap	193.0
	0.02686296804688304	SEQC	bootstrap	194.0
	0.00335233980981986	SEQC	bootstrap	195.0
	-0.11322118132196479	SEQC	bootstrap	196.0
	0.05329447993734515	SEQC	bootstrap	197.0
	-0.025636160959520815	SEQC	bootstrap	198.0
	0.28743351173208165	SEQC	bootstrap	199.0
	0.1701757336704839	SEQC	bootstrap	200.0
	0.35774232973012676	SEQC	bootstrap	201.0
	0.053117395935619705	SEQC	bootstrap	202.0
	0.3115609493971361	SEQC	bootstrap	203.0
	0.11872634744933208	SEQC	bootstrap	204.0
	0.22177949018912546	SEQC	bootstrap	205.0
	0.04623433757668938	SEQC	bootstrap	206.0
	0.2601654926788193	SEQC	bootstrap	207.0
	0.0985622925418097	SEQC	bootstrap	208.0
	0.31679604977243336	SEQC	bootstrap	209.0
	0.42885012584549287	SEQC	bootstrap	210.0
	0.1146064457113134	SEQC	bootstrap	211.0
	0.12271776160741421	SEQC	bootstrap	212.0
	0.142463088873221	SEQC	bootstrap	213.0
	0.252740228651267	SEQC	bootstrap	214.0
	0.20864763461192215	SEQC	bootstrap	215.0
	-0.005074627160554179	SEQC	bootstrap	216.0
	0.04506229840030063	SEQC	bootstrap	217.0
	0.12090572808849931	SEQC	bootstrap	218.0
	0.07890113804119192	SEQC	bootstrap	219.0
	0.08160502850194629	SEQC	bootstrap	220.0
	-0.04142373960320178	SEQC	bootstrap	221.0
	0.155354510437963	SEQC	bootstrap	222.0
	-0.021434249730665655	SEQC	bootstrap	223.0
	0.0017690908347702816	SEQC	bootstrap	224.0
	0.14436857102695555	SEQC	bootstrap	225.0
	0.08885184809747937	SEQC	bootstrap	226.0
	-0.12089904686941644	SEQC	bootstrap	227.0
	0.13357496708254413	SEQC	bootstrap	228.0
	0.3291667986255771	SEQC	bootstrap	229.0
	0.23275251774048744	SEQC	bootstrap	230.0
	0.18848642049762976	SEQC	bootstrap	231.0
	0.11450157182761167	SEQC	bootstrap	232.0
	0.17525040526463975	SEQC	bootstrap	233.0
	0.14821679985718816	SEQC	bootstrap	234.0
	-0.026234054425374076	SEQC	bootstrap	235.0
	0.004994207104779491	SEQC	bootstrap	236.0
	0.06509286179652829	SEQC	bootstrap	237.0
	-0.013466576523073037	SEQC	bootstrap	238.0
	0.07543960952906925	SEQC	bootstrap	239.0
	0.2049572895587648	SEQC	bootstrap	240.0
	0.11748698166427118	SEQC	bootstrap	241.0
	0.1052652165307304	SEQC	bootstrap	242.0
	0.32861705793647644	SEQC	bootstrap	243.0
	0.18512767898141647	SEQC	bootstrap	244.0
	0.2750655444863339	SEQC	bootstrap	245.0
	0.11610822009582922	SEQC	bootstrap	246.0
	0.2375517767730031	SEQC	bootstrap	247.0
	-0.05043757802125448	SEQC	bootstrap	248.0
	0.07198332733686641	SEQC	bootstrap	249.0
	-0.12033259176860511	SEQC	bootstrap	250.0
	0.2614554843951389	SEQC	bootstrap	251.0
	0.0952960078417524	SEQC	bootstrap	252.0
	0.062786466525111	SEQC	bootstrap	253.0
	0.3171897352274682	SEQC	bootstrap	254.0
	0.10788230172268243	SEQC	bootstrap	255.0
	0.19659223359285694	SEQC	bootstrap	256.0
	0.05789973407817062	SEQC	bootstrap	257.0
	0.19043504026804925	SEQC	bootstrap	258.0
	0.11762437815486138	SEQC	bootstrap	259.0
	0.15160168690614206	SEQC	bootstrap	260.0
	0.0708917015330437	SEQC	bootstrap	261.0
	-0.13025330855610395	SEQC	bootstrap	262.0
	0.25812949920422845	SEQC	bootstrap	263.0
	0.23436015574996194	SEQC	bootstrap	264.0
	0.31671828768703225	SEQC	bootstrap	265.0
	0.3276661591631811	SEQC	bootstrap	266.0
	0.2770100436114413	SEQC	bootstrap	267.0
	0.21097757962671881	SEQC	bootstrap	268.0
	0.06554388080030282	SEQC	bootstrap	269.0
	0.12186548191093571	SEQC	bootstrap	270.0
	-0.03943134441200513	SEQC	bootstrap	271.0
	-0.019017642880213792	SEQC	bootstrap	272.0
	0.16414896997259198	SEQC	bootstrap	273.0
	-0.0008973139924046691	SEQC	bootstrap	274.0
	-0.021527449351571804	SEQC	bootstrap	275.0
	0.3344497555743926	SEQC	bootstrap	276.0
	0.15670650347188975	SEQC	bootstrap	277.0
	-0.07165566316829963	SEQC	bootstrap	278.0
	0.1720334751311361	SEQC	bootstrap	279.0
	0.18213865770445725	SEQC	bootstrap	280.0
	0.12068574452839531	SEQC	bootstrap	281.0
	0.07910820734997426	SEQC	bootstrap	282.0
	-0.010970219846099916	SEQC	bootstrap	283.0
	-0.034030169835492785	SEQC	bootstrap	284.0
	-0.03157601301035129	SEQC	bootstrap	285.0
	0.15872632471277637	SEQC	bootstrap	286.0
	0.02142515323518701	SEQC	bootstrap	287.0
	0.15327150492877095	SEQC	bootstrap	288.0
	0.16176672500301947	SEQC	bootstrap	289.0
	0.16609209034342243	SEQC	bootstrap	290.0
	-0.009571726737171105	SEQC	bootstrap	291.0
	-0.12247975881612394	SEQC	bootstrap	292.0
	0.20029529729651685	SEQC	bootstrap	293.0
	0.23631979645231382	SEQC	bootstrap	294.0
	0.03268976593881323	SEQC	bootstrap	295.0
	0.10911446802618485	SEQC	bootstrap	296.0
	0.2076597219716474	SEQC	bootstrap	297.0
	0.1159145517389053	SEQC	bootstrap	298.0
	0.1257059165259662	SEQC	bootstrap	299.0
	0.31706847574574404	SEQC	bootstrap	300.0
	0.25448097257689817	SEQC	bootstrap	301.0
	0.06286107066577173	SEQC	bootstrap	302.0
	0.0715541380976843	SEQC	bootstrap	303.0
	0.28842115362998477	SEQC	bootstrap	304.0
	0.021674398488028324	SEQC	bootstrap	305.0
	0.09746971266729076	SEQC	bootstrap	306.0
	0.18555872219449476	SEQC	bootstrap	307.0
	0.036063657421918194	SEQC	bootstrap	308.0
	0.270942061511672	SEQC	bootstrap	309.0
	0.4409813847988664	SEQC	bootstrap	310.0
	0.10383123938878214	SEQC	bootstrap	311.0
	0.12494117521039527	SEQC	bootstrap	312.0
	0.126696924854504	SEQC	bootstrap	313.0
	0.062047137602585956	SEQC	bootstrap	314.0
	0.14461535172691242	SEQC	bootstrap	315.0
	0.12146793355810193	SEQC	bootstrap	316.0
	0.05437874585744673	SEQC	bootstrap	317.0
	0.3236477344461264	SEQC	bootstrap	318.0
	0.04980835730917654	SEQC	bootstrap	319.0
	0.1490038133832572	SEQC	bootstrap	320.0
	0.20577737652455586	SEQC	bootstrap	321.0
	0.19311920464109633	SEQC	bootstrap	322.0
	0.13870008614553608	SEQC	bootstrap	323.0
	-0.03571176607490134	SEQC	bootstrap	324.0
	0.1984982622045166	SEQC	bootstrap	325.0
	0.20751076393281842	SEQC	bootstrap	326.0
	0.14763951781072482	SEQC	bootstrap	327.0
	0.1672581701906708	SEQC	bootstrap	328.0
	0.1405191599838611	SEQC	bootstrap	329.0
	0.22752420246026972	SEQC	bootstrap	330.0
	0.4418948139353285	SEQC	bootstrap	331.0
	0.2620634354179261	SEQC	bootstrap	332.0
	-0.05428128545576705	SEQC	bootstrap	333.0
	0.021792430496171633	SEQC	bootstrap	334.0
	0.1245635926298636	SEQC	bootstrap	335.0
	-0.1448898969092678	SEQC	bootstrap	336.0
	0.15166863247083207	SEQC	bootstrap	337.0
	0.3227036782266781	SEQC	bootstrap	338.0
	0.05394141613825898	SEQC	bootstrap	339.0
	0.5704099602404655	SEQC	bootstrap	340.0
	0.2393755693434123	SEQC	bootstrap	341.0
	0.11901740696281315	SEQC	bootstrap	342.0
	-0.028580782831774343	SEQC	bootstrap	343.0
	0.022104365649654234	SEQC	bootstrap	344.0
	0.23534981940465993	SEQC	bootstrap	345.0
	0.09150921405554513	SEQC	bootstrap	346.0
	0.03879351213036131	SEQC	bootstrap	347.0
	0.15858931327685521	SEQC	bootstrap	348.0
	0.2968354764296377	SEQC	bootstrap	349.0
	0.12871206401414614	SEQC	bootstrap	350.0
	0.009281871683413101	SEQC	bootstrap	351.0
	0.2016323610978734	SEQC	bootstrap	352.0
	-0.03188290279295103	SEQC	bootstrap	353.0
	0.2102037812649442	SEQC	bootstrap	354.0
	0.180847405563358	SEQC	bootstrap	355.0
	0.08460499103855579	SEQC	bootstrap	356.0
	0.39773716272184334	SEQC	bootstrap	357.0
	0.412284680348062	SEQC	bootstrap	358.0
	0.14305595766503298	SEQC	bootstrap	359.0
	0.15014794319313474	SEQC	bootstrap	360.0
	0.2511565465703276	SEQC	bootstrap	361.0
	0.07704025351583166	SEQC	bootstrap	362.0
	-0.02907591573662316	SEQC	bootstrap	363.0
	0.023493767519271458	SEQC	bootstrap	364.0
	0.25638290398643626	SEQC	bootstrap	365.0
	0.05915116217186167	SEQC	bootstrap	366.0
	0.1244290227479512	SEQC	bootstrap	367.0
	0.24401285168254816	SEQC	bootstrap	368.0
	0.20554293951602354	SEQC	bootstrap	369.0
	-0.20629969703468465	SEQC	bootstrap	370.0
	-0.07607504588513603	SEQC	bootstrap	371.0
	0.005574242636484428	SEQC	bootstrap	372.0
	0.18513962991484334	SEQC	bootstrap	373.0
	0.20198186658039763	SEQC	bootstrap	374.0
	0.05823071880033215	SEQC	bootstrap	375.0
	-0.009535789909127956	SEQC	bootstrap	376.0
	0.04587763807872758	SEQC	bootstrap	377.0
	0.13104316590666176	SEQC	bootstrap	378.0
	0.24229687751582496	SEQC	bootstrap	379.0
	0.033958158434585606	SEQC	bootstrap	380.0
	0.06060400759364448	SEQC	bootstrap	381.0
	0.06824937962309807	SEQC	bootstrap	382.0
	0.48105722894640035	SEQC	bootstrap	383.0
	0.1769846521246441	SEQC	bootstrap	384.0
	0.05286332913580871	SEQC	bootstrap	385.0
	0.11578303880183949	SEQC	bootstrap	386.0
	0.16944822175779617	SEQC	bootstrap	387.0
	0.16238973104624765	SEQC	bootstrap	388.0
	0.2687430534234396	SEQC	bootstrap	389.0
	-0.049237687968102684	SEQC	bootstrap	390.0
	0.07889379251020934	SEQC	bootstrap	391.0
	0.21165103941599828	SEQC	bootstrap	392.0
	0.0255614747940065	SEQC	bootstrap	393.0
	0.10764082061077662	SEQC	bootstrap	394.0
	-0.17701461274860986	SEQC	bootstrap	395.0
	0.17284768184011234	SEQC	bootstrap	396.0
	0.10501444554631956	SEQC	bootstrap	397.0
	-0.014965968737805646	SEQC	bootstrap	398.0
	0.12688618318756184	SEQC	bootstrap	399.0
	0.20548795867056402	SEQC	bootstrap	400.0
	0.22677435513917032	SEQC	bootstrap	401.0
	0.2108932968866961	SEQC	bootstrap	402.0
	0.3378853694996735	SEQC	bootstrap	403.0
	0.22338860037544794	SEQC	bootstrap	404.0
	0.3937107827607722	SEQC	bootstrap	405.0
	0.05626213234196431	SEQC	bootstrap	406.0
	0.18276025065076862	SEQC	bootstrap	407.0
	0.23848541137355728	SEQC	bootstrap	408.0
	0.2678248727567496	SEQC	bootstrap	409.0
	-0.08255657175719655	SEQC	bootstrap	410.0
	0.14224269255218935	SEQC	bootstrap	411.0
	0.14073299198097988	SEQC	bootstrap	412.0
	0.17786063034555077	SEQC	bootstrap	413.0
	-0.04022613792483831	SEQC	bootstrap	414.0
	-0.10703248869221671	SEQC	bootstrap	415.0
	0.228789604792218	SEQC	bootstrap	416.0
	0.1483392169389246	SEQC	bootstrap	417.0
	0.2471560710814522	SEQC	bootstrap	418.0
	0.1638238946308901	SEQC	bootstrap	419.0
	0.002780874241159026	SEQC	bootstrap	420.0
	-0.019531148266723974	SEQC	bootstrap	421.0
	0.10957846741583488	SEQC	bootstrap	422.0
	0.09643470701132095	SEQC	bootstrap	423.0
	0.10969149728917316	SEQC	bootstrap	424.0
	-0.06006239176575168	SEQC	bootstrap	425.0
	0.14701722401160477	SEQC	bootstrap	426.0
	0.14731769730961464	SEQC	bootstrap	427.0
	-0.03949258475391115	SEQC	bootstrap	428.0
	0.21294109178697873	SEQC	bootstrap	429.0
	0.2826564360167767	SEQC	bootstrap	430.0
	0.037314679543109186	SEQC	bootstrap	431.0
	0.397826608867498	SEQC	bootstrap	432.0
	0.18121990538336608	SEQC	bootstrap	433.0
	0.21681139034828778	SEQC	bootstrap	434.0
	0.01376536017974761	SEQC	bootstrap	435.0
	-0.013479383879880125	SEQC	bootstrap	436.0
	0.2750140555618321	SEQC	bootstrap	437.0
	0.04746366161634441	SEQC	bootstrap	438.0
	0.06527509495661388	SEQC	bootstrap	439.0
	0.19768990529016417	SEQC	bootstrap	440.0
	0.001248401527123022	SEQC	bootstrap	441.0
	0.15011346406312587	SEQC	bootstrap	442.0
	0.01807842050301023	SEQC	bootstrap	443.0
	0.23013379480679674	SEQC	bootstrap	444.0
	0.10528741768425753	SEQC	bootstrap	445.0
	0.044656262647746914	SEQC	bootstrap	446.0
	0.2386311972303643	SEQC	bootstrap	447.0
	0.1939051028914669	SEQC	bootstrap	448.0
	0.24364626510968534	SEQC	bootstrap	449.0
	0.24363845870673906	SEQC	bootstrap	450.0
	0.1731637219553308	SEQC	bootstrap	451.0
	0.24660616983606154	SEQC	bootstrap	452.0
	0.06931957974161129	SEQC	bootstrap	453.0
	0.3202561933835897	SEQC	bootstrap	454.0
	-0.053144421983684076	SEQC	bootstrap	455.0
	0.048928418433121124	SEQC	bootstrap	456.0
	0.10130270792405405	SEQC	bootstrap	457.0
	0.16416650512312891	SEQC	bootstrap	458.0
	0.20473911983004278	SEQC	bootstrap	459.0
	0.16938030623994482	SEQC	bootstrap	460.0
	0.02428146672734055	SEQC	bootstrap	461.0
	0.2267499434858733	SEQC	bootstrap	462.0
	0.08708413319565356	SEQC	bootstrap	463.0
	0.02483853261955371	SEQC	bootstrap	464.0
	-0.03568865249407516	SEQC	bootstrap	465.0
	0.07611363170778507	SEQC	bootstrap	466.0
	0.07720483726491434	SEQC	bootstrap	467.0
	0.20302096639139933	SEQC	bootstrap	468.0
	-0.008112997905455721	SEQC	bootstrap	469.0
	-0.036980078177872855	SEQC	bootstrap	470.0
	0.025897480462171885	SEQC	bootstrap	471.0
	0.32787273857541077	SEQC	bootstrap	472.0
	0.3023534004841544	SEQC	bootstrap	473.0
	0.2141074601199593	SEQC	bootstrap	474.0
	0.21135982574305245	SEQC	bootstrap	475.0
	0.1545937635229908	SEQC	bootstrap	476.0
	0.18106311116123397	SEQC	bootstrap	477.0
	0.11854455523991803	SEQC	bootstrap	478.0
	0.24991637001514455	SEQC	bootstrap	479.0
	0.3616158168325203	SEQC	bootstrap	480.0
	0.20033397955171228	SEQC	bootstrap	481.0
	-0.0041890687055561315	SEQC	bootstrap	482.0
	0.15649088924093846	SEQC	bootstrap	483.0
	0.06540335037773204	SEQC	bootstrap	484.0
	0.1745806901409832	SEQC	bootstrap	485.0
	-0.021621506232197163	SEQC	bootstrap	486.0
	0.02304719594513127	SEQC	bootstrap	487.0
	0.19060186756690012	SEQC	bootstrap	488.0
	0.22119171898301548	SEQC	bootstrap	489.0
	0.1132791102193691	SEQC	bootstrap	490.0
	0.2076654875258681	SEQC	bootstrap	491.0
	-0.02410705679963332	SEQC	bootstrap	492.0
	0.12269929654567768	SEQC	bootstrap	493.0
	0.2977240923012836	SEQC	bootstrap	494.0
	0.208625607371828	SEQC	bootstrap	495.0
	0.23353687788648525	SEQC	bootstrap	496.0
	0.08561471224352601	SEQC	bootstrap	497.0
	0.2943315156123427	SEQC	bootstrap	498.0
	0.1474373241227953	SEQC	bootstrap	499.0
	0.07750132342590543	SEQC	bootstrap	500.0
	-0.12381705569945645	SEQC	bootstrap	501.0
	0.19376795081245657	SEQC	bootstrap	502.0
	0.177684240585692	SEQC	bootstrap	503.0
	0.0027363213253908114	SEQC	bootstrap	504.0
	0.24205079868387802	SEQC	bootstrap	505.0
	0.20149082901690019	SEQC	bootstrap	506.0
	0.0882403820275579	SEQC	bootstrap	507.0
	0.21017019129797987	SEQC	bootstrap	508.0
	0.26218873670024223	SEQC	bootstrap	509.0
	0.1289263948738082	SEQC	bootstrap	510.0
	0.18010876132888587	SEQC	bootstrap	511.0
	0.2125987990010989	SEQC	bootstrap	512.0
	0.0003202826573129869	SEQC	bootstrap	513.0
	0.1221493624704939	SEQC	bootstrap	514.0
	-0.09365915766998345	SEQC	bootstrap	515.0
	0.19482019185055321	SEQC	bootstrap	516.0
	0.1300884339947821	SEQC	bootstrap	517.0
	0.16534070364501563	SEQC	bootstrap	518.0
	0.11662452505230014	SEQC	bootstrap	519.0
	-0.010430073698049824	SEQC	bootstrap	520.0
	0.09299661534186399	SEQC	bootstrap	521.0
	0.1870314104100803	SEQC	bootstrap	522.0
	0.0713412609079569	SEQC	bootstrap	523.0
	0.24310967922246274	SEQC	bootstrap	524.0
	0.11825593565846049	SEQC	bootstrap	525.0
	0.09315524188762847	SEQC	bootstrap	526.0
	0.13774981325684443	SEQC	bootstrap	527.0
	0.1445380286754938	SEQC	bootstrap	528.0
	0.1383133750857901	SEQC	bootstrap	529.0
	0.10461957692554424	SEQC	bootstrap	530.0
	0.017013956962387944	SEQC	bootstrap	531.0
	0.09366710284403279	SEQC	bootstrap	532.0
	0.22624698388504338	SEQC	bootstrap	533.0
	0.20881482958609698	SEQC	bootstrap	534.0
	0.20177756242516143	SEQC	bootstrap	535.0
	0.09000738742461234	SEQC	bootstrap	536.0
	-0.034683820594725745	SEQC	bootstrap	537.0
	0.23581153307840363	SEQC	bootstrap	538.0
	0.21803963660070647	SEQC	bootstrap	539.0
	0.15186438170265415	SEQC	bootstrap	540.0
	0.15018531733579366	SEQC	bootstrap	541.0
	0.35757257765314066	SEQC	bootstrap	542.0
	0.09790276320834668	SEQC	bootstrap	543.0
	0.022830354176478274	SEQC	bootstrap	544.0
	0.0724885773836963	SEQC	bootstrap	545.0
	0.2585777165059957	SEQC	bootstrap	546.0
	0.2974133006870314	SEQC	bootstrap	547.0
	0.1974173707607827	SEQC	bootstrap	548.0
	-0.056216294441751025	SEQC	bootstrap	549.0
	0.1264925019653127	SEQC	bootstrap	550.0
	0.19041583239650084	SEQC	bootstrap	551.0
	0.3814772364466492	SEQC	bootstrap	552.0
	0.22755787701811592	SEQC	bootstrap	553.0
	0.3902421001181766	SEQC	bootstrap	554.0
	0.11342351203012768	SEQC	bootstrap	555.0
	0.11579872735651264	SEQC	bootstrap	556.0
	0.2823544939235232	SEQC	bootstrap	557.0
	0.2726552413205203	SEQC	bootstrap	558.0
	0.23889585767381583	SEQC	bootstrap	559.0
	-0.02507904506567815	SEQC	bootstrap	560.0
	0.15438923557302342	SEQC	bootstrap	561.0
	0.2882142137155004	SEQC	bootstrap	562.0
	-0.12499911844880618	SEQC	bootstrap	563.0
	0.09893118628952191	SEQC	bootstrap	564.0
	0.07699340365212937	SEQC	bootstrap	565.0
	0.13457522313163395	SEQC	bootstrap	566.0
	0.14582366011836712	SEQC	bootstrap	567.0
	0.34279252032434204	SEQC	bootstrap	568.0
	0.274191896396748	SEQC	bootstrap	569.0
	0.17882352286571113	SEQC	bootstrap	570.0
	0.21317845644512712	SEQC	bootstrap	571.0
	0.0625897450031081	SEQC	bootstrap	572.0
	0.19463377815538863	SEQC	bootstrap	573.0
	0.19552006020373636	SEQC	bootstrap	574.0
	0.060966599689758816	SEQC	bootstrap	575.0
	0.4284585202145541	SEQC	bootstrap	576.0
	0.15442524206685615	SEQC	bootstrap	577.0
	0.23298181346585878	SEQC	bootstrap	578.0
	-0.0032637295236943586	SEQC	bootstrap	579.0
	0.13916782744021283	SEQC	bootstrap	580.0
	-0.056806572799243504	SEQC	bootstrap	581.0
	0.1822063811335024	SEQC	bootstrap	582.0
	0.3335839328592556	SEQC	bootstrap	583.0
	0.17974324228430127	SEQC	bootstrap	584.0
	0.15444456766867543	SEQC	bootstrap	585.0
	0.014210533513614898	SEQC	bootstrap	586.0
	0.015629699018928633	SEQC	bootstrap	587.0
	0.14127947256611417	SEQC	bootstrap	588.0
	0.28692306981172777	SEQC	bootstrap	589.0
	0.4255501927000793	SEQC	bootstrap	590.0
	0.21283824566236476	SEQC	bootstrap	591.0
	0.1699003987525769	SEQC	bootstrap	592.0
	-0.01605457495117424	SEQC	bootstrap	593.0
	0.041558778939168484	SEQC	bootstrap	594.0
	0.2185418404961954	SEQC	bootstrap	595.0
	0.05590707693936103	SEQC	bootstrap	596.0
	-0.0058200723791266284	SEQC	bootstrap	597.0
	0.038221868552456684	SEQC	bootstrap	598.0
	0.23328382334568154	SEQC	bootstrap	599.0
	0.28047405739283526	SEQC	bootstrap	600.0
	0.24608620894016475	SEQC	bootstrap	601.0
	0.19661529564118307	SEQC	bootstrap	602.0
	0.24128344934236612	SEQC	bootstrap	603.0
	-0.03923179602884819	SEQC	bootstrap	604.0
	0.1960701299313623	SEQC	bootstrap	605.0
	0.09075525216862346	SEQC	bootstrap	606.0
	0.03289597157213198	SEQC	bootstrap	607.0
	0.12308230414548493	SEQC	bootstrap	608.0
	-0.06975207420399254	SEQC	bootstrap	609.0
	0.16727251833138368	SEQC	bootstrap	610.0
	0.367756489899147	SEQC	bootstrap	611.0
	0.1160623747014844	SEQC	bootstrap	612.0
	0.16769979800293378	SEQC	bootstrap	613.0
	-0.030869777534887177	SEQC	bootstrap	614.0
	0.24202142433203555	SEQC	bootstrap	615.0
	0.24701648943687182	SEQC	bootstrap	616.0
	0.20867527573380418	SEQC	bootstrap	617.0
	0.31454475209517696	SEQC	bootstrap	618.0
	0.15866959729869112	SEQC	bootstrap	619.0
	0.06637985491937926	SEQC	bootstrap	620.0
	0.02506324779277236	SEQC	bootstrap	621.0
	0.014442388541016093	SEQC	bootstrap	622.0
	0.014263498497966154	SEQC	bootstrap	623.0
	0.29942467720835797	SEQC	bootstrap	624.0
	0.20915769386291583	SEQC	bootstrap	625.0
	0.12822115325560546	SEQC	bootstrap	626.0
	0.18602953543236378	SEQC	bootstrap	627.0
	0.283941331248843	SEQC	bootstrap	628.0
	0.13281164710924465	SEQC	bootstrap	629.0
	0.06018721786226866	SEQC	bootstrap	630.0
	0.10284652749429934	SEQC	bootstrap	631.0
	0.18307009551748354	SEQC	bootstrap	632.0
	0.11478497326178605	SEQC	bootstrap	633.0
	0.07314674152435341	SEQC	bootstrap	634.0
	0.15176622261813932	SEQC	bootstrap	635.0
	0.07046575204038596	SEQC	bootstrap	636.0
	0.2562520484256483	SEQC	bootstrap	637.0
	0.18026809330456128	SEQC	bootstrap	638.0
	0.08905342828968354	SEQC	bootstrap	639.0
	0.2736586270060357	SEQC	bootstrap	640.0
	0.04829989951522684	SEQC	bootstrap	641.0
	-0.17017789592592525	SEQC	bootstrap	642.0
	-0.05437582642388161	SEQC	bootstrap	643.0
	0.23540876794268506	SEQC	bootstrap	644.0
	0.11418254114958248	SEQC	bootstrap	645.0
	0.07471086344104183	SEQC	bootstrap	646.0
	0.03148399289476256	SEQC	bootstrap	647.0
	0.024929985517355924	SEQC	bootstrap	648.0
	0.10331545761323557	SEQC	bootstrap	649.0
	0.13014402824100202	SEQC	bootstrap	650.0
	0.22238032771680327	SEQC	bootstrap	651.0
	0.07483842173643662	SEQC	bootstrap	652.0
	0.18785985307918995	SEQC	bootstrap	653.0
	0.014045722071147182	SEQC	bootstrap	654.0
	0.25715202438310314	SEQC	bootstrap	655.0
	0.14204356518744898	SEQC	bootstrap	656.0
	0.14887354465078673	SEQC	bootstrap	657.0
	0.00026735903418462215	SEQC	bootstrap	658.0
	0.2855087304573871	SEQC	bootstrap	659.0
	0.1333645216939896	SEQC	bootstrap	660.0
	0.22157998139947477	SEQC	bootstrap	661.0
	0.3407619905256025	SEQC	bootstrap	662.0
	0.3293060035449962	SEQC	bootstrap	663.0
	0.046392134492781345	SEQC	bootstrap	664.0
	0.032322613151842816	SEQC	bootstrap	665.0
	0.31729537075106506	SEQC	bootstrap	666.0
	0.1361383304965944	SEQC	bootstrap	667.0
	0.07506635575063836	SEQC	bootstrap	668.0
	0.23769252909920002	SEQC	bootstrap	669.0
	0.4321803420828152	SEQC	bootstrap	670.0
	0.21334782264704621	SEQC	bootstrap	671.0
	0.26310117431004354	SEQC	bootstrap	672.0
	0.07065417165230947	SEQC	bootstrap	673.0
	0.1662203449348647	SEQC	bootstrap	674.0
	0.2080356081102801	SEQC	bootstrap	675.0
	0.08601846588480111	SEQC	bootstrap	676.0
	0.08495404620566038	SEQC	bootstrap	677.0
	0.23403374765355878	SEQC	bootstrap	678.0
	-0.009863257555808858	SEQC	bootstrap	679.0
	0.09778406290548514	SEQC	bootstrap	680.0
	0.12371370263885773	SEQC	bootstrap	681.0
	0.2712499922649023	SEQC	bootstrap	682.0
	0.16020454553908436	SEQC	bootstrap	683.0
	0.2496839223275389	SEQC	bootstrap	684.0
	-0.0014095944715446507	SEQC	bootstrap	685.0
	-0.041419365411412556	SEQC	bootstrap	686.0
	0.3205188389041336	SEQC	bootstrap	687.0
	0.05813678698915492	SEQC	bootstrap	688.0
	-0.0028163990405873918	SEQC	bootstrap	689.0
	0.04455785076098007	SEQC	bootstrap	690.0
	0.09860792204812707	SEQC	bootstrap	691.0
	0.10840412008527345	SEQC	bootstrap	692.0
	-0.0973495879494699	SEQC	bootstrap	693.0
	0.352144803687926	SEQC	bootstrap	694.0
	0.025222159338779804	SEQC	bootstrap	695.0
	0.3205873548593825	SEQC	bootstrap	696.0
	0.3355318606683193	SEQC	bootstrap	697.0
	0.31318817993443737	SEQC	bootstrap	698.0
	0.13240510902067992	SEQC	bootstrap	699.0
	0.17463772476882333	SEQC	bootstrap	700.0
	-0.16281794627417945	SEQC	bootstrap	701.0
	0.22083611877663323	SEQC	bootstrap	702.0
	0.09732059084480671	SEQC	bootstrap	703.0
	0.17592471820551125	SEQC	bootstrap	704.0
	0.16906181907866014	SEQC	bootstrap	705.0
	0.1992059350083295	SEQC	bootstrap	706.0
	0.21681062626708592	SEQC	bootstrap	707.0
	-0.12113767860444202	SEQC	bootstrap	708.0
	0.003547092750041614	SEQC	bootstrap	709.0
	0.06103353811312395	SEQC	bootstrap	710.0
	0.053568477488877164	SEQC	bootstrap	711.0
	0.2827983463694883	SEQC	bootstrap	712.0
	0.06044385033893196	SEQC	bootstrap	713.0
	0.3137030601549595	SEQC	bootstrap	714.0
	-0.1365497301570091	SEQC	bootstrap	715.0
	0.10847730882301576	SEQC	bootstrap	716.0
	0.2236192116599378	SEQC	bootstrap	717.0
	0.03694003825815084	SEQC	bootstrap	718.0
	0.31214391230216965	SEQC	bootstrap	719.0
	0.16000125846453983	SEQC	bootstrap	720.0
	0.28803827207633237	SEQC	bootstrap	721.0
	0.2677600614217024	SEQC	bootstrap	722.0
	0.2764988818798013	SEQC	bootstrap	723.0
	0.11887436112464389	SEQC	bootstrap	724.0
	0.13007607053861037	SEQC	bootstrap	725.0
	0.13421962167848722	SEQC	bootstrap	726.0
	0.15597847838485634	SEQC	bootstrap	727.0
	-0.15315136722159295	SEQC	bootstrap	728.0
	0.25298476918597945	SEQC	bootstrap	729.0
	0.18953931769993293	SEQC	bootstrap	730.0
	0.03469241910436871	SEQC	bootstrap	731.0
	0.20141460041089587	SEQC	bootstrap	732.0
	0.16638860469102745	SEQC	bootstrap	733.0
	0.11424633199164003	SEQC	bootstrap	734.0
	0.2391832845856765	SEQC	bootstrap	735.0
	0.1999401366073732	SEQC	bootstrap	736.0
	0.09491370717684244	SEQC	bootstrap	737.0
	0.1839421969777968	SEQC	bootstrap	738.0
	0.08619388586302801	SEQC	bootstrap	739.0
	0.12420260021745388	SEQC	bootstrap	740.0
	0.23053149284598629	SEQC	bootstrap	741.0
	0.15178379120346452	SEQC	bootstrap	742.0
	0.1555030959730468	SEQC	bootstrap	743.0
	0.27208096681625804	SEQC	bootstrap	744.0
	0.18000016872979963	SEQC	bootstrap	745.0
	0.2114456216552032	SEQC	bootstrap	746.0
	-0.030912329235298408	SEQC	bootstrap	747.0
	0.14160756930307183	SEQC	bootstrap	748.0
	-0.025855945594248197	SEQC	bootstrap	749.0
	0.27105371224300434	SEQC	bootstrap	750.0
	0.21901552092358134	SEQC	bootstrap	751.0
	0.008652546216184831	SEQC	bootstrap	752.0
	0.06954829874565593	SEQC	bootstrap	753.0
	0.35275794567568397	SEQC	bootstrap	754.0
	0.24108737451571116	SEQC	bootstrap	755.0
	0.12985554848902403	SEQC	bootstrap	756.0
	0.1728854718779269	SEQC	bootstrap	757.0
	0.17237746927137199	SEQC	bootstrap	758.0
	0.1795073388253643	SEQC	bootstrap	759.0
	0.12395925936999053	SEQC	bootstrap	760.0
	0.0951330827552459	SEQC	bootstrap	761.0
	0.09885446710713364	SEQC	bootstrap	762.0
	0.23703588359263605	SEQC	bootstrap	763.0
	0.028058491107544548	SEQC	bootstrap	764.0
	0.2118646993019393	SEQC	bootstrap	765.0
	-0.04290452941406464	SEQC	bootstrap	766.0
	0.15814953017144973	SEQC	bootstrap	767.0
	0.22152935239740668	SEQC	bootstrap	768.0
	0.16610897539454328	SEQC	bootstrap	769.0
	0.3169003600673239	SEQC	bootstrap	770.0
	0.06603831679596617	SEQC	bootstrap	771.0
	-0.02526598880129871	SEQC	bootstrap	772.0
	0.15135797298928644	SEQC	bootstrap	773.0
	0.11011297055644498	SEQC	bootstrap	774.0
	0.2477968365161276	SEQC	bootstrap	775.0
	0.06852134127839626	SEQC	bootstrap	776.0
	0.3713370103089009	SEQC	bootstrap	777.0
	0.29486458057531006	SEQC	bootstrap	778.0
	0.044394788296837184	SEQC	bootstrap	779.0
	0.13957815374164717	SEQC	bootstrap	780.0
	0.2401082940911632	SEQC	bootstrap	781.0
	0.08431963976141876	SEQC	bootstrap	782.0
	0.3379278108297772	SEQC	bootstrap	783.0
	0.24024915082933607	SEQC	bootstrap	784.0
	0.08926178995347822	SEQC	bootstrap	785.0
	0.08326498855164388	SEQC	bootstrap	786.0
	-0.010385256163444545	SEQC	bootstrap	787.0
	0.112866956731561	SEQC	bootstrap	788.0
	0.3077094106295286	SEQC	bootstrap	789.0
	0.10532778672066101	SEQC	bootstrap	790.0
	0.2465465033080747	SEQC	bootstrap	791.0
	0.2714633987974642	SEQC	bootstrap	792.0
	0.23289871586232458	SEQC	bootstrap	793.0
	0.1712734907384723	SEQC	bootstrap	794.0
	0.15941468437238715	SEQC	bootstrap	795.0
	0.009171725807752829	SEQC	bootstrap	796.0
	0.2117401030641437	SEQC	bootstrap	797.0
	0.08521190325575301	SEQC	bootstrap	798.0
	0.3075057604312308	SEQC	bootstrap	799.0
	-0.09755562685073826	SEQC	bootstrap	800.0
	0.28243571206925466	SEQC	bootstrap	801.0
	0.3093047612339772	SEQC	bootstrap	802.0
	0.11487010128824515	SEQC	bootstrap	803.0
	-0.01586824609439841	SEQC	bootstrap	804.0
	0.08061282112899004	SEQC	bootstrap	805.0
	0.04931843739080133	SEQC	bootstrap	806.0
	0.17712947696594927	SEQC	bootstrap	807.0
	0.2893795653969278	SEQC	bootstrap	808.0
	0.10352162824772204	SEQC	bootstrap	809.0
	0.2979219589073274	SEQC	bootstrap	810.0
	0.12704128097491463	SEQC	bootstrap	811.0
	0.05292710147628821	SEQC	bootstrap	812.0
	0.007642607398712364	SEQC	bootstrap	813.0
	0.09385919032778833	SEQC	bootstrap	814.0
	0.14382966966665123	SEQC	bootstrap	815.0
	-0.006491721300629472	SEQC	bootstrap	816.0
	0.15116612584610323	SEQC	bootstrap	817.0
	0.3785701311400542	SEQC	bootstrap	818.0
	-0.08985975677368163	SEQC	bootstrap	819.0
	0.05374038375635859	SEQC	bootstrap	820.0
	0.08828239296988283	SEQC	bootstrap	821.0
	0.11747012122435585	SEQC	bootstrap	822.0
	0.18373279779831186	SEQC	bootstrap	823.0
	0.042144297007354226	SEQC	bootstrap	824.0
	0.18595841963452564	SEQC	bootstrap	825.0
	0.29568903157954995	SEQC	bootstrap	826.0
	0.03489808518648729	SEQC	bootstrap	827.0
	0.12860294096870017	SEQC	bootstrap	828.0
	-0.048082718064249796	SEQC	bootstrap	829.0
	0.17077131684449132	SEQC	bootstrap	830.0
	0.19632813702906127	SEQC	bootstrap	831.0
	0.21557008976195924	SEQC	bootstrap	832.0
	0.09169694172431431	SEQC	bootstrap	833.0
	0.15480886837888974	SEQC	bootstrap	834.0
	0.40806005671398005	SEQC	bootstrap	835.0
	0.3982571768672871	SEQC	bootstrap	836.0
	0.21687085834981001	SEQC	bootstrap	837.0
	0.19660702481809889	SEQC	bootstrap	838.0
	0.04492832213723119	SEQC	bootstrap	839.0
	0.3279378505054229	SEQC	bootstrap	840.0
	-0.06252983062178163	SEQC	bootstrap	841.0
	0.13327581814922684	SEQC	bootstrap	842.0
	0.1559056222872588	SEQC	bootstrap	843.0
	0.12293920220191268	SEQC	bootstrap	844.0
	0.15174725666525113	SEQC	bootstrap	845.0
	0.11591074475803698	SEQC	bootstrap	846.0
	0.20618959328643083	SEQC	bootstrap	847.0
	0.06989694431194415	SEQC	bootstrap	848.0
	-0.1568358262713483	SEQC	bootstrap	849.0
	0.08446742216545822	SEQC	bootstrap	850.0
	0.0012463309011607748	SEQC	bootstrap	851.0
	0.2544475009550409	SEQC	bootstrap	852.0
	-0.0978943256523852	SEQC	bootstrap	853.0
	0.13192811070381172	SEQC	bootstrap	854.0
	0.06002652053972657	SEQC	bootstrap	855.0
	0.26670334239785376	SEQC	bootstrap	856.0
	0.12243009740814159	SEQC	bootstrap	857.0
	-0.08769493457443822	SEQC	bootstrap	858.0
	0.22057297000650866	SEQC	bootstrap	859.0
	0.267741284473348	SEQC	bootstrap	860.0
	0.01178598401001274	SEQC	bootstrap	861.0
	-0.03484353554495723	SEQC	bootstrap	862.0
	0.13991484574955138	SEQC	bootstrap	863.0
	0.2845817164277067	SEQC	bootstrap	864.0
	-0.006494250297995663	SEQC	bootstrap	865.0
	0.08184703091003964	SEQC	bootstrap	866.0
	0.13671523601264024	SEQC	bootstrap	867.0
	0.03980029747922842	SEQC	bootstrap	868.0
	0.27256742655086974	SEQC	bootstrap	869.0
	0.04897680729326126	SEQC	bootstrap	870.0
	0.02455602872178453	SEQC	bootstrap	871.0
	0.3152368240009169	SEQC	bootstrap	872.0
	0.21779931910523587	SEQC	bootstrap	873.0
	-0.09267038003975614	SEQC	bootstrap	874.0
	0.04170694326015312	SEQC	bootstrap	875.0
	-0.014912418826946272	SEQC	bootstrap	876.0
	0.1846224093940254	SEQC	bootstrap	877.0
	0.1838721461448527	SEQC	bootstrap	878.0
	0.22246492834275866	SEQC	bootstrap	879.0
	0.2943547269127169	SEQC	bootstrap	880.0
	-0.00448942101730232	SEQC	bootstrap	881.0
	0.12294381749041339	SEQC	bootstrap	882.0
	0.20257785192462485	SEQC	bootstrap	883.0
	0.09099610952336068	SEQC	bootstrap	884.0
	0.1938145805736884	SEQC	bootstrap	885.0
	0.15212581623439458	SEQC	bootstrap	886.0
	0.29541545110248624	SEQC	bootstrap	887.0
	0.037912462444669615	SEQC	bootstrap	888.0
	0.014715223805301214	SEQC	bootstrap	889.0
	0.21330762299989736	SEQC	bootstrap	890.0
	0.25285166043475726	SEQC	bootstrap	891.0
	0.17114022309550858	SEQC	bootstrap	892.0
	0.22427884982300483	SEQC	bootstrap	893.0
	0.036482140228029536	SEQC	bootstrap	894.0
	0.12140035758989232	SEQC	bootstrap	895.0
	0.20955482443621332	SEQC	bootstrap	896.0
	0.04315633807019292	SEQC	bootstrap	897.0
	0.032754246372627804	SEQC	bootstrap	898.0
	0.14196859360024394	SEQC	bootstrap	899.0
	0.1700264160064222	SEQC	bootstrap	900.0
	0.0693780118659788	SEQC	bootstrap	901.0
	0.018262545089132942	SEQC	bootstrap	902.0
	0.0543280642095576	SEQC	bootstrap	903.0
	0.10781894161596117	SEQC	bootstrap	904.0
	0.08225088325598495	SEQC	bootstrap	905.0
	-0.03687507466211315	SEQC	bootstrap	906.0
	0.22056814775789846	SEQC	bootstrap	907.0
	0.2121648736428723	SEQC	bootstrap	908.0
	0.17502655078378027	SEQC	bootstrap	909.0
	0.11299507349799054	SEQC	bootstrap	910.0
	0.04930546083237175	SEQC	bootstrap	911.0
	0.2618317385716953	SEQC	bootstrap	912.0
	0.10323254507719781	SEQC	bootstrap	913.0
	0.17723147281634688	SEQC	bootstrap	914.0
	0.047840801145114575	SEQC	bootstrap	915.0
	0.43759673079144346	SEQC	bootstrap	916.0
	0.19711743274428617	SEQC	bootstrap	917.0
	0.06252005328154997	SEQC	bootstrap	918.0
	0.2806805079954904	SEQC	bootstrap	919.0
	0.18521245558007138	SEQC	bootstrap	920.0
	0.0925282740508866	SEQC	bootstrap	921.0
	0.2103331625821836	SEQC	bootstrap	922.0
	0.19829115015031018	SEQC	bootstrap	923.0
	0.3206965583521022	SEQC	bootstrap	924.0
	-0.026738109965680934	SEQC	bootstrap	925.0
	0.2299913285907742	SEQC	bootstrap	926.0
	-0.08602204679628134	SEQC	bootstrap	927.0
	0.20610689129632132	SEQC	bootstrap	928.0
	0.3305175877916131	SEQC	bootstrap	929.0
	0.002870122726591262	SEQC	bootstrap	930.0
	0.18684206808437853	SEQC	bootstrap	931.0
	0.05366518450271407	SEQC	bootstrap	932.0
	0.2835629471052554	SEQC	bootstrap	933.0
	-0.07503953553199239	SEQC	bootstrap	934.0
	0.13265253101999352	SEQC	bootstrap	935.0
	0.21133597522359437	SEQC	bootstrap	936.0
	0.046668618015622165	SEQC	bootstrap	937.0
	0.01788058922672242	SEQC	bootstrap	938.0
	0.08305609447167228	SEQC	bootstrap	939.0
	0.12499301996493006	SEQC	bootstrap	940.0
	-0.190761253600777	SEQC	bootstrap	941.0
	0.16118068171065758	SEQC	bootstrap	942.0
	0.0532350754649773	SEQC	bootstrap	943.0
	0.08876274645147664	SEQC	bootstrap	944.0
	0.27618360262878383	SEQC	bootstrap	945.0
	-0.02436292248067673	SEQC	bootstrap	946.0
	0.12737102749179385	SEQC	bootstrap	947.0
	-0.14419580167220758	SEQC	bootstrap	948.0
	0.22639280287609953	SEQC	bootstrap	949.0
	0.04328286157951755	SEQC	bootstrap	950.0
	0.006904525616995727	SEQC	bootstrap	951.0
	-0.0549828572510469	SEQC	bootstrap	952.0
	0.07623616810066736	SEQC	bootstrap	953.0
	0.05171139041166928	SEQC	bootstrap	954.0
	0.290974309789255	SEQC	bootstrap	955.0
	0.004099809827151191	SEQC	bootstrap	956.0
	0.059965996018704004	SEQC	bootstrap	957.0
	0.1748806843332522	SEQC	bootstrap	958.0
	0.0004684117479074601	SEQC	bootstrap	959.0
	-0.07123244895444891	SEQC	bootstrap	960.0
	0.13494750407584544	SEQC	bootstrap	961.0
	0.1927171161582253	SEQC	bootstrap	962.0
	0.009623610514663206	SEQC	bootstrap	963.0
	0.25755777632383037	SEQC	bootstrap	964.0
	0.12693155675079915	SEQC	bootstrap	965.0
	0.23588581791540442	SEQC	bootstrap	966.0
	0.18634345282998943	SEQC	bootstrap	967.0
	0.1558386230937021	SEQC	bootstrap	968.0
	0.1637384095064789	SEQC	bootstrap	969.0
	0.08951568085998307	SEQC	bootstrap	970.0
	0.12349944308839067	SEQC	bootstrap	971.0
	0.06767720350148565	SEQC	bootstrap	972.0
	0.06608125097230211	SEQC	bootstrap	973.0
	-0.10499216080514362	SEQC	bootstrap	974.0
	0.2007025471963857	SEQC	bootstrap	975.0
	0.20790864957737476	SEQC	bootstrap	976.0
	0.21976923127673764	SEQC	bootstrap	977.0
	-0.08715377145308523	SEQC	bootstrap	978.0
	0.1607754037289153	SEQC	bootstrap	979.0
	0.23519224180679377	SEQC	bootstrap	980.0
	0.22470051441835448	SEQC	bootstrap	981.0
	0.18995889391955334	SEQC	bootstrap	982.0
	-0.04374206536689318	SEQC	bootstrap	983.0
	0.09649097741936874	SEQC	bootstrap	984.0
	0.1983638208785754	SEQC	bootstrap	985.0
	0.2791640545936973	SEQC	bootstrap	986.0
	0.21691622063852645	SEQC	bootstrap	987.0
	-0.1044384911293843	SEQC	bootstrap	988.0
	0.24553663224068512	SEQC	bootstrap	989.0
	0.06245082277567526	SEQC	bootstrap	990.0
	0.1347570663772064	SEQC	bootstrap	991.0
	0.1747369153909295	SEQC	bootstrap	992.0
	-0.2039169192386181	SEQC	bootstrap	993.0
	0.08854248379117635	SEQC	bootstrap	994.0
	0.05357841217861292	SEQC	bootstrap	995.0
	-0.011585876332193656	SEQC	bootstrap	996.0
	0.1724056651485384	SEQC	bootstrap	997.0
	0.08978336703540801	SEQC	bootstrap	998.0
	0.23108636685293327	SEQC	bootstrap	999.0
	-0.03162241647279984	SEQC	bootstrap	1000.0
	-0.1482158334660193	SEQC	bootstrap	1001.0
	0.19059849666835937	SEQC	bootstrap	1002.0
	0.219538466554412	SEQC	bootstrap	1003.0
	0.16078798908316472	SEQC	bootstrap	1004.0
	0.38605218182887313	SEQC	bootstrap	1005.0
	0.18230238606021487	SEQC	bootstrap	1006.0
	0.03680234720593223	SEQC	bootstrap	1007.0
	0.28332190224439024	SEQC	bootstrap	1008.0
	0.12305259705816507	SEQC	bootstrap	1009.0
	-0.05171778573840147	SEQC	bootstrap	1010.0
	0.11791021417754521	SEQC	bootstrap	1011.0
	0.055265882316084536	SEQC	bootstrap	1012.0
	0.247485233146997	SEQC	bootstrap	1013.0
	0.1846880096364325	SEQC	bootstrap	1014.0
	0.07328780455330364	SEQC	bootstrap	1015.0
	0.16930942550699601	SEQC	bootstrap	1016.0
	0.045970657886480915	SEQC	bootstrap	1017.0
	0.19435445469108892	SEQC	bootstrap	1018.0
	0.22676139335967438	SEQC	bootstrap	1019.0
	0.10387147680030218	SEQC	bootstrap	1020.0
	0.16047531137769688	SEQC	bootstrap	1021.0
	0.014841894547383383	SEQC	bootstrap	1022.0
	-0.07212032733114881	SEQC	bootstrap	1023.0
	0.08372496414310948	SEQC	bootstrap	1024.0
	0.3400688982079556	SEQC	bootstrap	1025.0
	0.048054473529064445	SEQC	bootstrap	1026.0
	0.029154955299310004	SEQC	bootstrap	1027.0
	-0.005051780593534616	SEQC	bootstrap	1028.0
	0.1795578590701341	SEQC	bootstrap	1029.0
	0.08678718848193157	SEQC	bootstrap	1030.0
	0.041471280271244026	SEQC	bootstrap	1031.0
	0.1297843043532101	SEQC	bootstrap	1032.0
	0.19356334337866254	SEQC	bootstrap	1033.0
	0.18006680271079833	SEQC	bootstrap	1034.0
	0.07832372608228333	SEQC	bootstrap	1035.0
	0.05297992786897421	SEQC	bootstrap	1036.0
	-0.04518149108988556	SEQC	bootstrap	1037.0
	0.2742788715926965	SEQC	bootstrap	1038.0
	0.03367545384719506	SEQC	bootstrap	1039.0
	-0.14521097258996996	SEQC	bootstrap	1040.0
	-0.042971997226963765	SEQC	bootstrap	1041.0
	0.07167092669862019	SEQC	bootstrap	1042.0
	0.11261450057360278	SEQC	bootstrap	1043.0
	-0.0956192509489604	SEQC	bootstrap	1044.0
	0.317485837966375	SEQC	bootstrap	1045.0
	0.22798480205376492	SEQC	bootstrap	1046.0
	0.11959539334672797	SEQC	bootstrap	1047.0
	0.1374635128618289	SEQC	bootstrap	1048.0
	0.08377689732376137	SEQC	bootstrap	1049.0
	0.12330543736255883	SEQC	bootstrap	1050.0
	0.15378075686037196	SEQC	bootstrap	1051.0
	0.09174252212531808	SEQC	bootstrap	1052.0
	0.06694658455292757	SEQC	bootstrap	1053.0
	0.06758369736501812	SEQC	bootstrap	1054.0
	0.11818450228942812	SEQC	bootstrap	1055.0
	-0.12576644940246062	SEQC	bootstrap	1056.0
	0.04447511318037645	SEQC	bootstrap	1057.0
	0.11738604283371501	SEQC	bootstrap	1058.0
	0.09985247885004078	SEQC	bootstrap	1059.0
	0.17783415754810505	SEQC	bootstrap	1060.0
	0.013735587030764052	SEQC	bootstrap	1061.0
	0.21076380602737554	SEQC	bootstrap	1062.0
	-0.07749048100326394	SEQC	bootstrap	1063.0
	0.033330410188687765	SEQC	bootstrap	1064.0
	-0.004098929475351731	SEQC	bootstrap	1065.0
	-0.10243985524384502	SEQC	bootstrap	1066.0
	0.23536907180424116	SEQC	bootstrap	1067.0
	0.011044106256611563	SEQC	bootstrap	1068.0
	0.19529472198891717	SEQC	bootstrap	1069.0
	0.14423182426329628	SEQC	bootstrap	1070.0
	0.038854834128700055	SEQC	bootstrap	1071.0
	0.09836479647345175	SEQC	bootstrap	1072.0
	0.1997350426359139	SEQC	bootstrap	1073.0
	0.2807466425400289	SEQC	bootstrap	1074.0
	0.14399586132155218	SEQC	bootstrap	1075.0
	-0.015239449878433398	SEQC	bootstrap	1076.0
	0.34595894326019927	SEQC	bootstrap	1077.0
	0.20514960409475425	SEQC	bootstrap	1078.0
	0.18355479683493847	SEQC	bootstrap	1079.0
	0.2869404912575453	SEQC	bootstrap	1080.0
	0.05291189081770842	SEQC	bootstrap	1081.0
	0.07121507838419738	SEQC	bootstrap	1082.0
	0.19313941065595053	SEQC	bootstrap	1083.0
	0.021243925318349177	SEQC	bootstrap	1084.0
	0.14608535604364814	SEQC	bootstrap	1085.0
	0.16627512726666271	SEQC	bootstrap	1086.0
	0.06106089932397296	SEQC	bootstrap	1087.0
	0.00941543398039979	SEQC	bootstrap	1088.0
	-0.07932040414820118	SEQC	bootstrap	1089.0
	0.20467286005456486	SEQC	bootstrap	1090.0
	0.08774547846680303	SEQC	bootstrap	1091.0
	0.2672143902238773	SEQC	bootstrap	1092.0
	0.14293118806596627	SEQC	bootstrap	1093.0
	0.08782084844934968	SEQC	bootstrap	1094.0
	0.13044461671260077	SEQC	bootstrap	1095.0
	0.33471396104859696	SEQC	bootstrap	1096.0
	0.20837522547125786	SEQC	bootstrap	1097.0
	0.08395572622808611	SEQC	bootstrap	1098.0
	0.40190937824778405	SEQC	bootstrap	1099.0
	0.1801184595508607	SEQC	bootstrap	1100.0
	0.05514916980052664	SEQC	bootstrap	1101.0
	0.24877016104367122	SEQC	bootstrap	1102.0
	-0.10274009709794729	SEQC	bootstrap	1103.0
	0.27128139647768457	SEQC	bootstrap	1104.0
	0.19884638739206562	SEQC	bootstrap	1105.0
	0.2432568045772996	SEQC	bootstrap	1106.0
	0.3521581691633715	SEQC	bootstrap	1107.0
	-0.023333515610507227	SEQC	bootstrap	1108.0
	0.2521466497508609	SEQC	bootstrap	1109.0
	-0.0013501408058580466	SEQC	bootstrap	1110.0
	0.1660783234804466	SEQC	bootstrap	1111.0
	0.1230949367426648	SEQC	bootstrap	1112.0
	0.12126864727607867	SEQC	bootstrap	1113.0
	0.06943029442585846	SEQC	bootstrap	1114.0
	-0.02350703334245452	SEQC	bootstrap	1115.0
	0.02443380692757824	SEQC	bootstrap	1116.0
	0.10962453798801786	SEQC	bootstrap	1117.0
	0.19274380804920455	SEQC	bootstrap	1118.0
	0.2230019799152414	SEQC	bootstrap	1119.0
	0.1237971545508394	SEQC	bootstrap	1120.0
	0.019355103378194904	SEQC	bootstrap	1121.0
	0.1727296428153	SEQC	bootstrap	1122.0
	0.06497180959024274	SEQC	bootstrap	1123.0
	0.204236413035213	SEQC	bootstrap	1124.0
	0.2257358482106664	SEQC	bootstrap	1125.0
	0.17684297642820557	SEQC	bootstrap	1126.0
	0.33710911622791606	SEQC	bootstrap	1127.0
	0.03308039023305742	SEQC	bootstrap	1128.0
	0.17836609077668708	SEQC	bootstrap	1129.0
	0.02907822094363688	SEQC	bootstrap	1130.0
	0.2231126255583913	SEQC	bootstrap	1131.0
	0.1479408550405017	SEQC	bootstrap	1132.0
	0.29409509182392846	SEQC	bootstrap	1133.0
	0.10031012221185431	SEQC	bootstrap	1134.0
	0.1379921286494996	SEQC	bootstrap	1135.0
	0.09673497350140359	SEQC	bootstrap	1136.0
	0.19209251126616245	SEQC	bootstrap	1137.0
	0.26473775630934604	SEQC	bootstrap	1138.0
	0.0837347154038941	SEQC	bootstrap	1139.0
	0.18082986081626995	SEQC	bootstrap	1140.0
	0.28716065393374635	SEQC	bootstrap	1141.0
	0.2736036260031671	SEQC	bootstrap	1142.0
	0.023135724957321635	SEQC	bootstrap	1143.0
	-0.06335870637792151	SEQC	bootstrap	1144.0
	0.08908993019000366	SEQC	bootstrap	1145.0
	0.16329839833477156	SEQC	bootstrap	1146.0
	0.2409456140812427	SEQC	bootstrap	1147.0
	0.02466277235003833	SEQC	bootstrap	1148.0
	0.21154986195662406	SEQC	bootstrap	1149.0
	0.028913620584333444	SEQC	bootstrap	1150.0
	-0.022611621875750387	SEQC	bootstrap	1151.0
	0.07654298166804807	SEQC	bootstrap	1152.0
	0.14361580774995986	SEQC	bootstrap	1153.0
	0.02357968907886754	SEQC	bootstrap	1154.0
	0.3027804834147263	SEQC	bootstrap	1155.0
	-0.0548869149046336	SEQC	bootstrap	1156.0
	-0.040021354340741944	SEQC	bootstrap	1157.0
	-0.11026052339544101	SEQC	bootstrap	1158.0
	0.17401890760018635	SEQC	bootstrap	1159.0
	0.28273798641217507	SEQC	bootstrap	1160.0
	0.3290473110705774	SEQC	bootstrap	1161.0
	0.10379224445944502	SEQC	bootstrap	1162.0
	0.041104042837135424	SEQC	bootstrap	1163.0
	0.20683679664690313	SEQC	bootstrap	1164.0
	0.2573788469141496	SEQC	bootstrap	1165.0
	0.2203561882475089	SEQC	bootstrap	1166.0
	-0.005003756830316064	SEQC	bootstrap	1167.0
	0.2536705693225265	SEQC	bootstrap	1168.0
	0.24335252298564658	SEQC	bootstrap	1169.0
	0.028779736498793618	SEQC	bootstrap	1170.0
	0.2447771475793319	SEQC	bootstrap	1171.0
	0.45925670798795704	SEQC	bootstrap	1172.0
	0.1528880855769561	SEQC	bootstrap	1173.0
	0.22232300609558653	SEQC	bootstrap	1174.0
	-0.018948866698877076	SEQC	bootstrap	1175.0
	0.16028327528625752	SEQC	bootstrap	1176.0
	0.1444889791675319	SEQC	bootstrap	1177.0
	0.4274518166071797	SEQC	bootstrap	1178.0
	0.12914341275499908	SEQC	bootstrap	1179.0
	0.015885679358150995	SEQC	bootstrap	1180.0
	0.3814289172621681	SEQC	bootstrap	1181.0
	0.09957921560887417	SEQC	bootstrap	1182.0
	0.18369242936826602	SEQC	bootstrap	1183.0
	0.2670956394404902	SEQC	bootstrap	1184.0
	0.2571521073613878	SEQC	bootstrap	1185.0
	0.14129366609413285	SEQC	bootstrap	1186.0
	0.13842444222560157	SEQC	bootstrap	1187.0
	0.18978604066500093	SEQC	bootstrap	1188.0
	0.0756434746073067	SEQC	bootstrap	1189.0
	0.033031706341688505	SEQC	bootstrap	1190.0
	0.18321273694897666	SEQC	bootstrap	1191.0
	0.12644490392007857	SEQC	bootstrap	1192.0
	0.05442307291246795	SEQC	bootstrap	1193.0
	0.3457463090252242	SEQC	bootstrap	1194.0
	0.13000722130604725	SEQC	bootstrap	1195.0
	0.3136991903886841	SEQC	bootstrap	1196.0
	0.10330262741430474	SEQC	bootstrap	1197.0
	0.011160838512608073	SEQC	bootstrap	1198.0
	0.13096847527827205	SEQC	bootstrap	1199.0
	0.08557095552310212	SEQC	bootstrap	1200.0
	0.09976280427311934	SEQC	bootstrap	1201.0
	-0.0028411612092291705	SEQC	bootstrap	1202.0
	0.5036815542520179	SEQC	bootstrap	1203.0
	0.011353832593238522	SEQC	bootstrap	1204.0
	0.28529701332232804	SEQC	bootstrap	1205.0
	0.17733962997971542	SEQC	bootstrap	1206.0
	0.03325473218941877	SEQC	bootstrap	1207.0
	0.0983637086058966	SEQC	bootstrap	1208.0
	0.28577406332755473	SEQC	bootstrap	1209.0
	0.28926707108557714	SEQC	bootstrap	1210.0
	-0.26262632945658115	SEQC	bootstrap	1211.0
	0.1872947497254609	SEQC	bootstrap	1212.0
	0.0805872084479855	SEQC	bootstrap	1213.0
	0.005108296489805042	SEQC	bootstrap	1214.0
	0.22879185560732207	SEQC	bootstrap	1215.0
	0.1954603421280492	SEQC	bootstrap	1216.0
	0.07110699955558175	SEQC	bootstrap	1217.0
	0.07053381109039236	SEQC	bootstrap	1218.0
	0.17127643820101834	SEQC	bootstrap	1219.0
	0.1604307535214229	SEQC	bootstrap	1220.0
	0.14835441203537947	SEQC	bootstrap	1221.0
	0.19902248344306805	SEQC	bootstrap	1222.0
	-0.043304290363924025	SEQC	bootstrap	1223.0
	0.1346068414586199	SEQC	bootstrap	1224.0
	0.2859314814958811	SEQC	bootstrap	1225.0
	0.0879718694501399	SEQC	bootstrap	1226.0
	0.13819822741114596	SEQC	bootstrap	1227.0
	0.11911881888532161	SEQC	bootstrap	1228.0
	0.049599126817569505	SEQC	bootstrap	1229.0
	0.3651286582789126	SEQC	bootstrap	1230.0
	-0.023774886588040722	SEQC	bootstrap	1231.0
	0.3294920363125309	SEQC	bootstrap	1232.0
	0.23999119371989153	SEQC	bootstrap	1233.0
	0.2871092036787619	SEQC	bootstrap	1234.0
	0.21075266331244347	SEQC	bootstrap	1235.0
	-0.06006804727087367	SEQC	bootstrap	1236.0
	-0.048200754334253304	SEQC	bootstrap	1237.0
	0.3114917997647968	SEQC	bootstrap	1238.0
	-0.06327123376349508	SEQC	bootstrap	1239.0
	0.21544111169130442	SEQC	bootstrap	1240.0
	0.0556552389848175	SEQC	bootstrap	1241.0
	-0.12301757565260107	SEQC	bootstrap	1242.0
	0.16625189244654592	SEQC	bootstrap	1243.0
	0.14477783371912523	SEQC	bootstrap	1244.0
	0.06706665218322438	SEQC	bootstrap	1245.0
	-0.010963987223735927	SEQC	bootstrap	1246.0
	-0.04076507844210209	SEQC	bootstrap	1247.0
	0.05761265199163912	SEQC	bootstrap	1248.0
	0.05744807186324952	SEQC	bootstrap	1249.0
	0.0415252638307555	SEQC	bootstrap	1250.0
	0.14067589158839322	SEQC	bootstrap	1251.0
	0.14876775705663903	SEQC	bootstrap	1252.0
	0.2008834598686029	SEQC	bootstrap	1253.0
	0.13839570614420094	SEQC	bootstrap	1254.0
	-0.0021762727400487236	SEQC	bootstrap	1255.0
	0.05568386503681566	SEQC	bootstrap	1256.0
	0.12811713366982325	SEQC	bootstrap	1257.0
	0.10204169227533821	SEQC	bootstrap	1258.0
	0.2410191758819895	SEQC	bootstrap	1259.0
	0.30877435827930366	SEQC	bootstrap	1260.0
	0.06764072204834193	SEQC	bootstrap	1261.0
	0.1907130428907431	SEQC	bootstrap	1262.0
	0.004725344203686532	SEQC	bootstrap	1263.0
	0.13941322799331868	SEQC	bootstrap	1264.0
	0.33088765768250106	SEQC	bootstrap	1265.0
	-0.026953395933731805	SEQC	bootstrap	1266.0
	0.2760565689491825	SEQC	bootstrap	1267.0
	-0.004295298773052458	SEQC	bootstrap	1268.0
	-0.1881777921338612	SEQC	bootstrap	1269.0
	0.19802423916134515	SEQC	bootstrap	1270.0
	0.13508759119017277	SEQC	bootstrap	1271.0
	0.039067779704663685	SEQC	bootstrap	1272.0
	0.18442642346494864	SEQC	bootstrap	1273.0
	0.03534752366588645	SEQC	bootstrap	1274.0
	-0.08073757352482325	SEQC	bootstrap	1275.0
	0.12632383226784683	SEQC	bootstrap	1276.0
	0.22165967266562792	SEQC	bootstrap	1277.0
	0.18557563950853861	SEQC	bootstrap	1278.0
	0.11120953540422018	SEQC	bootstrap	1279.0
	0.1431941183791361	SEQC	bootstrap	1280.0
	0.1100338508293559	SEQC	bootstrap	1281.0
	0.16248124273905784	SEQC	bootstrap	1282.0
	0.2708361712119096	SEQC	bootstrap	1283.0
	0.11903342557922958	SEQC	bootstrap	1284.0
	0.2684278098071404	SEQC	bootstrap	1285.0
	0.3403109007808194	SEQC	bootstrap	1286.0
	0.14858529583482305	SEQC	bootstrap	1287.0
	-0.0033350391792410505	SEQC	bootstrap	1288.0
	-0.14149772392251148	SEQC	bootstrap	1289.0
	0.2150085889009823	SEQC	bootstrap	1290.0
	0.0036768656379280173	SEQC	bootstrap	1291.0
	0.021044733148751327	SEQC	bootstrap	1292.0
	0.01636607272652668	SEQC	bootstrap	1293.0
	-0.13028587195440444	SEQC	bootstrap	1294.0
	0.06103796587729349	SEQC	bootstrap	1295.0
	0.14773492017515988	SEQC	bootstrap	1296.0
	0.3444992229844006	SEQC	bootstrap	1297.0
	0.18719954338409472	SEQC	bootstrap	1298.0
	0.03615399423926924	SEQC	bootstrap	1299.0
	0.026990188441206264	SEQC	bootstrap	1300.0
	-0.012864050440575703	SEQC	bootstrap	1301.0
	0.28388446810671475	SEQC	bootstrap	1302.0
	0.11277977055531974	SEQC	bootstrap	1303.0
	-0.0074893297321407815	SEQC	bootstrap	1304.0
	0.19865340658583808	SEQC	bootstrap	1305.0
	0.22184666516225438	SEQC	bootstrap	1306.0
	0.1596211762806341	SEQC	bootstrap	1307.0
	0.25234536131739915	SEQC	bootstrap	1308.0
	0.015832908511648647	SEQC	bootstrap	1309.0
	0.30265353784923565	SEQC	bootstrap	1310.0
	0.16103460732966823	SEQC	bootstrap	1311.0
	0.25738460862518764	SEQC	bootstrap	1312.0
	0.07235074241789174	SEQC	bootstrap	1313.0
	0.3865200509403577	SEQC	bootstrap	1314.0
	0.18154754443265553	SEQC	bootstrap	1315.0
	0.008547162714680034	SEQC	bootstrap	1316.0
	0.12791339178023886	SEQC	bootstrap	1317.0
	0.11285299194949872	SEQC	bootstrap	1318.0
	0.014132132050298729	SEQC	bootstrap	1319.0
	0.09537009099807214	SEQC	bootstrap	1320.0
	0.03966942330515977	SEQC	bootstrap	1321.0
	0.1780248699134983	SEQC	bootstrap	1322.0
	0.013353128696845573	SEQC	bootstrap	1323.0
	0.13587434310577873	SEQC	bootstrap	1324.0
	-0.1031292482269226	SEQC	bootstrap	1325.0
	0.18392134936830384	SEQC	bootstrap	1326.0
	0.12826638421798187	SEQC	bootstrap	1327.0
	0.342872651998964	SEQC	bootstrap	1328.0
	0.14565162073981952	SEQC	bootstrap	1329.0
	0.0564794341927044	SEQC	bootstrap	1330.0
	-0.06084325600196294	SEQC	bootstrap	1331.0
	-0.08915575066164028	SEQC	bootstrap	1332.0
	-0.028787780088442183	SEQC	bootstrap	1333.0
	0.1881469181319675	SEQC	bootstrap	1334.0
	-0.04722542171526811	SEQC	bootstrap	1335.0
	0.14572777233659995	SEQC	bootstrap	1336.0
	0.18281776846313047	SEQC	bootstrap	1337.0
	0.30499470432334697	SEQC	bootstrap	1338.0
	0.12359226817271463	SEQC	bootstrap	1339.0
	0.23354016749897877	SEQC	bootstrap	1340.0
	0.15583565445041625	SEQC	bootstrap	1341.0
	0.14370931984074176	SEQC	bootstrap	1342.0
	0.10199928520300006	SEQC	bootstrap	1343.0
	0.21444677427883452	SEQC	bootstrap	1344.0
	0.09464812499062614	SEQC	bootstrap	1345.0
	-0.011836127627796955	SEQC	bootstrap	1346.0
	0.0983707639358018	SEQC	bootstrap	1347.0
	0.21267613109381944	SEQC	bootstrap	1348.0
	0.07881613564017176	SEQC	bootstrap	1349.0
	0.20437516103062148	SEQC	bootstrap	1350.0
	-0.013364981208431992	SEQC	bootstrap	1351.0
	0.4154040143147162	SEQC	bootstrap	1352.0
	0.18277679133424574	SEQC	bootstrap	1353.0
	0.37783395938293207	SEQC	bootstrap	1354.0
	0.01873562163530096	SEQC	bootstrap	1355.0
	0.20890938053743735	SEQC	bootstrap	1356.0
	0.1880124583845184	SEQC	bootstrap	1357.0
	0.139177455990537	SEQC	bootstrap	1358.0
	0.10692927195443236	SEQC	bootstrap	1359.0
	0.3285543366451025	SEQC	bootstrap	1360.0
	0.22009885061382928	SEQC	bootstrap	1361.0
	0.35653355647240126	SEQC	bootstrap	1362.0
	0.2737689204161109	SEQC	bootstrap	1363.0
	-0.09635675202579108	SEQC	bootstrap	1364.0
	0.23073204794696345	SEQC	bootstrap	1365.0
	0.14508806233537985	SEQC	bootstrap	1366.0
	0.03183205748299045	SEQC	bootstrap	1367.0
	0.06773651928995328	SEQC	bootstrap	1368.0
	0.042836895806312114	SEQC	bootstrap	1369.0
	0.11983643568692504	SEQC	bootstrap	1370.0
	0.3085886078253095	SEQC	bootstrap	1371.0
	0.05339016730223456	SEQC	bootstrap	1372.0
	0.1327364063437857	SEQC	bootstrap	1373.0
	0.1234760159814261	SEQC	bootstrap	1374.0
	0.06282633199684717	SEQC	bootstrap	1375.0
	0.2911951705168123	SEQC	bootstrap	1376.0
	0.14256098965632624	SEQC	bootstrap	1377.0
	-0.033130891531528484	SEQC	bootstrap	1378.0
	-0.017673197108761585	SEQC	bootstrap	1379.0
	0.36322048932839657	SEQC	bootstrap	1380.0
	0.19989936996601276	SEQC	bootstrap	1381.0
	-0.008851878507286415	SEQC	bootstrap	1382.0
	-0.06788474654430754	SEQC	bootstrap	1383.0
	0.21571152540570981	SEQC	bootstrap	1384.0
	0.15628774096644626	SEQC	bootstrap	1385.0
	0.06270231424065997	SEQC	bootstrap	1386.0
	0.05197316615644354	SEQC	bootstrap	1387.0
	0.11888518354010635	SEQC	bootstrap	1388.0
	-0.13460288551981225	SEQC	bootstrap	1389.0
	0.1277935284357925	SEQC	bootstrap	1390.0
	0.08799814860369182	SEQC	bootstrap	1391.0
	0.10110312026129353	SEQC	bootstrap	1392.0
	0.07544115484652192	SEQC	bootstrap	1393.0
	0.21016985248256326	SEQC	bootstrap	1394.0
	-0.0359567600838826	SEQC	bootstrap	1395.0
	0.09532371941907503	SEQC	bootstrap	1396.0
	0.2095649526898251	SEQC	bootstrap	1397.0
	0.009280394777237078	SEQC	bootstrap	1398.0
	0.052296262503251256	SEQC	bootstrap	1399.0
	0.030019516897245246	SEQC	bootstrap	1400.0
	0.25686522383577515	SEQC	bootstrap	1401.0
	0.2642368441285168	SEQC	bootstrap	1402.0
	0.14558244598117742	SEQC	bootstrap	1403.0
	0.03643120142036871	SEQC	bootstrap	1404.0
	0.2168711399663401	SEQC	bootstrap	1405.0
	0.10063039652145012	SEQC	bootstrap	1406.0
	0.29602795559010264	SEQC	bootstrap	1407.0
	-0.043930322183981296	SEQC	bootstrap	1408.0
	0.21478179441096845	SEQC	bootstrap	1409.0
	0.11367862828248576	SEQC	bootstrap	1410.0
	0.09407814684935367	SEQC	bootstrap	1411.0
	0.12837723446200933	SEQC	bootstrap	1412.0
	-0.055681234570596594	SEQC	bootstrap	1413.0
	0.12038877322115216	SEQC	bootstrap	1414.0
	0.013815926036648385	SEQC	bootstrap	1415.0
	0.19035480611020006	SEQC	bootstrap	1416.0
	-0.00741031389805169	SEQC	bootstrap	1417.0
	0.27744832024416954	SEQC	bootstrap	1418.0
	-0.10083853218228445	SEQC	bootstrap	1419.0
	-0.0359299311729826	SEQC	bootstrap	1420.0
	0.13215684056401145	SEQC	bootstrap	1421.0
	0.01430378837051638	SEQC	bootstrap	1422.0
	0.21372483887903027	SEQC	bootstrap	1423.0
	0.37081735105821334	SEQC	bootstrap	1424.0
	0.2839651304602153	SEQC	bootstrap	1425.0
	0.23418877314422737	SEQC	bootstrap	1426.0
	0.06580508025999876	SEQC	bootstrap	1427.0
	0.27140139170262323	SEQC	bootstrap	1428.0
	0.054387577567140966	SEQC	bootstrap	1429.0
	0.19030090992960513	SEQC	bootstrap	1430.0
	-0.0364821054700748	SEQC	bootstrap	1431.0
	0.29471895502411893	SEQC	bootstrap	1432.0
	0.04254316913200196	SEQC	bootstrap	1433.0
	0.17268810062133877	SEQC	bootstrap	1434.0
	0.07884410022930055	SEQC	bootstrap	1435.0
	0.0007515566993676615	SEQC	bootstrap	1436.0
	0.2705005416075421	SEQC	bootstrap	1437.0
	0.01871274417288049	SEQC	bootstrap	1438.0
	0.019337157644989666	SEQC	bootstrap	1439.0
	0.22886780938833606	SEQC	bootstrap	1440.0
	0.14114148881927857	SEQC	bootstrap	1441.0
	0.06800636587035314	SEQC	bootstrap	1442.0
	0.07777499891015971	SEQC	bootstrap	1443.0
	0.038850892758413025	SEQC	bootstrap	1444.0
	0.1589397986580936	SEQC	bootstrap	1445.0
	0.2643381395318398	SEQC	bootstrap	1446.0
	0.1048621925213693	SEQC	bootstrap	1447.0
	0.21695319499540666	SEQC	bootstrap	1448.0
	0.10491448747750276	SEQC	bootstrap	1449.0
	-0.16156900066822644	SEQC	bootstrap	1450.0
	0.19297137835534883	SEQC	bootstrap	1451.0
	0.007313701806972439	SEQC	bootstrap	1452.0
	0.03024421865551563	SEQC	bootstrap	1453.0
	0.43389385973512784	SEQC	bootstrap	1454.0
	0.13844448946165766	SEQC	bootstrap	1455.0
	0.05428246190235697	SEQC	bootstrap	1456.0
	0.18907309494901003	SEQC	bootstrap	1457.0
	0.1797355194292738	SEQC	bootstrap	1458.0
	0.006365732454703732	SEQC	bootstrap	1459.0
	0.20496538413948961	SEQC	bootstrap	1460.0
	0.09466576301202245	SEQC	bootstrap	1461.0
	0.25704984678599274	SEQC	bootstrap	1462.0
	0.3307299073889318	SEQC	bootstrap	1463.0
	0.2069209854639542	SEQC	bootstrap	1464.0
	0.1985345442899229	SEQC	bootstrap	1465.0
	-0.003137985973691748	SEQC	bootstrap	1466.0
	0.07162194704316338	SEQC	bootstrap	1467.0
	0.34688886285146037	SEQC	bootstrap	1468.0
	0.10937256539930029	SEQC	bootstrap	1469.0
	-0.07239031400433138	SEQC	bootstrap	1470.0
	0.1722525021434187	SEQC	bootstrap	1471.0
	0.14316344530659464	SEQC	bootstrap	1472.0
	0.11553788658811026	SEQC	bootstrap	1473.0
	0.08927688691377256	SEQC	bootstrap	1474.0
	0.15484497214246762	SEQC	bootstrap	1475.0
	0.05962308313078335	SEQC	bootstrap	1476.0
	0.07514083915847802	SEQC	bootstrap	1477.0
	0.05099490781629701	SEQC	bootstrap	1478.0
	-0.07596390474207837	SEQC	bootstrap	1479.0
	0.36859386238414427	SEQC	bootstrap	1480.0
	0.22516343423591856	SEQC	bootstrap	1481.0
	0.03294469784506493	SEQC	bootstrap	1482.0
	0.20559745252801598	SEQC	bootstrap	1483.0
	0.015821151758845353	SEQC	bootstrap	1484.0
	0.06051032829561631	SEQC	bootstrap	1485.0
	-0.03471185590401671	SEQC	bootstrap	1486.0
	0.2566516206466538	SEQC	bootstrap	1487.0
	0.33339146936887776	SEQC	bootstrap	1488.0
	0.18701772848492926	SEQC	bootstrap	1489.0
	0.0400319650769978	SEQC	bootstrap	1490.0
	0.1280218014745511	SEQC	bootstrap	1491.0
	0.022513793209573585	SEQC	bootstrap	1492.0
	0.19211551227863044	SEQC	bootstrap	1493.0
	-0.005927631303431546	SEQC	bootstrap	1494.0
	-0.07466610745754743	SEQC	bootstrap	1495.0
	0.22402367474183382	SEQC	bootstrap	1496.0
	0.12111958062905526	SEQC	bootstrap	1497.0
	0.0664192355617157	SEQC	bootstrap	1498.0
	-0.028451348739539917	SEQC	bootstrap	1499.0
	0.09035150123512459	SEQC	bootstrap	1500.0
	0.07679519264232937	SEQC	bootstrap	1501.0
	-0.21445975010312956	SEQC	bootstrap	1502.0
	0.1741372356087485	SEQC	bootstrap	1503.0
	0.041317072695862045	SEQC	bootstrap	1504.0
	0.31275598747250566	SEQC	bootstrap	1505.0
	0.12185565861924363	SEQC	bootstrap	1506.0
	0.08438707688294578	SEQC	bootstrap	1507.0
	0.13035815050947708	SEQC	bootstrap	1508.0
	-0.011811794686240162	SEQC	bootstrap	1509.0
	0.130914583585521	SEQC	bootstrap	1510.0
	0.1856517527926318	SEQC	bootstrap	1511.0
	0.10525166789163976	SEQC	bootstrap	1512.0
	0.0675354457768691	SEQC	bootstrap	1513.0
	0.4549842930921466	SEQC	bootstrap	1514.0
	0.13985175870153732	SEQC	bootstrap	1515.0
	0.1556569630672282	SEQC	bootstrap	1516.0
	0.04763333943451098	SEQC	bootstrap	1517.0
	-0.11025510392700877	SEQC	bootstrap	1518.0
	0.22774096671331012	SEQC	bootstrap	1519.0
	0.10016854131471309	SEQC	bootstrap	1520.0
	0.09079850707016224	SEQC	bootstrap	1521.0
	-0.02555982378616939	SEQC	bootstrap	1522.0
	0.1280884954177548	SEQC	bootstrap	1523.0
	0.03143355466513942	SEQC	bootstrap	1524.0
	0.16121495056377722	SEQC	bootstrap	1525.0
	0.0638424755452558	SEQC	bootstrap	1526.0
	-0.12642453957724165	SEQC	bootstrap	1527.0
	0.19370436195211305	SEQC	bootstrap	1528.0
	-0.022145480783527738	SEQC	bootstrap	1529.0
	-0.0542246951391121	SEQC	bootstrap	1530.0
	0.05822814766954032	SEQC	bootstrap	1531.0
	0.18927572380131608	SEQC	bootstrap	1532.0
	0.11802201425281478	SEQC	bootstrap	1533.0
	0.3001145823388063	SEQC	bootstrap	1534.0
	0.3293979789687853	SEQC	bootstrap	1535.0
	0.29614971579544314	SEQC	bootstrap	1536.0
	0.042211806992755285	SEQC	bootstrap	1537.0
	-0.05321979888111805	SEQC	bootstrap	1538.0
	0.14488517102449805	SEQC	bootstrap	1539.0
	0.1385057378179635	SEQC	bootstrap	1540.0
	0.09845725394886262	SEQC	bootstrap	1541.0
	0.12347972406049834	SEQC	bootstrap	1542.0
	0.004847880839721874	SEQC	bootstrap	1543.0
	0.05288505960439949	SEQC	bootstrap	1544.0
	0.31744541458507936	SEQC	bootstrap	1545.0
	0.15022334285428496	SEQC	bootstrap	1546.0
	0.002160157529345952	SEQC	bootstrap	1547.0
	0.31661318805555805	SEQC	bootstrap	1548.0
	0.07596473354556554	SEQC	bootstrap	1549.0
	0.223320893332982	SEQC	bootstrap	1550.0
	0.19614935073230289	SEQC	bootstrap	1551.0
	0.22429129492944888	SEQC	bootstrap	1552.0
	0.18533863191036204	SEQC	bootstrap	1553.0
	0.2546448025753776	SEQC	bootstrap	1554.0
	0.046217431800474884	SEQC	bootstrap	1555.0
	0.15559438725114383	SEQC	bootstrap	1556.0
	0.10929316804658384	SEQC	bootstrap	1557.0
	0.1567266789012205	SEQC	bootstrap	1558.0
	0.1549270334426467	SEQC	bootstrap	1559.0
	0.1456239672080617	SEQC	bootstrap	1560.0
	-0.0008821190013872382	SEQC	bootstrap	1561.0
	0.06861439809715009	SEQC	bootstrap	1562.0
	0.02368704174714864	SEQC	bootstrap	1563.0
	0.09965034797002925	SEQC	bootstrap	1564.0
	-0.06819374157994584	SEQC	bootstrap	1565.0
	0.03032546707102224	SEQC	bootstrap	1566.0
	-0.07356430590030705	SEQC	bootstrap	1567.0
	0.3922193360723174	SEQC	bootstrap	1568.0
	0.04238102306901581	SEQC	bootstrap	1569.0
	0.3139769349438799	SEQC	bootstrap	1570.0
	0.18636192821796094	SEQC	bootstrap	1571.0
	0.16253581568625552	SEQC	bootstrap	1572.0
	0.19434364136634308	SEQC	bootstrap	1573.0
	0.2444270004394289	SEQC	bootstrap	1574.0
	0.09191543158847004	SEQC	bootstrap	1575.0
	0.12522013065775184	SEQC	bootstrap	1576.0
	0.09247252569873954	SEQC	bootstrap	1577.0
	0.20650851718619911	SEQC	bootstrap	1578.0
	0.1541962971158286	SEQC	bootstrap	1579.0
	0.11690009547058278	SEQC	bootstrap	1580.0
	0.06679815739752026	SEQC	bootstrap	1581.0
	0.2600730876272612	SEQC	bootstrap	1582.0
	0.21833467191923184	SEQC	bootstrap	1583.0
	0.13132971731742238	SEQC	bootstrap	1584.0
	-0.0015256330931610051	SEQC	bootstrap	1585.0
	0.11155149093519601	SEQC	bootstrap	1586.0
	0.05520107848873135	SEQC	bootstrap	1587.0
	0.09936336641280885	SEQC	bootstrap	1588.0
	0.19670547970544128	SEQC	bootstrap	1589.0
	-0.02259690598767783	SEQC	bootstrap	1590.0
	0.20540114426638656	SEQC	bootstrap	1591.0
	0.3110195706723333	SEQC	bootstrap	1592.0
	-0.02777065199715345	SEQC	bootstrap	1593.0
	0.2913962282586473	SEQC	bootstrap	1594.0
	0.20452085218454563	SEQC	bootstrap	1595.0
	0.33344075174314636	SEQC	bootstrap	1596.0
	0.22021278101688324	SEQC	bootstrap	1597.0
	0.17723880755189292	SEQC	bootstrap	1598.0
	0.08287651233224658	SEQC	bootstrap	1599.0
	0.10808098376096265	SEQC	bootstrap	1600.0
	0.1796945390980147	SEQC	bootstrap	1601.0
	0.2504418983270975	SEQC	bootstrap	1602.0
	0.0024835190030705334	SEQC	bootstrap	1603.0
	0.008883555509665797	SEQC	bootstrap	1604.0
	0.13020272176486358	SEQC	bootstrap	1605.0
	0.2234782560524664	SEQC	bootstrap	1606.0
	-0.02847197820598435	SEQC	bootstrap	1607.0
	0.2017018326287312	SEQC	bootstrap	1608.0
	-0.09809325246504219	SEQC	bootstrap	1609.0
	0.126026246326445	SEQC	bootstrap	1610.0
	0.1908626087464933	SEQC	bootstrap	1611.0
	-0.02956034187249923	SEQC	bootstrap	1612.0
	0.1099408978569345	SEQC	bootstrap	1613.0
	0.15026830333350727	SEQC	bootstrap	1614.0
	0.0010150259237393655	SEQC	bootstrap	1615.0
	0.15210564361393253	SEQC	bootstrap	1616.0
	-0.02096476665350533	SEQC	bootstrap	1617.0
	0.18897831041087	SEQC	bootstrap	1618.0
	0.0912623057639621	SEQC	bootstrap	1619.0
	0.2918187505454837	SEQC	bootstrap	1620.0
	0.2182121262568879	SEQC	bootstrap	1621.0
	0.1559185297458363	SEQC	bootstrap	1622.0
	0.15325363733577113	SEQC	bootstrap	1623.0
	0.20595688376028143	SEQC	bootstrap	1624.0
	0.22493201362927273	SEQC	bootstrap	1625.0
	0.11736610671018344	SEQC	bootstrap	1626.0
	-0.06686341722000755	SEQC	bootstrap	1627.0
	0.17263709509944736	SEQC	bootstrap	1628.0
	-0.024339650159576287	SEQC	bootstrap	1629.0
	0.009136558753857216	SEQC	bootstrap	1630.0
	0.19137545462928252	SEQC	bootstrap	1631.0
	-0.03367578151746908	SEQC	bootstrap	1632.0
	0.09018686101981643	SEQC	bootstrap	1633.0
	-0.007997293688836393	SEQC	bootstrap	1634.0
	0.207925683819707	SEQC	bootstrap	1635.0
	0.2353734378502006	SEQC	bootstrap	1636.0
	0.019035744801382037	SEQC	bootstrap	1637.0
	0.2775613192377824	SEQC	bootstrap	1638.0
	0.26721168645014615	SEQC	bootstrap	1639.0
	0.21775857147244615	SEQC	bootstrap	1640.0
	0.059104988730766195	SEQC	bootstrap	1641.0
	0.36363841400700014	SEQC	bootstrap	1642.0
	-0.034734130023886145	SEQC	bootstrap	1643.0
	0.15477921686865415	SEQC	bootstrap	1644.0
	0.16094234808725183	SEQC	bootstrap	1645.0
	0.0521203096155789	SEQC	bootstrap	1646.0
	0.054416673018543804	SEQC	bootstrap	1647.0
	0.19179344725622904	SEQC	bootstrap	1648.0
	0.1065528165505727	SEQC	bootstrap	1649.0
	0.024622211323129584	SEQC	bootstrap	1650.0
	0.005976046715019834	SEQC	bootstrap	1651.0
	0.17618517139031997	SEQC	bootstrap	1652.0
	0.126172197922787	SEQC	bootstrap	1653.0
	0.07259934157953474	SEQC	bootstrap	1654.0
	0.09149248381207542	SEQC	bootstrap	1655.0
	-0.06953299187284578	SEQC	bootstrap	1656.0
	0.07263875950396503	SEQC	bootstrap	1657.0
	-0.005982240904977232	SEQC	bootstrap	1658.0
	0.023594669483800956	SEQC	bootstrap	1659.0
	0.18785186335634663	SEQC	bootstrap	1660.0
	0.01775801847274039	SEQC	bootstrap	1661.0
	0.2723417377043207	SEQC	bootstrap	1662.0
	0.21769272327394074	SEQC	bootstrap	1663.0
	0.30231006121207393	SEQC	bootstrap	1664.0
	-0.09283837919892957	SEQC	bootstrap	1665.0
	-0.06566991278761591	SEQC	bootstrap	1666.0
	0.03997379088406294	SEQC	bootstrap	1667.0
	0.07854539212349376	SEQC	bootstrap	1668.0
	0.2940652484159356	SEQC	bootstrap	1669.0
	0.2819247917395158	SEQC	bootstrap	1670.0
	0.21051609064055565	SEQC	bootstrap	1671.0
	-0.04125050167797273	SEQC	bootstrap	1672.0
	0.20981315631509823	SEQC	bootstrap	1673.0
	0.1603074917493723	SEQC	bootstrap	1674.0
	0.23339544271573232	SEQC	bootstrap	1675.0
	0.16935043047253284	SEQC	bootstrap	1676.0
	0.03704063667662272	SEQC	bootstrap	1677.0
	0.13264876557091565	SEQC	bootstrap	1678.0
	0.03210491552942063	SEQC	bootstrap	1679.0
	0.18758941700099907	SEQC	bootstrap	1680.0
	0.3019339584523104	SEQC	bootstrap	1681.0
	0.004853576845587959	SEQC	bootstrap	1682.0
	0.10329667437573065	SEQC	bootstrap	1683.0
	0.15983659437946862	SEQC	bootstrap	1684.0
	0.2552008934338179	SEQC	bootstrap	1685.0
	0.24473962064046617	SEQC	bootstrap	1686.0
	0.2954900406243013	SEQC	bootstrap	1687.0
	0.012419644212500636	SEQC	bootstrap	1688.0
	-0.07134780785178751	SEQC	bootstrap	1689.0
	0.08296269245809196	SEQC	bootstrap	1690.0
	-0.028360413814597862	SEQC	bootstrap	1691.0
	0.20131256344567294	SEQC	bootstrap	1692.0
	-0.034133769280420445	SEQC	bootstrap	1693.0
	0.0984900433858229	SEQC	bootstrap	1694.0
	-0.03841397167134275	SEQC	bootstrap	1695.0
	0.15508795788561613	SEQC	bootstrap	1696.0
	0.05486956270665644	SEQC	bootstrap	1697.0
	0.043011671908339544	SEQC	bootstrap	1698.0
	0.08342788156766812	SEQC	bootstrap	1699.0
	0.0314330715424509	SEQC	bootstrap	1700.0
	0.1394461937780731	SEQC	bootstrap	1701.0
	0.25315336760089124	SEQC	bootstrap	1702.0
	0.18348195458729055	SEQC	bootstrap	1703.0
	0.15404321901284934	SEQC	bootstrap	1704.0
	0.0586853001088814	SEQC	bootstrap	1705.0
	0.19496488982907234	SEQC	bootstrap	1706.0
	0.26362867751468144	SEQC	bootstrap	1707.0
	-0.04305028209971873	SEQC	bootstrap	1708.0
	0.010276737553592596	SEQC	bootstrap	1709.0
	0.19583176355345877	SEQC	bootstrap	1710.0
	-0.022336617786767654	SEQC	bootstrap	1711.0
	-0.08319122781176524	SEQC	bootstrap	1712.0
	0.0592411904807868	SEQC	bootstrap	1713.0
	-0.108601755660378	SEQC	bootstrap	1714.0
	0.02220749199458716	SEQC	bootstrap	1715.0
	0.26167749197963186	SEQC	bootstrap	1716.0
	0.14371051541258062	SEQC	bootstrap	1717.0
	0.04532164360101287	SEQC	bootstrap	1718.0
	0.24473319877461375	SEQC	bootstrap	1719.0
	0.10139908268234255	SEQC	bootstrap	1720.0
	0.20294791551821678	SEQC	bootstrap	1721.0
	0.1751320251146833	SEQC	bootstrap	1722.0
	0.0931436224244262	SEQC	bootstrap	1723.0
	0.21449254130178286	SEQC	bootstrap	1724.0
	-0.06476607714455263	SEQC	bootstrap	1725.0
	0.33264338590150544	SEQC	bootstrap	1726.0
	0.08934714780696762	SEQC	bootstrap	1727.0
	-0.015487510543166216	SEQC	bootstrap	1728.0
	0.1619399143074185	SEQC	bootstrap	1729.0
	0.1898737517497633	SEQC	bootstrap	1730.0
	-0.12108049607593774	SEQC	bootstrap	1731.0
	0.10003214211855305	SEQC	bootstrap	1732.0
	-0.009873309189857515	SEQC	bootstrap	1733.0
	0.3579239571646884	SEQC	bootstrap	1734.0
	0.38620928172532043	SEQC	bootstrap	1735.0
	0.28815750950296337	SEQC	bootstrap	1736.0
	0.1428980470574075	SEQC	bootstrap	1737.0
	0.2178227459432467	SEQC	bootstrap	1738.0
	0.2665365131325803	SEQC	bootstrap	1739.0
	0.12253062114902402	SEQC	bootstrap	1740.0
	0.2376451500598371	SEQC	bootstrap	1741.0
	0.04881461161225786	SEQC	bootstrap	1742.0
	0.2437562609054149	SEQC	bootstrap	1743.0
	0.2115133654655308	SEQC	bootstrap	1744.0
	0.06402609945411797	SEQC	bootstrap	1745.0
	0.28180154454688733	SEQC	bootstrap	1746.0
	0.20000228412922727	SEQC	bootstrap	1747.0
	0.1224565533366837	SEQC	bootstrap	1748.0
	0.08083925977441897	SEQC	bootstrap	1749.0
	0.11148986767339597	SEQC	bootstrap	1750.0
	0.22358510098728868	SEQC	bootstrap	1751.0
	0.016961807466397083	SEQC	bootstrap	1752.0
	0.19770174315720457	SEQC	bootstrap	1753.0
	0.13963719056726465	SEQC	bootstrap	1754.0
	0.2539121121736745	SEQC	bootstrap	1755.0
	0.25620137019574507	SEQC	bootstrap	1756.0
	0.17427158447685986	SEQC	bootstrap	1757.0
	0.30009113447504454	SEQC	bootstrap	1758.0
	-0.008216099314533487	SEQC	bootstrap	1759.0
	-0.018900006077188003	SEQC	bootstrap	1760.0
	-0.12897740337484098	SEQC	bootstrap	1761.0
	0.24220681429417912	SEQC	bootstrap	1762.0
	0.20356726853996854	SEQC	bootstrap	1763.0
	0.0859868738988041	SEQC	bootstrap	1764.0
	0.25310468395348895	SEQC	bootstrap	1765.0
	-0.01821892061844199	SEQC	bootstrap	1766.0
	0.2870015740556795	SEQC	bootstrap	1767.0
	0.10993914215695888	SEQC	bootstrap	1768.0
	0.163281706672727	SEQC	bootstrap	1769.0
	0.2009243088641961	SEQC	bootstrap	1770.0
	0.23894214780287903	SEQC	bootstrap	1771.0
	0.19898967639027454	SEQC	bootstrap	1772.0
	0.37404956688507784	SEQC	bootstrap	1773.0
	0.1925229584563839	SEQC	bootstrap	1774.0
	0.021583160483792163	SEQC	bootstrap	1775.0
	0.1484599830852691	SEQC	bootstrap	1776.0
	0.05691766617431071	SEQC	bootstrap	1777.0
	0.05741388171289952	SEQC	bootstrap	1778.0
	-0.047991721326797965	SEQC	bootstrap	1779.0
	0.2166571977859233	SEQC	bootstrap	1780.0
	0.22701213291437838	SEQC	bootstrap	1781.0
	0.0029683315944568633	SEQC	bootstrap	1782.0
	0.15418962735827435	SEQC	bootstrap	1783.0
	0.31362721638291546	SEQC	bootstrap	1784.0
	0.15155462665350594	SEQC	bootstrap	1785.0
	0.11577747587406328	SEQC	bootstrap	1786.0
	0.15832772410866802	SEQC	bootstrap	1787.0
	0.046211664649736583	SEQC	bootstrap	1788.0
	-0.03140427664834977	SEQC	bootstrap	1789.0
	0.04997653691993076	SEQC	bootstrap	1790.0
	0.11295293678015916	SEQC	bootstrap	1791.0
	0.12908967896909385	SEQC	bootstrap	1792.0
	0.017157205666257447	SEQC	bootstrap	1793.0
	-0.01496170462905777	SEQC	bootstrap	1794.0
	0.0643284411527354	SEQC	bootstrap	1795.0
	-0.036775698457172545	SEQC	bootstrap	1796.0
	0.23840036347914761	SEQC	bootstrap	1797.0
	0.412402449671883	SEQC	bootstrap	1798.0
	-0.007412639144403599	SEQC	bootstrap	1799.0
	-0.06344648629041494	SEQC	bootstrap	1800.0
	0.042999841001736705	SEQC	bootstrap	1801.0
	0.10481687451254906	SEQC	bootstrap	1802.0
	0.1586934398163562	SEQC	bootstrap	1803.0
	0.08808632052816812	SEQC	bootstrap	1804.0
	0.23065724578945712	SEQC	bootstrap	1805.0
	-0.06899606166457506	SEQC	bootstrap	1806.0
	0.13617035412126377	SEQC	bootstrap	1807.0
	0.3098399693200742	SEQC	bootstrap	1808.0
	0.09151425985916806	SEQC	bootstrap	1809.0
	0.24782269540244517	SEQC	bootstrap	1810.0
	0.18739220675773804	SEQC	bootstrap	1811.0
	0.12467562245513708	SEQC	bootstrap	1812.0
	0.1868145614552592	SEQC	bootstrap	1813.0
	-0.00034845304176833736	SEQC	bootstrap	1814.0
	-0.0010339051897227947	SEQC	bootstrap	1815.0
	0.05402517403011586	SEQC	bootstrap	1816.0
	0.078061949912553	SEQC	bootstrap	1817.0
	0.07763171394262613	SEQC	bootstrap	1818.0
	0.259027763190983	SEQC	bootstrap	1819.0
	0.08108371184962149	SEQC	bootstrap	1820.0
	0.18359359674296982	SEQC	bootstrap	1821.0
	0.024459382950793085	SEQC	bootstrap	1822.0
	0.28125819156368337	SEQC	bootstrap	1823.0
	0.13786177514670683	SEQC	bootstrap	1824.0
	0.35453591356287806	SEQC	bootstrap	1825.0
	0.09595646439336392	SEQC	bootstrap	1826.0
	0.2084086428867611	SEQC	bootstrap	1827.0
	0.23422122991016892	SEQC	bootstrap	1828.0
	0.238177978754174	SEQC	bootstrap	1829.0
	-0.12928664374079624	SEQC	bootstrap	1830.0
	0.11203716951254794	SEQC	bootstrap	1831.0
	0.10313768649985278	SEQC	bootstrap	1832.0
	0.03802057335858766	SEQC	bootstrap	1833.0
	0.21828372533304297	SEQC	bootstrap	1834.0
	-0.1744710040112114	SEQC	bootstrap	1835.0
	0.17463322897792732	SEQC	bootstrap	1836.0
	0.30639341736183745	SEQC	bootstrap	1837.0
	0.07344088578875674	SEQC	bootstrap	1838.0
	0.2436224377342402	SEQC	bootstrap	1839.0
	-0.0310592006345205	SEQC	bootstrap	1840.0
	0.24172692265736107	SEQC	bootstrap	1841.0
	0.12579309208501321	SEQC	bootstrap	1842.0
	0.052325153830995674	SEQC	bootstrap	1843.0
	0.18679790585723044	SEQC	bootstrap	1844.0
	0.0833360275110655	SEQC	bootstrap	1845.0
	-0.0020693629355204024	SEQC	bootstrap	1846.0
	-0.1970021507917279	SEQC	bootstrap	1847.0
	-0.09512822668451548	SEQC	bootstrap	1848.0
	0.07164531392381868	SEQC	bootstrap	1849.0
	0.0996580892809158	SEQC	bootstrap	1850.0
	0.04545059294712317	SEQC	bootstrap	1851.0
	0.034384215464856815	SEQC	bootstrap	1852.0
	0.24889815114239244	SEQC	bootstrap	1853.0
	0.0954987327164778	SEQC	bootstrap	1854.0
	0.20727331500784185	SEQC	bootstrap	1855.0
	0.2080267228312147	SEQC	bootstrap	1856.0
	0.09578333773774794	SEQC	bootstrap	1857.0
	0.19091320848734128	SEQC	bootstrap	1858.0
	-0.07649756098160143	SEQC	bootstrap	1859.0
	0.19282363253117296	SEQC	bootstrap	1860.0
	0.2651654354112072	SEQC	bootstrap	1861.0
	0.15889577596219517	SEQC	bootstrap	1862.0
	0.11478704881400503	SEQC	bootstrap	1863.0
	0.24319282888844906	SEQC	bootstrap	1864.0
	0.17608374602640708	SEQC	bootstrap	1865.0
	0.12959774725776008	SEQC	bootstrap	1866.0
	0.11878373185313151	SEQC	bootstrap	1867.0
	0.15716505922820634	SEQC	bootstrap	1868.0
	0.24339314388858035	SEQC	bootstrap	1869.0
	0.21671034247921028	SEQC	bootstrap	1870.0
	0.23967793338626286	SEQC	bootstrap	1871.0
	0.006330540512624161	SEQC	bootstrap	1872.0
	0.20425343837856857	SEQC	bootstrap	1873.0
	-0.044746872068907706	SEQC	bootstrap	1874.0
	0.004393489846283849	SEQC	bootstrap	1875.0
	-0.05102638994031583	SEQC	bootstrap	1876.0
	0.05625348877149783	SEQC	bootstrap	1877.0
	0.27610824642749066	SEQC	bootstrap	1878.0
	0.006260020475878925	SEQC	bootstrap	1879.0
	0.16339620894072215	SEQC	bootstrap	1880.0
	0.25471949468296096	SEQC	bootstrap	1881.0
	0.10965765186742171	SEQC	bootstrap	1882.0
	-0.12036691130160371	SEQC	bootstrap	1883.0
	0.08849016548003696	SEQC	bootstrap	1884.0
	0.20424142646271193	SEQC	bootstrap	1885.0
	0.12225661391781184	SEQC	bootstrap	1886.0
	0.1421583878219943	SEQC	bootstrap	1887.0
	0.2647754154853441	SEQC	bootstrap	1888.0
	0.16358718833113173	SEQC	bootstrap	1889.0
	0.10792806897741158	SEQC	bootstrap	1890.0
	0.15670866093635016	SEQC	bootstrap	1891.0
	0.32269001234720207	SEQC	bootstrap	1892.0
	0.17949932594689866	SEQC	bootstrap	1893.0
	0.026802606018240915	SEQC	bootstrap	1894.0
	0.16048875532496076	SEQC	bootstrap	1895.0
	0.22760523155475987	SEQC	bootstrap	1896.0
	0.2860230434337918	SEQC	bootstrap	1897.0
	-0.05416784095064653	SEQC	bootstrap	1898.0
	0.302412428611766	SEQC	bootstrap	1899.0
	0.14352463338445887	SEQC	bootstrap	1900.0
	0.2402042000775486	SEQC	bootstrap	1901.0
	-0.0001936006345220065	SEQC	bootstrap	1902.0
	0.11508073109620476	SEQC	bootstrap	1903.0
	0.11149437580836441	SEQC	bootstrap	1904.0
	0.2029408122637708	SEQC	bootstrap	1905.0
	0.2776479768745963	SEQC	bootstrap	1906.0
	0.28665032531585766	SEQC	bootstrap	1907.0
	0.33633600931765795	SEQC	bootstrap	1908.0
	0.003799202775884858	SEQC	bootstrap	1909.0
	-0.0974518071301329	SEQC	bootstrap	1910.0
	0.13466191736029476	SEQC	bootstrap	1911.0
	0.17583827027819954	SEQC	bootstrap	1912.0
	0.17242274629466614	SEQC	bootstrap	1913.0
	0.3676139094168054	SEQC	bootstrap	1914.0
	0.15850175170936787	SEQC	bootstrap	1915.0
	0.25183784518977603	SEQC	bootstrap	1916.0
	0.09375156962823539	SEQC	bootstrap	1917.0
	0.31226204168262317	SEQC	bootstrap	1918.0
	0.010946453161070124	SEQC	bootstrap	1919.0
	-0.06836995648295119	SEQC	bootstrap	1920.0
	0.14347996438705213	SEQC	bootstrap	1921.0
	0.19906102231425482	SEQC	bootstrap	1922.0
	0.011179045473225457	SEQC	bootstrap	1923.0
	0.21065013207966743	SEQC	bootstrap	1924.0
	0.11290266835371465	SEQC	bootstrap	1925.0
	-0.11288273809630844	SEQC	bootstrap	1926.0
	0.034687122669492254	SEQC	bootstrap	1927.0
	-8.496028048021742e-05	SEQC	bootstrap	1928.0
	0.02099435427284657	SEQC	bootstrap	1929.0
	-0.1325937702353679	SEQC	bootstrap	1930.0
	0.2434720722911905	SEQC	bootstrap	1931.0
	0.1372378202097977	SEQC	bootstrap	1932.0
	0.1162845783362938	SEQC	bootstrap	1933.0
	0.0011005013915479367	SEQC	bootstrap	1934.0
	-0.07796417247277532	SEQC	bootstrap	1935.0
	0.07404605426860655	SEQC	bootstrap	1936.0
	0.2497112316713057	SEQC	bootstrap	1937.0
	0.15708686194952381	SEQC	bootstrap	1938.0
	-0.043346437105292956	SEQC	bootstrap	1939.0
	-0.02414407864819257	SEQC	bootstrap	1940.0
	0.06382917955985956	SEQC	bootstrap	1941.0
	0.4352006356323166	SEQC	bootstrap	1942.0
	0.09352092535696066	SEQC	bootstrap	1943.0
	0.19949422577963816	SEQC	bootstrap	1944.0
	0.05518580357344316	SEQC	bootstrap	1945.0
	0.2755913442857061	SEQC	bootstrap	1946.0
	-0.0969238383022546	SEQC	bootstrap	1947.0
	0.13181620028431684	SEQC	bootstrap	1948.0
	0.15035977704895753	SEQC	bootstrap	1949.0
	0.14511966493669082	SEQC	bootstrap	1950.0
	0.08999901277966416	SEQC	bootstrap	1951.0
	-0.19846962333918405	SEQC	bootstrap	1952.0
	0.21722877922312644	SEQC	bootstrap	1953.0
	0.05578778488504721	SEQC	bootstrap	1954.0
	0.3469382364860456	SEQC	bootstrap	1955.0
	0.12937741576077677	SEQC	bootstrap	1956.0
	0.26109080502153503	SEQC	bootstrap	1957.0
	0.04552261697238258	SEQC	bootstrap	1958.0
	0.062413008551716054	SEQC	bootstrap	1959.0
	-0.08410437525582726	SEQC	bootstrap	1960.0
	0.3855891504730229	SEQC	bootstrap	1961.0
	0.00763620684067412	SEQC	bootstrap	1962.0
	-0.0677840753881247	SEQC	bootstrap	1963.0
	0.14066873554166204	SEQC	bootstrap	1964.0
	0.06538167696720176	SEQC	bootstrap	1965.0
	0.35028374471233015	SEQC	bootstrap	1966.0
	0.12352648889724538	SEQC	bootstrap	1967.0
	0.21530406311484018	SEQC	bootstrap	1968.0
	-0.01863163546269142	SEQC	bootstrap	1969.0
	0.11077279479783897	SEQC	bootstrap	1970.0
	0.26752024417537257	SEQC	bootstrap	1971.0
	0.10088897076826253	SEQC	bootstrap	1972.0
	0.24276280403130457	SEQC	bootstrap	1973.0
	0.08618995616991487	SEQC	bootstrap	1974.0
	0.005151680975336248	SEQC	bootstrap	1975.0
	0.24796412864732975	SEQC	bootstrap	1976.0
	0.06838812493807556	SEQC	bootstrap	1977.0
	0.1696596022049217	SEQC	bootstrap	1978.0
	0.3108651293138971	SEQC	bootstrap	1979.0
	-0.10574414750730732	SEQC	bootstrap	1980.0
	0.1920289864453304	SEQC	bootstrap	1981.0
	0.2499849735786226	SEQC	bootstrap	1982.0
	0.06573204029343582	SEQC	bootstrap	1983.0
	0.10917544899040532	SEQC	bootstrap	1984.0
	-0.05465541780190808	SEQC	bootstrap	1985.0
	0.04080494914598187	SEQC	bootstrap	1986.0
	0.1640083956347782	SEQC	bootstrap	1987.0
	0.2542737848366068	SEQC	bootstrap	1988.0
	0.07222563625786904	SEQC	bootstrap	1989.0
	0.022849056218820607	SEQC	bootstrap	1990.0
	-0.029827707874860998	SEQC	bootstrap	1991.0
	0.3797162082160721	SEQC	bootstrap	1992.0
	0.17753848999060384	SEQC	bootstrap	1993.0
	0.09473966806950784	SEQC	bootstrap	1994.0
	0.08926260453516566	SEQC	bootstrap	1995.0
	0.03541204265815345	SEQC	bootstrap	1996.0
	0.13331031960279383	SEQC	bootstrap	1997.0
	-0.007281073417615858	SEQC	bootstrap	1998.0
	0.13663571296391286	SEQC	bootstrap	1999.0
	0.18088772140236742	SEQC	bootstrap	2000.0
1.0	-0.11048323098115542	Kocak	permutation	
2.0	0.12309487314291356	Kocak	permutation	
3.0	-0.044000689649458025	Kocak	permutation	
4.0	0.015422748535409703	Kocak	permutation	
5.0	0.006515972795664737	Kocak	permutation	
6.0	-0.043551003192185966	Kocak	permutation	
7.0	0.27880942720692037	Kocak	permutation	
8.0	-0.07750892933650544	Kocak	permutation	
9.0	0.0811058409151757	Kocak	permutation	
10.0	0.026762987117916914	Kocak	permutation	
11.0	0.009171788489942934	Kocak	permutation	
12.0	-0.09893873595623948	Kocak	permutation	
13.0	0.020602816263233237	Kocak	permutation	
14.0	-0.02791366496425063	Kocak	permutation	
15.0	-0.04794713900618941	Kocak	permutation	
16.0	-0.12353085682731102	Kocak	permutation	
17.0	0.08394258231980434	Kocak	permutation	
18.0	-0.10804131634171199	Kocak	permutation	
19.0	-0.030581526625656608	Kocak	permutation	
20.0	0.021136643426352464	Kocak	permutation	
21.0	-0.04367219103708564	Kocak	permutation	
22.0	0.03226641951069009	Kocak	permutation	
23.0	0.13700896676471253	Kocak	permutation	
24.0	-0.020902404887136683	Kocak	permutation	
25.0	-0.09169876423318879	Kocak	permutation	
26.0	0.13587180756524297	Kocak	permutation	
27.0	0.04468098251547037	Kocak	permutation	
28.0	0.022819532871652726	Kocak	permutation	
29.0	0.09802972994777637	Kocak	permutation	
30.0	-0.016803268056677645	Kocak	permutation	
31.0	-0.1353377381001133	Kocak	permutation	
32.0	-0.1714509844607921	Kocak	permutation	
33.0	-0.03008706435236519	Kocak	permutation	
34.0	0.07387650772800036	Kocak	permutation	
35.0	0.19525379220577754	Kocak	permutation	
36.0	0.016110674341938136	Kocak	permutation	
37.0	0.06953433557426258	Kocak	permutation	
38.0	-0.07463425984494254	Kocak	permutation	
39.0	0.2271006539929683	Kocak	permutation	
40.0	-0.22023307320476082	Kocak	permutation	
41.0	-0.17189039070865775	Kocak	permutation	
42.0	0.052698418729677954	Kocak	permutation	
43.0	-0.05268448035432449	Kocak	permutation	
44.0	0.0875847720919598	Kocak	permutation	
45.0	0.282720413591087	Kocak	permutation	
46.0	0.09178022678129061	Kocak	permutation	
47.0	-0.005064678874894035	Kocak	permutation	
48.0	0.2485473217931391	Kocak	permutation	
49.0	0.21984482113822512	Kocak	permutation	
50.0	0.08105284730842133	Kocak	permutation	
51.0	-0.12425272331548776	Kocak	permutation	
52.0	-0.05538196584626931	Kocak	permutation	
53.0	-0.047307370804352544	Kocak	permutation	
54.0	0.1088356541550457	Kocak	permutation	
55.0	-0.20169302892302277	Kocak	permutation	
56.0	0.050345113571353295	Kocak	permutation	
57.0	0.08055176416307397	Kocak	permutation	
58.0	0.113336152390211	Kocak	permutation	
59.0	-0.11162711449767482	Kocak	permutation	
60.0	0.07912137836255884	Kocak	permutation	
61.0	0.006766933421015864	Kocak	permutation	
62.0	-0.015173041621559413	Kocak	permutation	
63.0	0.052701713138486816	Kocak	permutation	
64.0	-0.08581644620461581	Kocak	permutation	
65.0	0.23765067994941536	Kocak	permutation	
66.0	0.10212660772988347	Kocak	permutation	
67.0	0.002626641492873283	Kocak	permutation	
68.0	0.06867773706620639	Kocak	permutation	
69.0	-0.0900937056663178	Kocak	permutation	
70.0	-0.03759367746687303	Kocak	permutation	
71.0	-0.1614922361397655	Kocak	permutation	
72.0	-0.12293247094218795	Kocak	permutation	
73.0	0.11522880932846213	Kocak	permutation	
74.0	0.07743792289276552	Kocak	permutation	
75.0	-0.052422969777019546	Kocak	permutation	
76.0	0.2632878089638542	Kocak	permutation	
77.0	-0.1309111796626734	Kocak	permutation	
78.0	-0.00361911092959577	Kocak	permutation	
79.0	0.0395968864710472	Kocak	permutation	
80.0	-0.023069811340995727	Kocak	permutation	
81.0	0.13182368040827175	Kocak	permutation	
82.0	0.031446240465926145	Kocak	permutation	
83.0	0.18420567558423073	Kocak	permutation	
84.0	0.043806206610844	Kocak	permutation	
85.0	0.24642063841806117	Kocak	permutation	
86.0	0.10290331802588604	Kocak	permutation	
87.0	0.038044500754930155	Kocak	permutation	
88.0	0.13507929804207564	Kocak	permutation	
89.0	0.04432659506115311	Kocak	permutation	
90.0	-0.17661483404554978	Kocak	permutation	
91.0	-0.03212542818538733	Kocak	permutation	
92.0	0.08510861821738303	Kocak	permutation	
93.0	0.08628086467383689	Kocak	permutation	
94.0	0.01052073322915259	Kocak	permutation	
95.0	-0.030225725260463854	Kocak	permutation	
96.0	0.14061436017956108	Kocak	permutation	
97.0	0.12314589032919443	Kocak	permutation	
98.0	-0.10991476901910335	Kocak	permutation	
99.0	0.0010806982038467083	Kocak	permutation	
100.0	-0.06404645069566595	Kocak	permutation	
101.0	-0.039007374463531974	Kocak	permutation	
102.0	-0.07810999080167491	Kocak	permutation	
103.0	0.02251255109764916	Kocak	permutation	
104.0	0.135076997849378	Kocak	permutation	
105.0	-0.029192536645845202	Kocak	permutation	
106.0	0.19194361815168737	Kocak	permutation	
107.0	0.025339517627132047	Kocak	permutation	
108.0	-0.06882849817985814	Kocak	permutation	
109.0	-0.12666274732296223	Kocak	permutation	
110.0	-0.06895094228631216	Kocak	permutation	
111.0	-0.024009267710682458	Kocak	permutation	
112.0	0.028437324521510376	Kocak	permutation	
113.0	0.15164609646120297	Kocak	permutation	
114.0	-0.0708878875239094	Kocak	permutation	
115.0	-0.0632293921875009	Kocak	permutation	
116.0	-0.04203524242607859	Kocak	permutation	
117.0	0.07910600565903891	Kocak	permutation	
118.0	0.09628704848820568	Kocak	permutation	
119.0	-0.0019856500172803493	Kocak	permutation	
120.0	0.3583932577854547	Kocak	permutation	
121.0	-0.050068026866620485	Kocak	permutation	
122.0	-0.0755432889499188	Kocak	permutation	
123.0	-0.054262510559684785	Kocak	permutation	
124.0	0.07741785489224728	Kocak	permutation	
125.0	-0.14726001128956945	Kocak	permutation	
126.0	0.020225174883088393	Kocak	permutation	
127.0	0.0013666774213012545	Kocak	permutation	
128.0	-0.0108244482186306	Kocak	permutation	
129.0	-0.11903720047630273	Kocak	permutation	
130.0	0.04860406639421555	Kocak	permutation	
131.0	-0.06725965876501316	Kocak	permutation	
132.0	0.060146981779737096	Kocak	permutation	
133.0	0.10485883878826296	Kocak	permutation	
134.0	0.06639837943760618	Kocak	permutation	
135.0	-0.07229383843846993	Kocak	permutation	
136.0	-0.0283093032970978	Kocak	permutation	
137.0	-0.29354393720450034	Kocak	permutation	
138.0	-0.13161429339753017	Kocak	permutation	
139.0	0.00047886334932467634	Kocak	permutation	
140.0	-0.05283139653918667	Kocak	permutation	
141.0	0.06755142067158637	Kocak	permutation	
142.0	0.17616567138082573	Kocak	permutation	
143.0	0.04402168535192441	Kocak	permutation	
144.0	-0.04655717919218194	Kocak	permutation	
145.0	-0.18194628998894302	Kocak	permutation	
146.0	0.16205398258047943	Kocak	permutation	
147.0	-0.056623641942368685	Kocak	permutation	
148.0	0.14751852328159565	Kocak	permutation	
149.0	0.18697410618528743	Kocak	permutation	
150.0	-0.04839059142341018	Kocak	permutation	
151.0	-0.09765259465906517	Kocak	permutation	
152.0	0.0511536941507611	Kocak	permutation	
153.0	-0.08634531282986657	Kocak	permutation	
154.0	-0.12435239822959154	Kocak	permutation	
155.0	0.0594861184069293	Kocak	permutation	
156.0	-0.06552575766717261	Kocak	permutation	
157.0	0.10702999493119325	Kocak	permutation	
158.0	0.00719475893009669	Kocak	permutation	
159.0	0.015105691903119833	Kocak	permutation	
160.0	0.06497561519687967	Kocak	permutation	
161.0	-0.11847271116299485	Kocak	permutation	
162.0	0.05929027181644386	Kocak	permutation	
163.0	0.22773686417143324	Kocak	permutation	
164.0	-0.08924377733865985	Kocak	permutation	
165.0	0.08864039280906777	Kocak	permutation	
166.0	0.036774038033113854	Kocak	permutation	
167.0	-0.07570503932590533	Kocak	permutation	
168.0	0.04893368579763813	Kocak	permutation	
169.0	-0.051939549929509	Kocak	permutation	
170.0	-0.17013429760375942	Kocak	permutation	
171.0	-0.03786747339196328	Kocak	permutation	
172.0	-0.04629306209385131	Kocak	permutation	
173.0	0.0010508276402916295	Kocak	permutation	
174.0	-0.0025144373417953503	Kocak	permutation	
175.0	-0.03684350738411535	Kocak	permutation	
176.0	-0.007379144533824267	Kocak	permutation	
177.0	0.10029641571014025	Kocak	permutation	
178.0	-0.14994800703246547	Kocak	permutation	
179.0	0.0952962236921433	Kocak	permutation	
180.0	-0.10097609766914317	Kocak	permutation	
181.0	-0.009456557092176077	Kocak	permutation	
182.0	0.12844905857452815	Kocak	permutation	
183.0	0.17569157362155696	Kocak	permutation	
184.0	0.025588576502749483	Kocak	permutation	
185.0	-0.01421229249823952	Kocak	permutation	
186.0	0.10084124343945611	Kocak	permutation	
187.0	-0.025844228657882162	Kocak	permutation	
188.0	-0.016225324228911653	Kocak	permutation	
189.0	-0.04958404904092628	Kocak	permutation	
190.0	-0.02808639631273202	Kocak	permutation	
191.0	0.07182239118458345	Kocak	permutation	
192.0	-0.17145534429818632	Kocak	permutation	
193.0	-0.01892381351605721	Kocak	permutation	
194.0	-0.10410426423269659	Kocak	permutation	
195.0	0.11927848364599214	Kocak	permutation	
196.0	0.06510124008935403	Kocak	permutation	
197.0	0.11157266503187202	Kocak	permutation	
198.0	0.29126206603643645	Kocak	permutation	
199.0	0.0021196272294696783	Kocak	permutation	
200.0	0.09072463041527357	Kocak	permutation	
201.0	0.11646160822869156	Kocak	permutation	
202.0	0.03049326952867748	Kocak	permutation	
203.0	0.1576157179010771	Kocak	permutation	
204.0	0.030269638460446835	Kocak	permutation	
205.0	0.042366644302760825	Kocak	permutation	
206.0	0.06894991936023853	Kocak	permutation	
207.0	0.07988182904920471	Kocak	permutation	
208.0	-0.030225689529675748	Kocak	permutation	
209.0	-0.16182694931474462	Kocak	permutation	
210.0	-0.08813003452052204	Kocak	permutation	
211.0	0.05733242748091705	Kocak	permutation	
212.0	-0.12888582456204656	Kocak	permutation	
213.0	-0.0324941588760046	Kocak	permutation	
214.0	0.06702740848073319	Kocak	permutation	
215.0	0.11569457269991812	Kocak	permutation	
216.0	0.25778651757323345	Kocak	permutation	
217.0	-0.12045301214148463	Kocak	permutation	
218.0	-0.08147425342767534	Kocak	permutation	
219.0	-0.04033116458823116	Kocak	permutation	
220.0	0.11080923643851737	Kocak	permutation	
221.0	-0.10573038739693619	Kocak	permutation	
222.0	0.06571144482162516	Kocak	permutation	
223.0	-0.12620154310616893	Kocak	permutation	
224.0	-0.08248814056513076	Kocak	permutation	
225.0	0.06252021679412323	Kocak	permutation	
226.0	0.09675027723226126	Kocak	permutation	
227.0	0.062084224934094046	Kocak	permutation	
228.0	0.03064286632001778	Kocak	permutation	
229.0	0.014106979710978962	Kocak	permutation	
230.0	0.1508760457160756	Kocak	permutation	
231.0	0.09569612530450833	Kocak	permutation	
232.0	0.007031892941652629	Kocak	permutation	
233.0	-0.02118574353998337	Kocak	permutation	
234.0	-0.1416670501662889	Kocak	permutation	
235.0	0.11346248041264495	Kocak	permutation	
236.0	0.021249339936801448	Kocak	permutation	
237.0	-0.029254737142862197	Kocak	permutation	
238.0	0.21659392690606882	Kocak	permutation	
239.0	-0.18068253202791063	Kocak	permutation	
240.0	-0.027285892802922262	Kocak	permutation	
241.0	-0.06927044375026892	Kocak	permutation	
242.0	-0.07744907472234974	Kocak	permutation	
243.0	-0.023483655955397253	Kocak	permutation	
244.0	-0.043845163500323636	Kocak	permutation	
245.0	0.07633290629618905	Kocak	permutation	
246.0	0.20833283761964694	Kocak	permutation	
247.0	0.0966798263088755	Kocak	permutation	
248.0	-0.031399256618986904	Kocak	permutation	
249.0	-0.017208538211760604	Kocak	permutation	
250.0	-0.030039844017857753	Kocak	permutation	
251.0	0.0955591145011736	Kocak	permutation	
252.0	0.07296655313195366	Kocak	permutation	
253.0	-0.10652169486204777	Kocak	permutation	
254.0	-0.06922160909455233	Kocak	permutation	
255.0	-0.024064584809597278	Kocak	permutation	
256.0	-0.07026790434174224	Kocak	permutation	
257.0	0.02035425530032242	Kocak	permutation	
258.0	-0.1929965075196094	Kocak	permutation	
259.0	0.11010916178538466	Kocak	permutation	
260.0	0.05646431521903139	Kocak	permutation	
261.0	-0.015957629212577373	Kocak	permutation	
262.0	0.018921162125075774	Kocak	permutation	
263.0	0.011088188785667086	Kocak	permutation	
264.0	-0.22195444603423198	Kocak	permutation	
265.0	-0.12731370170796463	Kocak	permutation	
266.0	0.02043579375909399	Kocak	permutation	
267.0	0.05786309127418665	Kocak	permutation	
268.0	0.12613447340815664	Kocak	permutation	
269.0	-0.031343865040376784	Kocak	permutation	
270.0	-0.032189400610980634	Kocak	permutation	
271.0	-0.06632738802414906	Kocak	permutation	
272.0	0.14838281030240985	Kocak	permutation	
273.0	0.06779532188821236	Kocak	permutation	
274.0	-0.09061322391618187	Kocak	permutation	
275.0	0.1817227160035202	Kocak	permutation	
276.0	0.13860893291081755	Kocak	permutation	
277.0	0.1820064807834072	Kocak	permutation	
278.0	-0.1588036823016301	Kocak	permutation	
279.0	0.17042612314140726	Kocak	permutation	
280.0	0.2134891854691654	Kocak	permutation	
281.0	-0.15537181343442974	Kocak	permutation	
282.0	-0.12942187513313907	Kocak	permutation	
283.0	-0.22598704119542123	Kocak	permutation	
284.0	-0.036637995537910584	Kocak	permutation	
285.0	-0.01739974546951295	Kocak	permutation	
286.0	0.18543445906249723	Kocak	permutation	
287.0	0.1925033535092906	Kocak	permutation	
288.0	-0.020085952972010546	Kocak	permutation	
289.0	-0.07371930801504956	Kocak	permutation	
290.0	0.070432257494085	Kocak	permutation	
291.0	0.11959934478000722	Kocak	permutation	
292.0	-0.1745575495294407	Kocak	permutation	
293.0	0.27153291857973816	Kocak	permutation	
294.0	-0.2851021010285182	Kocak	permutation	
295.0	0.024016820717646326	Kocak	permutation	
296.0	-0.003074567971617981	Kocak	permutation	
297.0	0.12688229842073984	Kocak	permutation	
298.0	-0.050659136588037335	Kocak	permutation	
299.0	0.06654357956986345	Kocak	permutation	
300.0	0.01088971507887404	Kocak	permutation	
301.0	-0.03068593170487599	Kocak	permutation	
302.0	0.03234644792215757	Kocak	permutation	
303.0	0.14819728751253614	Kocak	permutation	
304.0	0.015820811635554932	Kocak	permutation	
305.0	0.17677834566077966	Kocak	permutation	
306.0	-0.026384883280541338	Kocak	permutation	
307.0	0.13191693325591825	Kocak	permutation	
308.0	-0.030248204146993807	Kocak	permutation	
309.0	0.00928074522076816	Kocak	permutation	
310.0	0.15612255049074442	Kocak	permutation	
311.0	-0.22355494600605663	Kocak	permutation	
312.0	0.21750985574688286	Kocak	permutation	
313.0	0.0873025431534824	Kocak	permutation	
314.0	0.14415932555733768	Kocak	permutation	
315.0	-0.06741892116990478	Kocak	permutation	
316.0	0.11993040332036298	Kocak	permutation	
317.0	0.07821041074324331	Kocak	permutation	
318.0	0.12262860201068992	Kocak	permutation	
319.0	0.10193153419871237	Kocak	permutation	
320.0	0.2224299771017213	Kocak	permutation	
321.0	0.03313829807033564	Kocak	permutation	
322.0	0.04922829480019075	Kocak	permutation	
323.0	0.010823400248625603	Kocak	permutation	
324.0	0.0673318388003663	Kocak	permutation	
325.0	-0.006010137900691603	Kocak	permutation	
326.0	-0.024032836896271448	Kocak	permutation	
327.0	-0.2910770571303267	Kocak	permutation	
328.0	0.28879141111237683	Kocak	permutation	
329.0	0.06166165992429207	Kocak	permutation	
330.0	-0.152649916486026	Kocak	permutation	
331.0	-0.17779332462032738	Kocak	permutation	
332.0	0.004401226898156807	Kocak	permutation	
333.0	-0.14383927247544914	Kocak	permutation	
334.0	0.09217658697845543	Kocak	permutation	
335.0	0.08240944600242273	Kocak	permutation	
336.0	0.05083510544975045	Kocak	permutation	
337.0	-0.05188213434493605	Kocak	permutation	
338.0	0.06939027534627318	Kocak	permutation	
339.0	0.032979672496071366	Kocak	permutation	
340.0	0.029966485250114694	Kocak	permutation	
341.0	-0.04303865246145833	Kocak	permutation	
342.0	-0.04004149550743907	Kocak	permutation	
343.0	-0.031792467007630165	Kocak	permutation	
344.0	0.020011233687412755	Kocak	permutation	
345.0	0.04389914612639423	Kocak	permutation	
346.0	0.08351122509367404	Kocak	permutation	
347.0	-0.06890134305737039	Kocak	permutation	
348.0	-0.12382041197552152	Kocak	permutation	
349.0	0.08808154698093684	Kocak	permutation	
350.0	-0.007893728725745675	Kocak	permutation	
351.0	0.04328826921506579	Kocak	permutation	
352.0	0.05640586967204886	Kocak	permutation	
353.0	0.11160730549192976	Kocak	permutation	
354.0	0.0597739801725643	Kocak	permutation	
355.0	-0.0921678054082884	Kocak	permutation	
356.0	-0.02532391798319722	Kocak	permutation	
357.0	0.07027565025201366	Kocak	permutation	
358.0	-0.0062099870266729695	Kocak	permutation	
359.0	-0.10417055877298331	Kocak	permutation	
360.0	0.1524833231663436	Kocak	permutation	
361.0	-0.01668040218056621	Kocak	permutation	
362.0	-0.06990846332261125	Kocak	permutation	
363.0	0.15612380205916399	Kocak	permutation	
364.0	0.12212889387981996	Kocak	permutation	
365.0	-0.08055849447256058	Kocak	permutation	
366.0	0.2190706115016301	Kocak	permutation	
367.0	-0.16474975308063744	Kocak	permutation	
368.0	0.0010192298342550643	Kocak	permutation	
369.0	0.04044621574288065	Kocak	permutation	
370.0	0.010272421431753997	Kocak	permutation	
371.0	0.03937518678341334	Kocak	permutation	
372.0	0.1083012511690864	Kocak	permutation	
373.0	-0.06735460843379215	Kocak	permutation	
374.0	-0.15877847798623623	Kocak	permutation	
375.0	-0.12597440118852976	Kocak	permutation	
376.0	-0.06012315143735325	Kocak	permutation	
377.0	0.022223577095263458	Kocak	permutation	
378.0	-0.03415965404130894	Kocak	permutation	
379.0	-0.020018838608395484	Kocak	permutation	
380.0	0.10338352789220462	Kocak	permutation	
381.0	0.19225964653575556	Kocak	permutation	
382.0	-0.012813912550908135	Kocak	permutation	
383.0	-0.023932381651832202	Kocak	permutation	
384.0	0.06341417621911116	Kocak	permutation	
385.0	-0.0009480896534919125	Kocak	permutation	
386.0	0.05903215211538182	Kocak	permutation	
387.0	-0.12980012991526113	Kocak	permutation	
388.0	-0.06185764914797076	Kocak	permutation	
389.0	0.038705029923812084	Kocak	permutation	
390.0	0.18318458144887995	Kocak	permutation	
391.0	-0.014974115237643915	Kocak	permutation	
392.0	-0.05758129601951101	Kocak	permutation	
393.0	0.07794038706036144	Kocak	permutation	
394.0	-0.04073623418564143	Kocak	permutation	
395.0	-0.039919180008453736	Kocak	permutation	
396.0	-0.1960474096117215	Kocak	permutation	
397.0	0.08205760394978245	Kocak	permutation	
398.0	0.10369795365553092	Kocak	permutation	
399.0	-0.06257230372871803	Kocak	permutation	
400.0	0.01184420496642069	Kocak	permutation	
401.0	-0.0019158354344188666	Kocak	permutation	
402.0	0.005591329524054167	Kocak	permutation	
403.0	-0.0807737272268465	Kocak	permutation	
404.0	0.16771421912625062	Kocak	permutation	
405.0	0.16960732476459306	Kocak	permutation	
406.0	0.0313222540864162	Kocak	permutation	
407.0	-0.02219336414433304	Kocak	permutation	
408.0	0.15311103491868572	Kocak	permutation	
409.0	0.1909260910433952	Kocak	permutation	
410.0	-0.06262458130079462	Kocak	permutation	
411.0	0.22364591709277537	Kocak	permutation	
412.0	-0.12281448497230585	Kocak	permutation	
413.0	0.06805860135048913	Kocak	permutation	
414.0	-0.021289492550214284	Kocak	permutation	
415.0	-0.15672757884122834	Kocak	permutation	
416.0	-0.05850880902393474	Kocak	permutation	
417.0	-0.1388254558243185	Kocak	permutation	
418.0	0.03427537476882936	Kocak	permutation	
419.0	-0.059970046676992794	Kocak	permutation	
420.0	-0.11353622819116627	Kocak	permutation	
421.0	0.16341010133427414	Kocak	permutation	
422.0	0.11930227487911349	Kocak	permutation	
423.0	0.012668105883223646	Kocak	permutation	
424.0	0.02178040092727862	Kocak	permutation	
425.0	-0.025687874225766905	Kocak	permutation	
426.0	0.21373780787711816	Kocak	permutation	
427.0	-0.1042737699243137	Kocak	permutation	
428.0	0.13656159613936136	Kocak	permutation	
429.0	0.193621244220461	Kocak	permutation	
430.0	-0.06154168736337873	Kocak	permutation	
431.0	0.12533736562501296	Kocak	permutation	
432.0	-0.17249056483913616	Kocak	permutation	
433.0	-0.002188728695711184	Kocak	permutation	
434.0	0.033259483720356364	Kocak	permutation	
435.0	-0.03678936491212159	Kocak	permutation	
436.0	0.15964566290263704	Kocak	permutation	
437.0	0.18414777633772417	Kocak	permutation	
438.0	0.1127056003646727	Kocak	permutation	
439.0	-0.026852038987100535	Kocak	permutation	
440.0	-0.05880523516233005	Kocak	permutation	
441.0	-0.10814434297840325	Kocak	permutation	
442.0	-0.07810586089859761	Kocak	permutation	
443.0	-0.08849805122467469	Kocak	permutation	
444.0	-0.10806158152114431	Kocak	permutation	
445.0	0.2907848815166245	Kocak	permutation	
446.0	-0.04770160444628857	Kocak	permutation	
447.0	0.1203200432268341	Kocak	permutation	
448.0	-0.01945367382004992	Kocak	permutation	
449.0	0.08907147587269737	Kocak	permutation	
450.0	-0.023327345873106253	Kocak	permutation	
451.0	-0.030176376847147246	Kocak	permutation	
452.0	0.012998643980446367	Kocak	permutation	
453.0	0.014556165416957256	Kocak	permutation	
454.0	0.05440264158169761	Kocak	permutation	
455.0	0.23825376497964257	Kocak	permutation	
456.0	-0.036344259304867066	Kocak	permutation	
457.0	-0.0018670838209242646	Kocak	permutation	
458.0	-0.0772202593491782	Kocak	permutation	
459.0	-0.009417338197128089	Kocak	permutation	
460.0	0.1458787064383067	Kocak	permutation	
461.0	-0.08852208867014966	Kocak	permutation	
462.0	0.01517637007738415	Kocak	permutation	
463.0	-0.03618942780138035	Kocak	permutation	
464.0	0.1174931654877236	Kocak	permutation	
465.0	0.10302666211011058	Kocak	permutation	
466.0	0.022264134790761503	Kocak	permutation	
467.0	-0.005652405670929284	Kocak	permutation	
468.0	-0.09351225736001467	Kocak	permutation	
469.0	-0.011448461056171588	Kocak	permutation	
470.0	-0.09804155674931092	Kocak	permutation	
471.0	0.06064861631806728	Kocak	permutation	
472.0	0.053444648247199744	Kocak	permutation	
473.0	-0.031336556737449506	Kocak	permutation	
474.0	0.20953019254692418	Kocak	permutation	
475.0	0.2834544554993004	Kocak	permutation	
476.0	0.2284594303779901	Kocak	permutation	
477.0	0.15434306154969502	Kocak	permutation	
478.0	-0.08585885501323975	Kocak	permutation	
479.0	0.15108617743887454	Kocak	permutation	
480.0	-0.13316678347727695	Kocak	permutation	
481.0	0.03285937690057761	Kocak	permutation	
482.0	-0.07332384193356933	Kocak	permutation	
483.0	0.01881747742154527	Kocak	permutation	
484.0	0.04198928352006259	Kocak	permutation	
485.0	-0.01728682256769698	Kocak	permutation	
486.0	-0.17110248952054796	Kocak	permutation	
487.0	-0.015581860430462058	Kocak	permutation	
488.0	-0.03287402608741541	Kocak	permutation	
489.0	-0.023222461086112922	Kocak	permutation	
490.0	0.031357437169711844	Kocak	permutation	
491.0	-0.01412054518431649	Kocak	permutation	
492.0	0.15417317223774152	Kocak	permutation	
493.0	0.17187443303218153	Kocak	permutation	
494.0	-0.11154688468433882	Kocak	permutation	
495.0	0.044987977092654674	Kocak	permutation	
496.0	-0.11121791946615467	Kocak	permutation	
497.0	0.3040728397237986	Kocak	permutation	
498.0	-0.17531352971139214	Kocak	permutation	
499.0	0.16295515317029707	Kocak	permutation	
500.0	0.033220282809589996	Kocak	permutation	
501.0	-0.058593706137132884	Kocak	permutation	
502.0	-0.24302901377052333	Kocak	permutation	
503.0	-0.03066685129674429	Kocak	permutation	
504.0	0.09440924855788335	Kocak	permutation	
505.0	0.07254186039021704	Kocak	permutation	
506.0	0.005308429248477076	Kocak	permutation	
507.0	-0.08181714618550195	Kocak	permutation	
508.0	0.026811779363346666	Kocak	permutation	
509.0	0.06805583748679478	Kocak	permutation	
510.0	-0.25716910910909796	Kocak	permutation	
511.0	0.02059696008885492	Kocak	permutation	
512.0	0.13492273811649547	Kocak	permutation	
513.0	0.022451904301048486	Kocak	permutation	
514.0	-0.2144371448899811	Kocak	permutation	
515.0	-0.20559156609527918	Kocak	permutation	
516.0	-0.034941804998560144	Kocak	permutation	
517.0	-0.19125372485082526	Kocak	permutation	
518.0	0.12416104690772034	Kocak	permutation	
519.0	-0.069140390191051	Kocak	permutation	
520.0	-0.00019116140922825764	Kocak	permutation	
521.0	0.025182249050850203	Kocak	permutation	
522.0	-0.17544677790665908	Kocak	permutation	
523.0	-0.13050155946832565	Kocak	permutation	
524.0	-0.0938113067073072	Kocak	permutation	
525.0	0.21394416409199213	Kocak	permutation	
526.0	-0.008968643494572603	Kocak	permutation	
527.0	-0.21273082981713376	Kocak	permutation	
528.0	0.06627258766349087	Kocak	permutation	
529.0	0.06944380406207262	Kocak	permutation	
530.0	-0.051324444329411634	Kocak	permutation	
531.0	0.06805194656708569	Kocak	permutation	
532.0	-0.07127926371561966	Kocak	permutation	
533.0	0.0347450069241626	Kocak	permutation	
534.0	-0.0407155187535011	Kocak	permutation	
535.0	-0.035901733017396076	Kocak	permutation	
536.0	-0.1751778450060204	Kocak	permutation	
537.0	-0.15890092090281094	Kocak	permutation	
538.0	0.154521858020237	Kocak	permutation	
539.0	0.2183103010606562	Kocak	permutation	
540.0	0.0906048527799328	Kocak	permutation	
541.0	-0.0431143089804813	Kocak	permutation	
542.0	-0.14706574934269412	Kocak	permutation	
543.0	0.03533298952708641	Kocak	permutation	
544.0	0.16485597786387807	Kocak	permutation	
545.0	-0.1270264529758256	Kocak	permutation	
546.0	0.0017893682328500304	Kocak	permutation	
547.0	0.004245815174696688	Kocak	permutation	
548.0	0.03485151894008798	Kocak	permutation	
549.0	0.07695796000051391	Kocak	permutation	
550.0	-0.1651199678895372	Kocak	permutation	
551.0	0.0979906268803008	Kocak	permutation	
552.0	0.10557132972538064	Kocak	permutation	
553.0	-0.04210571972976762	Kocak	permutation	
554.0	0.12685971700074905	Kocak	permutation	
555.0	0.0750053253208911	Kocak	permutation	
556.0	0.10213072662373524	Kocak	permutation	
557.0	-0.012086943277426876	Kocak	permutation	
558.0	0.13629186419765738	Kocak	permutation	
559.0	0.22770245064154615	Kocak	permutation	
560.0	0.06411372121733105	Kocak	permutation	
561.0	-0.21521322557818134	Kocak	permutation	
562.0	-0.20881371871859056	Kocak	permutation	
563.0	-0.035796694749741675	Kocak	permutation	
564.0	0.007088579233949233	Kocak	permutation	
565.0	-0.14295354613981814	Kocak	permutation	
566.0	-0.06746840565423895	Kocak	permutation	
567.0	-0.020622308391889277	Kocak	permutation	
568.0	-0.08937651614976794	Kocak	permutation	
569.0	0.05623915198776608	Kocak	permutation	
570.0	-0.13282951588846537	Kocak	permutation	
571.0	-0.1257899480476512	Kocak	permutation	
572.0	-0.06278931952274736	Kocak	permutation	
573.0	-0.07317972546031992	Kocak	permutation	
574.0	0.08328691293372348	Kocak	permutation	
575.0	0.03698640582560042	Kocak	permutation	
576.0	-0.11632266569666339	Kocak	permutation	
577.0	-0.07030515710235186	Kocak	permutation	
578.0	-0.13063786916275166	Kocak	permutation	
579.0	-0.007239714773002781	Kocak	permutation	
580.0	0.04210443648486084	Kocak	permutation	
581.0	-0.15035980145279204	Kocak	permutation	
582.0	-0.04714080705328705	Kocak	permutation	
583.0	-0.2265284682565074	Kocak	permutation	
584.0	0.029593398968530416	Kocak	permutation	
585.0	-0.04767489139209413	Kocak	permutation	
586.0	0.1166022020070816	Kocak	permutation	
587.0	-0.17092164415688416	Kocak	permutation	
588.0	-0.29626980692035154	Kocak	permutation	
589.0	-0.05138952495298277	Kocak	permutation	
590.0	0.04777794674194347	Kocak	permutation	
591.0	0.20810484097338477	Kocak	permutation	
592.0	-0.13380945273257794	Kocak	permutation	
593.0	-0.17919711763811907	Kocak	permutation	
594.0	-0.004152560913739833	Kocak	permutation	
595.0	0.18221927453572295	Kocak	permutation	
596.0	0.06832085811596489	Kocak	permutation	
597.0	-0.0041844549582625845	Kocak	permutation	
598.0	-0.15209152714007423	Kocak	permutation	
599.0	0.08131101698847676	Kocak	permutation	
600.0	0.16877073698770495	Kocak	permutation	
601.0	-0.1297065715425898	Kocak	permutation	
602.0	0.12048937928398562	Kocak	permutation	
603.0	-0.07763970488830552	Kocak	permutation	
604.0	0.029002936503723653	Kocak	permutation	
605.0	-0.08449598926170676	Kocak	permutation	
606.0	0.18789794069195054	Kocak	permutation	
607.0	0.06304757026716779	Kocak	permutation	
608.0	-0.22745502769424064	Kocak	permutation	
609.0	-0.1362066387482237	Kocak	permutation	
610.0	-0.22368192988417945	Kocak	permutation	
611.0	0.19369623857527074	Kocak	permutation	
612.0	0.08255038320897601	Kocak	permutation	
613.0	-0.12614182251466666	Kocak	permutation	
614.0	0.017724157771503712	Kocak	permutation	
615.0	-0.1411141537591245	Kocak	permutation	
616.0	0.03894070706881614	Kocak	permutation	
617.0	0.01604784068804399	Kocak	permutation	
618.0	0.0845146269560928	Kocak	permutation	
619.0	-0.04676573300009501	Kocak	permutation	
620.0	0.2156478732037499	Kocak	permutation	
621.0	0.22936001935410832	Kocak	permutation	
622.0	-0.06044740961117867	Kocak	permutation	
623.0	0.011678357245102688	Kocak	permutation	
624.0	0.007664362081775344	Kocak	permutation	
625.0	0.12850504398139506	Kocak	permutation	
626.0	-0.031122208111946215	Kocak	permutation	
627.0	-0.0948621353561041	Kocak	permutation	
628.0	0.06168797810382909	Kocak	permutation	
629.0	0.06010572913635759	Kocak	permutation	
630.0	0.16428653582864694	Kocak	permutation	
631.0	0.118062121961505	Kocak	permutation	
632.0	0.1190347271578629	Kocak	permutation	
633.0	-0.039471758328609496	Kocak	permutation	
634.0	0.19245577075027853	Kocak	permutation	
635.0	0.1564324470823344	Kocak	permutation	
636.0	-0.11344036678743397	Kocak	permutation	
637.0	0.1534920461534215	Kocak	permutation	
638.0	0.025102491342836153	Kocak	permutation	
639.0	-0.07215605625426225	Kocak	permutation	
640.0	-0.019022306049547133	Kocak	permutation	
641.0	0.05995436623547956	Kocak	permutation	
642.0	0.02780557924669136	Kocak	permutation	
643.0	-0.029935452104692395	Kocak	permutation	
644.0	0.07500555566973066	Kocak	permutation	
645.0	0.14466771425748348	Kocak	permutation	
646.0	-0.07825245801305236	Kocak	permutation	
647.0	0.07025836105453376	Kocak	permutation	
648.0	0.0687506153107531	Kocak	permutation	
649.0	-0.16154178074905357	Kocak	permutation	
650.0	0.06017733224187882	Kocak	permutation	
651.0	0.012990188508274159	Kocak	permutation	
652.0	0.1529220659239705	Kocak	permutation	
653.0	-0.0836734608902665	Kocak	permutation	
654.0	-0.03685844127280369	Kocak	permutation	
655.0	0.12672389396564032	Kocak	permutation	
656.0	-0.11981584828215386	Kocak	permutation	
657.0	-0.14960036389650355	Kocak	permutation	
658.0	0.1073486987588419	Kocak	permutation	
659.0	0.05517443077204742	Kocak	permutation	
660.0	-0.042775488072319234	Kocak	permutation	
661.0	0.07933727474119134	Kocak	permutation	
662.0	-0.10234118977274331	Kocak	permutation	
663.0	0.1767085886891584	Kocak	permutation	
664.0	-0.14161800923597756	Kocak	permutation	
665.0	-0.14102977788993698	Kocak	permutation	
666.0	-0.17323535717085203	Kocak	permutation	
667.0	0.020670554380953554	Kocak	permutation	
668.0	0.07774010228958605	Kocak	permutation	
669.0	0.13930986155188751	Kocak	permutation	
670.0	-0.14534510439754822	Kocak	permutation	
671.0	-0.050049217234080956	Kocak	permutation	
672.0	0.2083791954534986	Kocak	permutation	
673.0	0.1077448724066219	Kocak	permutation	
674.0	-0.09305327170153088	Kocak	permutation	
675.0	-0.10432331752896218	Kocak	permutation	
676.0	-0.011453971594955092	Kocak	permutation	
677.0	-0.15688529243521288	Kocak	permutation	
678.0	0.09578606745916751	Kocak	permutation	
679.0	0.09069709612629495	Kocak	permutation	
680.0	-0.019062902153039296	Kocak	permutation	
681.0	-0.07535602404285857	Kocak	permutation	
682.0	-0.004256433128151826	Kocak	permutation	
683.0	0.08035084647744295	Kocak	permutation	
684.0	-0.06875799169948582	Kocak	permutation	
685.0	0.10131984857922394	Kocak	permutation	
686.0	-0.07389704127995955	Kocak	permutation	
687.0	-0.15074991934474458	Kocak	permutation	
688.0	-0.018496379802165563	Kocak	permutation	
689.0	0.03431437326305442	Kocak	permutation	
690.0	0.009948264670079254	Kocak	permutation	
691.0	-0.1235506395421293	Kocak	permutation	
692.0	-0.04316213411988912	Kocak	permutation	
693.0	0.02248326405061718	Kocak	permutation	
694.0	-0.004411690542807101	Kocak	permutation	
695.0	-0.14378694462851094	Kocak	permutation	
696.0	0.08459129203521343	Kocak	permutation	
697.0	0.06395809941145547	Kocak	permutation	
698.0	-0.1478611859248229	Kocak	permutation	
699.0	0.07409845658381631	Kocak	permutation	
700.0	-0.08652195583047728	Kocak	permutation	
701.0	0.035886259205073934	Kocak	permutation	
702.0	0.09901852734150474	Kocak	permutation	
703.0	0.17216542613333363	Kocak	permutation	
704.0	-0.013537410428668295	Kocak	permutation	
705.0	0.06700917178403021	Kocak	permutation	
706.0	-0.05556889007754773	Kocak	permutation	
707.0	-0.08455122732974552	Kocak	permutation	
708.0	0.06492042734702697	Kocak	permutation	
709.0	-0.033943669372660246	Kocak	permutation	
710.0	0.22061160645080413	Kocak	permutation	
711.0	0.08187121184999491	Kocak	permutation	
712.0	-0.12931214875851005	Kocak	permutation	
713.0	0.14533001619062436	Kocak	permutation	
714.0	0.013216581239904102	Kocak	permutation	
715.0	-0.007957666229671645	Kocak	permutation	
716.0	0.3448007589919051	Kocak	permutation	
717.0	0.2609622997258736	Kocak	permutation	
718.0	0.18890197796274943	Kocak	permutation	
719.0	0.09130331244025314	Kocak	permutation	
720.0	-0.11249061031297458	Kocak	permutation	
721.0	-0.05394616168579347	Kocak	permutation	
722.0	0.03730529855527287	Kocak	permutation	
723.0	0.018350242759257895	Kocak	permutation	
724.0	-0.18406653113741722	Kocak	permutation	
725.0	-0.08280863951013817	Kocak	permutation	
726.0	-0.024722707662341747	Kocak	permutation	
727.0	0.03583094176803314	Kocak	permutation	
728.0	0.1613589519912777	Kocak	permutation	
729.0	0.1468670030767596	Kocak	permutation	
730.0	-0.00778559685242719	Kocak	permutation	
731.0	0.008102576716295218	Kocak	permutation	
732.0	0.18258362889479418	Kocak	permutation	
733.0	0.184776360379737	Kocak	permutation	
734.0	0.005540843272441975	Kocak	permutation	
735.0	0.019635265133294055	Kocak	permutation	
736.0	-0.05795234844511121	Kocak	permutation	
737.0	-0.11100512536806217	Kocak	permutation	
738.0	0.1239950886383614	Kocak	permutation	
739.0	-0.10395757328900856	Kocak	permutation	
740.0	-0.1005646017819064	Kocak	permutation	
741.0	-0.1174676912706012	Kocak	permutation	
742.0	0.057215663247270676	Kocak	permutation	
743.0	0.002449610531334301	Kocak	permutation	
744.0	0.11544882956548275	Kocak	permutation	
745.0	0.09693918913889465	Kocak	permutation	
746.0	0.19356342465517962	Kocak	permutation	
747.0	-0.025822533815358817	Kocak	permutation	
748.0	-0.19078323813505538	Kocak	permutation	
749.0	0.07789941834070824	Kocak	permutation	
750.0	0.21239685388124396	Kocak	permutation	
751.0	0.1652152680364516	Kocak	permutation	
752.0	-0.04076989993158442	Kocak	permutation	
753.0	-0.10643703673978155	Kocak	permutation	
754.0	0.06972351000254129	Kocak	permutation	
755.0	-0.02388413872377626	Kocak	permutation	
756.0	-0.0014001080219907536	Kocak	permutation	
757.0	-0.045579082624404244	Kocak	permutation	
758.0	-0.1081882089510815	Kocak	permutation	
759.0	0.019303919554872095	Kocak	permutation	
760.0	0.025187296808188542	Kocak	permutation	
761.0	0.13266209579019073	Kocak	permutation	
762.0	-0.017460582392851087	Kocak	permutation	
763.0	0.06046996611620692	Kocak	permutation	
764.0	0.06424486193018009	Kocak	permutation	
765.0	0.14343193325330272	Kocak	permutation	
766.0	0.01104213682822408	Kocak	permutation	
767.0	-0.06223510689234413	Kocak	permutation	
768.0	0.08668323924287691	Kocak	permutation	
769.0	0.2788833263463557	Kocak	permutation	
770.0	-0.005428592998112158	Kocak	permutation	
771.0	-0.08109473947664636	Kocak	permutation	
772.0	-0.03988755085700113	Kocak	permutation	
773.0	-0.07498629468614393	Kocak	permutation	
774.0	-0.008446930065477254	Kocak	permutation	
775.0	0.052695621813966476	Kocak	permutation	
776.0	-0.022267531424770226	Kocak	permutation	
777.0	0.04987903660488069	Kocak	permutation	
778.0	0.07238032336456524	Kocak	permutation	
779.0	0.015539043395391694	Kocak	permutation	
780.0	0.1491853905554965	Kocak	permutation	
781.0	-0.0035874985493906664	Kocak	permutation	
782.0	0.12480396734522436	Kocak	permutation	
783.0	-0.0708381155454072	Kocak	permutation	
784.0	0.13934325762602118	Kocak	permutation	
785.0	0.1630219718295587	Kocak	permutation	
786.0	0.087962109514919	Kocak	permutation	
787.0	-0.03541107762713214	Kocak	permutation	
788.0	0.11003019971402406	Kocak	permutation	
789.0	-0.15368131368499682	Kocak	permutation	
790.0	-0.15395634701829142	Kocak	permutation	
791.0	-0.02153180149524392	Kocak	permutation	
792.0	0.1494807850575235	Kocak	permutation	
793.0	0.03874669372897355	Kocak	permutation	
794.0	0.06514981250128482	Kocak	permutation	
795.0	0.02852147261856164	Kocak	permutation	
796.0	0.07567556987999335	Kocak	permutation	
797.0	-0.046363377314048826	Kocak	permutation	
798.0	0.05915764986664929	Kocak	permutation	
799.0	0.039016326193778816	Kocak	permutation	
800.0	-0.1697499654045691	Kocak	permutation	
801.0	0.04081163001238863	Kocak	permutation	
802.0	-0.15224644854149627	Kocak	permutation	
803.0	-0.01900812178196354	Kocak	permutation	
804.0	0.12046701288431372	Kocak	permutation	
805.0	-0.08290093658587949	Kocak	permutation	
806.0	0.2525102237343271	Kocak	permutation	
807.0	0.0458596202143724	Kocak	permutation	
808.0	-0.03943368908153211	Kocak	permutation	
809.0	-0.0983427937983663	Kocak	permutation	
810.0	-0.094167636321135	Kocak	permutation	
811.0	-0.03453652899873916	Kocak	permutation	
812.0	-0.03470409413558251	Kocak	permutation	
813.0	-0.07110427734753255	Kocak	permutation	
814.0	-0.02299207531145342	Kocak	permutation	
815.0	0.0690733183898029	Kocak	permutation	
816.0	-0.010929354058627716	Kocak	permutation	
817.0	0.05241201351061875	Kocak	permutation	
818.0	0.1270312525268178	Kocak	permutation	
819.0	0.026301335708935447	Kocak	permutation	
820.0	0.20837734634938698	Kocak	permutation	
821.0	0.029674270772327205	Kocak	permutation	
822.0	-0.04833604234736555	Kocak	permutation	
823.0	-0.03390985457131457	Kocak	permutation	
824.0	0.0538076186550942	Kocak	permutation	
825.0	0.09177623840165072	Kocak	permutation	
826.0	0.0912440683608784	Kocak	permutation	
827.0	0.061688625939161135	Kocak	permutation	
828.0	-0.024384875605333534	Kocak	permutation	
829.0	-0.08922222254638257	Kocak	permutation	
830.0	-0.0030616277194575048	Kocak	permutation	
831.0	-0.010562784758655575	Kocak	permutation	
832.0	-0.05807944744008786	Kocak	permutation	
833.0	-0.10015237862703064	Kocak	permutation	
834.0	0.08256865321779294	Kocak	permutation	
835.0	-0.05396860449421226	Kocak	permutation	
836.0	-0.043879637940865024	Kocak	permutation	
837.0	-0.007404004814653753	Kocak	permutation	
838.0	-0.013878935785625046	Kocak	permutation	
839.0	0.007075555196856875	Kocak	permutation	
840.0	0.010965561388359468	Kocak	permutation	
841.0	0.05409681731672045	Kocak	permutation	
842.0	-0.15014086709742624	Kocak	permutation	
843.0	-0.23225903884943477	Kocak	permutation	
844.0	0.11873433571891212	Kocak	permutation	
845.0	0.12290684267168661	Kocak	permutation	
846.0	0.18699373316228662	Kocak	permutation	
847.0	-0.09082144776100698	Kocak	permutation	
848.0	-0.052705727513939316	Kocak	permutation	
849.0	-0.02110202591888566	Kocak	permutation	
850.0	0.07872256102879582	Kocak	permutation	
851.0	-0.16124850380502576	Kocak	permutation	
852.0	-0.023506558341616746	Kocak	permutation	
853.0	0.08715879619707323	Kocak	permutation	
854.0	0.05200793508581825	Kocak	permutation	
855.0	0.08152771313158702	Kocak	permutation	
856.0	-0.12722761466089327	Kocak	permutation	
857.0	-0.14451211432030941	Kocak	permutation	
858.0	-0.15256035133030732	Kocak	permutation	
859.0	0.08048853696810454	Kocak	permutation	
860.0	0.11209756734358667	Kocak	permutation	
861.0	0.14222432244659	Kocak	permutation	
862.0	0.08126025264282699	Kocak	permutation	
863.0	-0.2394721997485556	Kocak	permutation	
864.0	-0.10554790822739335	Kocak	permutation	
865.0	-0.14748515244538574	Kocak	permutation	
866.0	0.025947091516873577	Kocak	permutation	
867.0	-0.16022542757222968	Kocak	permutation	
868.0	0.12245113249117257	Kocak	permutation	
869.0	0.06356717235222398	Kocak	permutation	
870.0	-0.16104431134297137	Kocak	permutation	
871.0	0.032219773812367514	Kocak	permutation	
872.0	-0.023924309236430297	Kocak	permutation	
873.0	-0.08953557317637895	Kocak	permutation	
874.0	0.12584798933684826	Kocak	permutation	
875.0	-0.14337881115529427	Kocak	permutation	
876.0	0.017413150780492437	Kocak	permutation	
877.0	-0.03649287223324649	Kocak	permutation	
878.0	0.12654014851573514	Kocak	permutation	
879.0	-0.00034002927944154493	Kocak	permutation	
880.0	-0.019477950662132315	Kocak	permutation	
881.0	-0.05577139515561402	Kocak	permutation	
882.0	-0.04734286744428662	Kocak	permutation	
883.0	0.016505033664549806	Kocak	permutation	
884.0	0.14581001152464612	Kocak	permutation	
885.0	-0.006964376741472655	Kocak	permutation	
886.0	-0.07019968675381083	Kocak	permutation	
887.0	-0.0005223097548823219	Kocak	permutation	
888.0	0.0987500199354896	Kocak	permutation	
889.0	-0.0530368548272353	Kocak	permutation	
890.0	0.09053818909546063	Kocak	permutation	
891.0	0.11757591662452338	Kocak	permutation	
892.0	0.11511062039822928	Kocak	permutation	
893.0	0.03507329413882765	Kocak	permutation	
894.0	-0.3268937168999848	Kocak	permutation	
895.0	-0.054654082296909934	Kocak	permutation	
896.0	-0.1706939193206436	Kocak	permutation	
897.0	0.06790213571394776	Kocak	permutation	
898.0	-0.17813787512135626	Kocak	permutation	
899.0	0.06606407957521832	Kocak	permutation	
900.0	0.11436209139947717	Kocak	permutation	
901.0	-0.08976968571522903	Kocak	permutation	
902.0	0.013124979777342283	Kocak	permutation	
903.0	0.048894315512582054	Kocak	permutation	
904.0	-0.1418831952450308	Kocak	permutation	
905.0	-0.03316667848210386	Kocak	permutation	
906.0	-0.02005627362514595	Kocak	permutation	
907.0	0.22379532052399487	Kocak	permutation	
908.0	-0.05105204278088937	Kocak	permutation	
909.0	-0.038699647395539216	Kocak	permutation	
910.0	0.05997905242886503	Kocak	permutation	
911.0	-0.04487412774311306	Kocak	permutation	
912.0	0.20828230386565583	Kocak	permutation	
913.0	0.0465891773465561	Kocak	permutation	
914.0	0.060825145939369385	Kocak	permutation	
915.0	-0.20821700194974824	Kocak	permutation	
916.0	-0.0847418163785818	Kocak	permutation	
917.0	-0.11964545782231806	Kocak	permutation	
918.0	-0.15356370620498616	Kocak	permutation	
919.0	0.1324471609003961	Kocak	permutation	
920.0	-0.05852252925892376	Kocak	permutation	
921.0	-0.15332702805364828	Kocak	permutation	
922.0	0.15105692321503206	Kocak	permutation	
923.0	0.03793486571420246	Kocak	permutation	
924.0	-0.0873733109936996	Kocak	permutation	
925.0	0.23881793279264318	Kocak	permutation	
926.0	0.12875478486437952	Kocak	permutation	
927.0	-0.15828973192265927	Kocak	permutation	
928.0	0.0007726611242908632	Kocak	permutation	
929.0	-0.011734016352529686	Kocak	permutation	
930.0	0.15249899583136184	Kocak	permutation	
931.0	0.06851138099771603	Kocak	permutation	
932.0	0.1680609687661132	Kocak	permutation	
933.0	0.1427604930577786	Kocak	permutation	
934.0	0.05260502356558305	Kocak	permutation	
935.0	0.14337912968002176	Kocak	permutation	
936.0	-0.07942161650110346	Kocak	permutation	
937.0	0.034166195392844045	Kocak	permutation	
938.0	-0.020041493181595094	Kocak	permutation	
939.0	-0.015219980914899622	Kocak	permutation	
940.0	-0.08103938174566228	Kocak	permutation	
941.0	-0.010018717496508067	Kocak	permutation	
942.0	0.04677653541923377	Kocak	permutation	
943.0	-0.07604707569096902	Kocak	permutation	
944.0	0.010829707485848772	Kocak	permutation	
945.0	-0.11501787375365247	Kocak	permutation	
946.0	0.14092648254534712	Kocak	permutation	
947.0	0.21138019408412578	Kocak	permutation	
948.0	0.13498308316455976	Kocak	permutation	
949.0	0.37617969509159543	Kocak	permutation	
950.0	-0.17169543011497979	Kocak	permutation	
951.0	0.0025317036253049707	Kocak	permutation	
952.0	-0.18522204005274112	Kocak	permutation	
953.0	0.09916817634150021	Kocak	permutation	
954.0	-0.010782542253411798	Kocak	permutation	
955.0	0.2776418523678359	Kocak	permutation	
956.0	0.12988279571205652	Kocak	permutation	
957.0	-0.04659978596838599	Kocak	permutation	
958.0	-0.1882100243482272	Kocak	permutation	
959.0	0.12169121555295526	Kocak	permutation	
960.0	0.09399872831615141	Kocak	permutation	
961.0	0.056219659175246406	Kocak	permutation	
962.0	-0.07211901747772842	Kocak	permutation	
963.0	-0.12844434692388695	Kocak	permutation	
964.0	0.23904301264530226	Kocak	permutation	
965.0	0.03123005583950267	Kocak	permutation	
966.0	-0.08370887340695354	Kocak	permutation	
967.0	0.0040349621791406776	Kocak	permutation	
968.0	0.055343881450186316	Kocak	permutation	
969.0	-0.08762933188082744	Kocak	permutation	
970.0	0.04201856057075393	Kocak	permutation	
971.0	0.028681273854113343	Kocak	permutation	
972.0	0.07440124882530874	Kocak	permutation	
973.0	-0.11533934267126611	Kocak	permutation	
974.0	-0.12811067721588376	Kocak	permutation	
975.0	-0.18044321338004465	Kocak	permutation	
976.0	0.007673204784655496	Kocak	permutation	
977.0	-0.0533956097611501	Kocak	permutation	
978.0	0.20703012276192023	Kocak	permutation	
979.0	0.1616530472186275	Kocak	permutation	
980.0	0.12370970947297444	Kocak	permutation	
981.0	0.1258474414834323	Kocak	permutation	
982.0	-0.06051800123722817	Kocak	permutation	
983.0	-0.09876271250946811	Kocak	permutation	
984.0	0.09684261869425992	Kocak	permutation	
985.0	0.03668003311928292	Kocak	permutation	
986.0	0.05855737545742201	Kocak	permutation	
987.0	-0.06219976959599105	Kocak	permutation	
988.0	0.0897543569944963	Kocak	permutation	
989.0	-0.04634276174272767	Kocak	permutation	
990.0	0.19396009295190897	Kocak	permutation	
991.0	-0.053641911942321485	Kocak	permutation	
992.0	0.3488283141029376	Kocak	permutation	
993.0	0.056229559046631294	Kocak	permutation	
994.0	-0.10871276716936151	Kocak	permutation	
995.0	0.014473947420994726	Kocak	permutation	
996.0	-0.09129842685644363	Kocak	permutation	
997.0	0.043400802035410635	Kocak	permutation	
998.0	-0.05512739539453637	Kocak	permutation	
999.0	0.09140618632507636	Kocak	permutation	
1000.0	-0.024596311249337255	Kocak	permutation	
1001.0	0.18179075687904334	Kocak	permutation	
1002.0	-0.07787511841522132	Kocak	permutation	
1003.0	0.10096375391736423	Kocak	permutation	
1004.0	0.06998392660997954	Kocak	permutation	
1005.0	-0.3498754871091059	Kocak	permutation	
1006.0	0.05306830342212532	Kocak	permutation	
1007.0	0.04423614137681664	Kocak	permutation	
1008.0	-0.005069260559654509	Kocak	permutation	
1009.0	-0.235903790434425	Kocak	permutation	
1010.0	-0.10088476302297789	Kocak	permutation	
1011.0	-0.05480374617694039	Kocak	permutation	
1012.0	0.18153232402764008	Kocak	permutation	
1013.0	-0.12462956063609987	Kocak	permutation	
1014.0	0.01418378462029768	Kocak	permutation	
1015.0	-0.0979717054961009	Kocak	permutation	
1016.0	-0.04292711483731093	Kocak	permutation	
1017.0	0.08672010342278202	Kocak	permutation	
1018.0	0.009987659089284229	Kocak	permutation	
1019.0	0.1157926146075905	Kocak	permutation	
1020.0	0.07359753988914708	Kocak	permutation	
1021.0	-0.05777174088669135	Kocak	permutation	
1022.0	-0.13865593681989452	Kocak	permutation	
1023.0	-0.04001328406279736	Kocak	permutation	
1024.0	-0.1455200284166862	Kocak	permutation	
1025.0	0.22955472055375026	Kocak	permutation	
1026.0	0.17737712803993855	Kocak	permutation	
1027.0	-0.10876474876843556	Kocak	permutation	
1028.0	0.0443316095255053	Kocak	permutation	
1029.0	-0.12076963064452961	Kocak	permutation	
1030.0	0.019044910264351955	Kocak	permutation	
1031.0	0.03967152764726389	Kocak	permutation	
1032.0	0.1864397818131307	Kocak	permutation	
1033.0	-0.08589392644208527	Kocak	permutation	
1034.0	0.08652944536700957	Kocak	permutation	
1035.0	-0.029263852356325337	Kocak	permutation	
1036.0	-0.1753261971438116	Kocak	permutation	
1037.0	0.006934361058512195	Kocak	permutation	
1038.0	-0.06007794393767174	Kocak	permutation	
1039.0	0.07774422127807235	Kocak	permutation	
1040.0	0.015660181634094883	Kocak	permutation	
1041.0	0.0652515981951085	Kocak	permutation	
1042.0	0.04801970189190197	Kocak	permutation	
1043.0	0.12055318508836521	Kocak	permutation	
1044.0	-0.07106094619020631	Kocak	permutation	
1045.0	0.11106825620595995	Kocak	permutation	
1046.0	-0.12797401321083157	Kocak	permutation	
1047.0	0.11652535808752607	Kocak	permutation	
1048.0	-0.1359724134656446	Kocak	permutation	
1049.0	-0.1284491804398833	Kocak	permutation	
1050.0	0.1079006636550428	Kocak	permutation	
1051.0	-0.048954497475761194	Kocak	permutation	
1052.0	-0.11554015525989403	Kocak	permutation	
1053.0	0.21073231037130657	Kocak	permutation	
1054.0	-0.0014381974774746453	Kocak	permutation	
1055.0	-0.12639999824838988	Kocak	permutation	
1056.0	-0.10646373986355595	Kocak	permutation	
1057.0	-0.1052870739280296	Kocak	permutation	
1058.0	-0.04461127349807814	Kocak	permutation	
1059.0	0.09199624978715448	Kocak	permutation	
1060.0	0.10573672112246957	Kocak	permutation	
1061.0	0.1936306969624111	Kocak	permutation	
1062.0	0.06539454632969566	Kocak	permutation	
1063.0	0.02743684246672462	Kocak	permutation	
1064.0	0.060566579292968825	Kocak	permutation	
1065.0	0.22892647055284687	Kocak	permutation	
1066.0	0.17267046983162881	Kocak	permutation	
1067.0	0.17261553909532434	Kocak	permutation	
1068.0	-0.015255086554999409	Kocak	permutation	
1069.0	0.22116705361692723	Kocak	permutation	
1070.0	-0.007889200058944112	Kocak	permutation	
1071.0	-0.03691719554477846	Kocak	permutation	
1072.0	-0.0925220330215133	Kocak	permutation	
1073.0	0.02372258442352848	Kocak	permutation	
1074.0	-0.15629540087367477	Kocak	permutation	
1075.0	-0.015357700044623002	Kocak	permutation	
1076.0	0.08287021129100314	Kocak	permutation	
1077.0	0.12508914718273356	Kocak	permutation	
1078.0	-0.066967387652487	Kocak	permutation	
1079.0	0.03928307336244519	Kocak	permutation	
1080.0	-0.06547283091177558	Kocak	permutation	
1081.0	-0.06713768223938121	Kocak	permutation	
1082.0	0.15237210263609047	Kocak	permutation	
1083.0	0.10106861663919009	Kocak	permutation	
1084.0	0.24663115587305384	Kocak	permutation	
1085.0	-0.039448043157324975	Kocak	permutation	
1086.0	0.16064378954979652	Kocak	permutation	
1087.0	0.1752458304220097	Kocak	permutation	
1088.0	0.029610596365857056	Kocak	permutation	
1089.0	-0.16851548356251556	Kocak	permutation	
1090.0	0.09440750458368363	Kocak	permutation	
1091.0	-0.08752803965561018	Kocak	permutation	
1092.0	-0.10616524991081899	Kocak	permutation	
1093.0	0.00277326345166351	Kocak	permutation	
1094.0	-0.1315965908513803	Kocak	permutation	
1095.0	-0.07339986545420629	Kocak	permutation	
1096.0	0.0588184857649825	Kocak	permutation	
1097.0	-0.21305796494150098	Kocak	permutation	
1098.0	0.17638554138601137	Kocak	permutation	
1099.0	-0.19980258957272934	Kocak	permutation	
1100.0	-0.08009475214547557	Kocak	permutation	
1101.0	-0.18373435975704133	Kocak	permutation	
1102.0	0.011748760903220301	Kocak	permutation	
1103.0	0.22682196497176843	Kocak	permutation	
1104.0	0.21548776307681905	Kocak	permutation	
1105.0	0.15615879747802364	Kocak	permutation	
1106.0	-0.1694785321959813	Kocak	permutation	
1107.0	0.10906171888927929	Kocak	permutation	
1108.0	0.12733396628680538	Kocak	permutation	
1109.0	0.11364790823235982	Kocak	permutation	
1110.0	-0.04547452720333922	Kocak	permutation	
1111.0	0.13846378658574565	Kocak	permutation	
1112.0	0.07498329290897754	Kocak	permutation	
1113.0	-0.07341448050361787	Kocak	permutation	
1114.0	0.02375286061243731	Kocak	permutation	
1115.0	0.06418885574487376	Kocak	permutation	
1116.0	0.06866341834857703	Kocak	permutation	
1117.0	0.02426412578589865	Kocak	permutation	
1118.0	0.004445586179012473	Kocak	permutation	
1119.0	0.008998152481057176	Kocak	permutation	
1120.0	-0.06855607866360014	Kocak	permutation	
1121.0	0.09160638984637082	Kocak	permutation	
1122.0	0.11147944983293101	Kocak	permutation	
1123.0	-0.041575594196073595	Kocak	permutation	
1124.0	-0.06405116489707385	Kocak	permutation	
1125.0	0.09468939237831275	Kocak	permutation	
1126.0	-0.030402089867927806	Kocak	permutation	
1127.0	0.22334168903661222	Kocak	permutation	
1128.0	0.01081828349008962	Kocak	permutation	
1129.0	-0.027640312702534864	Kocak	permutation	
1130.0	-0.003847089075332377	Kocak	permutation	
1131.0	0.008147488375738199	Kocak	permutation	
1132.0	-0.1329890785691541	Kocak	permutation	
1133.0	-0.003808417821518084	Kocak	permutation	
1134.0	-0.32159784093200017	Kocak	permutation	
1135.0	0.007550777052884428	Kocak	permutation	
1136.0	-0.13202011563832805	Kocak	permutation	
1137.0	-0.14079347887499427	Kocak	permutation	
1138.0	-0.038469502793807564	Kocak	permutation	
1139.0	-0.027421830448405515	Kocak	permutation	
1140.0	-0.12541453556291948	Kocak	permutation	
1141.0	0.23306312649427507	Kocak	permutation	
1142.0	0.05216003502855582	Kocak	permutation	
1143.0	0.09621690874511746	Kocak	permutation	
1144.0	0.2389816489879948	Kocak	permutation	
1145.0	0.005732209081784845	Kocak	permutation	
1146.0	-0.10530016252712304	Kocak	permutation	
1147.0	0.05748044771462357	Kocak	permutation	
1148.0	0.004950204870650232	Kocak	permutation	
1149.0	-0.03594048393822291	Kocak	permutation	
1150.0	0.0652397819915107	Kocak	permutation	
1151.0	0.004616920687276149	Kocak	permutation	
1152.0	-0.13917438114891034	Kocak	permutation	
1153.0	-0.15576158227756842	Kocak	permutation	
1154.0	0.04338942440390081	Kocak	permutation	
1155.0	-0.07182963236060047	Kocak	permutation	
1156.0	0.04884946360613984	Kocak	permutation	
1157.0	0.14220773881449844	Kocak	permutation	
1158.0	-0.10181480314362812	Kocak	permutation	
1159.0	-0.17113066237527708	Kocak	permutation	
1160.0	0.04969543973446022	Kocak	permutation	
1161.0	0.23486375614608956	Kocak	permutation	
1162.0	-0.07192230843432057	Kocak	permutation	
1163.0	-0.0911521896769587	Kocak	permutation	
1164.0	0.22861804678572106	Kocak	permutation	
1165.0	0.10092482766691901	Kocak	permutation	
1166.0	-0.010606174173795502	Kocak	permutation	
1167.0	0.07376891188377499	Kocak	permutation	
1168.0	0.0645062803094687	Kocak	permutation	
1169.0	-0.04105751132841906	Kocak	permutation	
1170.0	-0.038907782825083004	Kocak	permutation	
1171.0	0.12726730258611685	Kocak	permutation	
1172.0	-0.023763746517546203	Kocak	permutation	
1173.0	0.08482965275200183	Kocak	permutation	
1174.0	0.02213502702657788	Kocak	permutation	
1175.0	0.015604094946347402	Kocak	permutation	
1176.0	-0.06016803432737827	Kocak	permutation	
1177.0	0.03377536718971186	Kocak	permutation	
1178.0	-0.056612936420762594	Kocak	permutation	
1179.0	0.05507340164141894	Kocak	permutation	
1180.0	-0.093136769207665	Kocak	permutation	
1181.0	0.03841991941244505	Kocak	permutation	
1182.0	0.0734456296134125	Kocak	permutation	
1183.0	-0.2147858320588103	Kocak	permutation	
1184.0	0.12328871087217497	Kocak	permutation	
1185.0	0.023316398506525005	Kocak	permutation	
1186.0	-0.0780194248768975	Kocak	permutation	
1187.0	-0.010350360404410175	Kocak	permutation	
1188.0	-0.0798509352670429	Kocak	permutation	
1189.0	0.16398795378498843	Kocak	permutation	
1190.0	0.056127123914616384	Kocak	permutation	
1191.0	-0.09504483580683765	Kocak	permutation	
1192.0	-0.02653166560096576	Kocak	permutation	
1193.0	-0.13372623418528828	Kocak	permutation	
1194.0	0.03163450462348649	Kocak	permutation	
1195.0	-0.026162754625993934	Kocak	permutation	
1196.0	-0.04362845267303328	Kocak	permutation	
1197.0	-0.11393076849610573	Kocak	permutation	
1198.0	-0.3212929524160124	Kocak	permutation	
1199.0	0.0032603619702351594	Kocak	permutation	
1200.0	0.01760017085859289	Kocak	permutation	
1201.0	0.013570863940445044	Kocak	permutation	
1202.0	-0.0184841485712548	Kocak	permutation	
1203.0	0.0633547548938882	Kocak	permutation	
1204.0	-0.028949890238183507	Kocak	permutation	
1205.0	0.15944077908500542	Kocak	permutation	
1206.0	0.1290829621400258	Kocak	permutation	
1207.0	0.05757408277379117	Kocak	permutation	
1208.0	0.0019916311355006044	Kocak	permutation	
1209.0	-0.044530979034136386	Kocak	permutation	
1210.0	0.11644601862679149	Kocak	permutation	
1211.0	0.21932421366229082	Kocak	permutation	
1212.0	-0.018660868822882648	Kocak	permutation	
1213.0	0.08114756353506714	Kocak	permutation	
1214.0	-0.043951034908795705	Kocak	permutation	
1215.0	-0.09794308506118377	Kocak	permutation	
1216.0	0.06696180777555583	Kocak	permutation	
1217.0	0.11346740507419018	Kocak	permutation	
1218.0	0.07786480055990541	Kocak	permutation	
1219.0	-0.06509659575108362	Kocak	permutation	
1220.0	0.050858814420646326	Kocak	permutation	
1221.0	0.30712476975723746	Kocak	permutation	
1222.0	0.011672674382707804	Kocak	permutation	
1223.0	0.02935228352518049	Kocak	permutation	
1224.0	-0.07410752194209103	Kocak	permutation	
1225.0	0.27770155296649257	Kocak	permutation	
1226.0	-0.03987629762463207	Kocak	permutation	
1227.0	0.046754136596501183	Kocak	permutation	
1228.0	-0.024151364094117334	Kocak	permutation	
1229.0	0.07131765533578793	Kocak	permutation	
1230.0	0.03600339325178137	Kocak	permutation	
1231.0	0.11902831196710117	Kocak	permutation	
1232.0	0.17390528863074994	Kocak	permutation	
1233.0	-0.07367096335511114	Kocak	permutation	
1234.0	-0.1227673459511589	Kocak	permutation	
1235.0	-0.032966753544315	Kocak	permutation	
1236.0	-0.09455757287386479	Kocak	permutation	
1237.0	0.14636389584902432	Kocak	permutation	
1238.0	-0.07867476214548397	Kocak	permutation	
1239.0	0.04734368664824817	Kocak	permutation	
1240.0	0.2530708059674476	Kocak	permutation	
1241.0	-0.22578320025235854	Kocak	permutation	
1242.0	-0.0370414390110092	Kocak	permutation	
1243.0	0.01054122520919698	Kocak	permutation	
1244.0	0.052299564488166084	Kocak	permutation	
1245.0	0.046241549446191854	Kocak	permutation	
1246.0	0.10473809406591261	Kocak	permutation	
1247.0	-0.058241069828356196	Kocak	permutation	
1248.0	-0.03417680194818651	Kocak	permutation	
1249.0	0.09859873939672781	Kocak	permutation	
1250.0	0.05781084933275782	Kocak	permutation	
1251.0	-0.0522707580958528	Kocak	permutation	
1252.0	0.041136845183914694	Kocak	permutation	
1253.0	-0.02674539006688903	Kocak	permutation	
1254.0	0.05899369460580761	Kocak	permutation	
1255.0	0.05917964801950415	Kocak	permutation	
1256.0	0.07042104587300102	Kocak	permutation	
1257.0	0.0015921914686281013	Kocak	permutation	
1258.0	-0.14186385556932457	Kocak	permutation	
1259.0	0.13797654294316963	Kocak	permutation	
1260.0	-0.042148200282118076	Kocak	permutation	
1261.0	-0.13221164740771751	Kocak	permutation	
1262.0	-0.07371782419825035	Kocak	permutation	
1263.0	0.043224359805036805	Kocak	permutation	
1264.0	0.1556345247023323	Kocak	permutation	
1265.0	-0.10428395982699179	Kocak	permutation	
1266.0	-0.20566903704725537	Kocak	permutation	
1267.0	0.05117340908471579	Kocak	permutation	
1268.0	-0.003255914878949717	Kocak	permutation	
1269.0	0.2576565968687925	Kocak	permutation	
1270.0	0.04658357075294095	Kocak	permutation	
1271.0	0.1703603427736784	Kocak	permutation	
1272.0	-0.060027190000876196	Kocak	permutation	
1273.0	-0.030510114381579356	Kocak	permutation	
1274.0	-0.0010293448821458995	Kocak	permutation	
1275.0	0.0437878585803162	Kocak	permutation	
1276.0	0.06616266637317736	Kocak	permutation	
1277.0	-0.05247816958904572	Kocak	permutation	
1278.0	-0.024953626306498222	Kocak	permutation	
1279.0	-0.218337618937408	Kocak	permutation	
1280.0	0.08740314746890476	Kocak	permutation	
1281.0	-0.003930642085594904	Kocak	permutation	
1282.0	0.051057662841570206	Kocak	permutation	
1283.0	0.0010871608201350469	Kocak	permutation	
1284.0	-0.10582573945644036	Kocak	permutation	
1285.0	0.10636153488998179	Kocak	permutation	
1286.0	0.08872067857958132	Kocak	permutation	
1287.0	-0.23532736617871475	Kocak	permutation	
1288.0	-0.020733244450367394	Kocak	permutation	
1289.0	-0.1810527623474778	Kocak	permutation	
1290.0	-0.16304465819127767	Kocak	permutation	
1291.0	0.04774706856374333	Kocak	permutation	
1292.0	0.060905349363490124	Kocak	permutation	
1293.0	0.08570105476971523	Kocak	permutation	
1294.0	0.12174680602056132	Kocak	permutation	
1295.0	0.09632478247859755	Kocak	permutation	
1296.0	0.10856305574536407	Kocak	permutation	
1297.0	0.053566193645393056	Kocak	permutation	
1298.0	0.06789324168601674	Kocak	permutation	
1299.0	0.05491972903011355	Kocak	permutation	
1300.0	0.07772275632248427	Kocak	permutation	
1301.0	-0.14274425612220387	Kocak	permutation	
1302.0	-0.09790041120018866	Kocak	permutation	
1303.0	0.0031981991434273382	Kocak	permutation	
1304.0	0.26530168887045313	Kocak	permutation	
1305.0	0.15412723861514177	Kocak	permutation	
1306.0	0.04737187149458855	Kocak	permutation	
1307.0	0.18727158519115772	Kocak	permutation	
1308.0	0.03203169153581964	Kocak	permutation	
1309.0	0.09710737997500551	Kocak	permutation	
1310.0	-0.057399983301112734	Kocak	permutation	
1311.0	0.046988332234582764	Kocak	permutation	
1312.0	-0.2176764701492191	Kocak	permutation	
1313.0	0.017852454546503083	Kocak	permutation	
1314.0	0.015576402342746931	Kocak	permutation	
1315.0	0.04175727985707223	Kocak	permutation	
1316.0	0.1433474757697617	Kocak	permutation	
1317.0	0.0017166570563160732	Kocak	permutation	
1318.0	0.13279558291146465	Kocak	permutation	
1319.0	0.09093054009480284	Kocak	permutation	
1320.0	-0.2508352589796683	Kocak	permutation	
1321.0	-0.04052494926496131	Kocak	permutation	
1322.0	0.15329743478116598	Kocak	permutation	
1323.0	-0.07384911215447598	Kocak	permutation	
1324.0	0.05179026480694926	Kocak	permutation	
1325.0	0.11879467465946814	Kocak	permutation	
1326.0	-0.09559536726943918	Kocak	permutation	
1327.0	0.11018645725015741	Kocak	permutation	
1328.0	-0.07966148317167754	Kocak	permutation	
1329.0	0.15027362339025174	Kocak	permutation	
1330.0	-0.12165882304344233	Kocak	permutation	
1331.0	-0.1405934108958231	Kocak	permutation	
1332.0	0.11635852531114121	Kocak	permutation	
1333.0	-0.10780786212428861	Kocak	permutation	
1334.0	-0.05244234690759786	Kocak	permutation	
1335.0	-0.09390552470647684	Kocak	permutation	
1336.0	-0.09968822174983138	Kocak	permutation	
1337.0	0.17083020459763887	Kocak	permutation	
1338.0	0.1334157071176918	Kocak	permutation	
1339.0	0.0019842734220318903	Kocak	permutation	
1340.0	-0.1806950266321934	Kocak	permutation	
1341.0	-0.011574850347740195	Kocak	permutation	
1342.0	0.10511710603835045	Kocak	permutation	
1343.0	0.08605614512421589	Kocak	permutation	
1344.0	-0.12200813398902621	Kocak	permutation	
1345.0	0.19294939747888584	Kocak	permutation	
1346.0	-0.020387872414889152	Kocak	permutation	
1347.0	0.038254406264194074	Kocak	permutation	
1348.0	0.010629061230391201	Kocak	permutation	
1349.0	-0.006628330916928604	Kocak	permutation	
1350.0	0.228651479780404	Kocak	permutation	
1351.0	-0.08450155987737507	Kocak	permutation	
1352.0	-0.1265831913276818	Kocak	permutation	
1353.0	0.07412886403700902	Kocak	permutation	
1354.0	-0.07585267567182896	Kocak	permutation	
1355.0	-0.03288939886785869	Kocak	permutation	
1356.0	0.09253032439059616	Kocak	permutation	
1357.0	-0.037699257755139826	Kocak	permutation	
1358.0	-0.24740870267209836	Kocak	permutation	
1359.0	-0.043992482477426265	Kocak	permutation	
1360.0	-0.1064390555984458	Kocak	permutation	
1361.0	-0.05567328857234344	Kocak	permutation	
1362.0	-0.13052472727982334	Kocak	permutation	
1363.0	0.09484801527586129	Kocak	permutation	
1364.0	0.00453518319635382	Kocak	permutation	
1365.0	0.03679401604798738	Kocak	permutation	
1366.0	-0.015856543932465605	Kocak	permutation	
1367.0	0.03610344921498765	Kocak	permutation	
1368.0	-0.08123743605321021	Kocak	permutation	
1369.0	0.017930489827941543	Kocak	permutation	
1370.0	0.042760604947008396	Kocak	permutation	
1371.0	0.1349545880087959	Kocak	permutation	
1372.0	0.06721214004077947	Kocak	permutation	
1373.0	0.11534914673668162	Kocak	permutation	
1374.0	0.030538630133404077	Kocak	permutation	
1375.0	0.17179176345352776	Kocak	permutation	
1376.0	-0.006770637573320748	Kocak	permutation	
1377.0	-0.0678072190665926	Kocak	permutation	
1378.0	0.055733452812384954	Kocak	permutation	
1379.0	-0.020301583481892926	Kocak	permutation	
1380.0	0.023169308790704335	Kocak	permutation	
1381.0	0.15948644688685576	Kocak	permutation	
1382.0	0.10898198867647402	Kocak	permutation	
1383.0	-0.11126389768215006	Kocak	permutation	
1384.0	0.0471273840363331	Kocak	permutation	
1385.0	-0.12060072941266142	Kocak	permutation	
1386.0	0.0003294923395209537	Kocak	permutation	
1387.0	0.004940330891471945	Kocak	permutation	
1388.0	0.08000346349554821	Kocak	permutation	
1389.0	-0.12730344757843515	Kocak	permutation	
1390.0	0.14166148887208685	Kocak	permutation	
1391.0	-0.009945179750661559	Kocak	permutation	
1392.0	0.04575141511964986	Kocak	permutation	
1393.0	0.006690997982585323	Kocak	permutation	
1394.0	-0.019388883702488258	Kocak	permutation	
1395.0	-0.09070122882999865	Kocak	permutation	
1396.0	-0.005947701364830138	Kocak	permutation	
1397.0	0.28484339288672356	Kocak	permutation	
1398.0	-0.01810080959645255	Kocak	permutation	
1399.0	-0.053832601079984777	Kocak	permutation	
1400.0	-0.04784621459424354	Kocak	permutation	
1401.0	-0.0952911027951151	Kocak	permutation	
1402.0	-0.12993471807609946	Kocak	permutation	
1403.0	-0.08837405362395234	Kocak	permutation	
1404.0	-0.12099749038698437	Kocak	permutation	
1405.0	0.0016410051461761554	Kocak	permutation	
1406.0	-0.1433080113464582	Kocak	permutation	
1407.0	0.00964694532999566	Kocak	permutation	
1408.0	0.1275936635979793	Kocak	permutation	
1409.0	0.13505164183897378	Kocak	permutation	
1410.0	0.2068045250993027	Kocak	permutation	
1411.0	0.07619881044588794	Kocak	permutation	
1412.0	-0.2828917700903011	Kocak	permutation	
1413.0	0.031144436021422806	Kocak	permutation	
1414.0	-0.041634443663257414	Kocak	permutation	
1415.0	-0.06242029985280073	Kocak	permutation	
1416.0	0.032018149956019926	Kocak	permutation	
1417.0	0.14356216632757235	Kocak	permutation	
1418.0	0.3010128190154999	Kocak	permutation	
1419.0	0.17310196628450036	Kocak	permutation	
1420.0	0.031119286031117355	Kocak	permutation	
1421.0	-0.05701474532809758	Kocak	permutation	
1422.0	0.07993444180127618	Kocak	permutation	
1423.0	-0.05583659687440434	Kocak	permutation	
1424.0	0.023164673430553506	Kocak	permutation	
1425.0	0.08190444604483815	Kocak	permutation	
1426.0	-0.02390594276240865	Kocak	permutation	
1427.0	-0.21367083444338242	Kocak	permutation	
1428.0	0.08407239984894055	Kocak	permutation	
1429.0	-0.05967013575756752	Kocak	permutation	
1430.0	0.014305887574489695	Kocak	permutation	
1431.0	0.015606649570157671	Kocak	permutation	
1432.0	-0.13832642649401894	Kocak	permutation	
1433.0	-0.07456652455623747	Kocak	permutation	
1434.0	-0.25265472011863466	Kocak	permutation	
1435.0	-0.0060653393771508135	Kocak	permutation	
1436.0	0.09296517074271549	Kocak	permutation	
1437.0	-0.07051241856987112	Kocak	permutation	
1438.0	-0.08420295383456367	Kocak	permutation	
1439.0	-0.02647042757438456	Kocak	permutation	
1440.0	-0.013079300021480833	Kocak	permutation	
1441.0	0.1750883733889177	Kocak	permutation	
1442.0	0.1011298930832858	Kocak	permutation	
1443.0	-0.05922024711320972	Kocak	permutation	
1444.0	-0.17037964900467362	Kocak	permutation	
1445.0	0.24173921573149126	Kocak	permutation	
1446.0	-0.19694697356116553	Kocak	permutation	
1447.0	0.0437195901154217	Kocak	permutation	
1448.0	-0.09739144595886007	Kocak	permutation	
1449.0	0.05448411657957308	Kocak	permutation	
1450.0	0.13042957730445615	Kocak	permutation	
1451.0	-0.016443409498464234	Kocak	permutation	
1452.0	-0.01897560624618322	Kocak	permutation	
1453.0	0.0724932592981764	Kocak	permutation	
1454.0	0.07456000867605361	Kocak	permutation	
1455.0	0.18586467868478085	Kocak	permutation	
1456.0	0.08343011852198945	Kocak	permutation	
1457.0	-0.06562825891426272	Kocak	permutation	
1458.0	0.09502288795287939	Kocak	permutation	
1459.0	0.04704557999411385	Kocak	permutation	
1460.0	0.06061220483782659	Kocak	permutation	
1461.0	-0.24252395475842103	Kocak	permutation	
1462.0	0.19748941057065128	Kocak	permutation	
1463.0	0.1663730335935183	Kocak	permutation	
1464.0	-0.0007270863422856877	Kocak	permutation	
1465.0	-0.039422303981431206	Kocak	permutation	
1466.0	-0.08834865413594706	Kocak	permutation	
1467.0	0.14772822823294707	Kocak	permutation	
1468.0	0.20018517139273584	Kocak	permutation	
1469.0	-0.037291942628074004	Kocak	permutation	
1470.0	-0.12091476107729271	Kocak	permutation	
1471.0	0.002853574251839852	Kocak	permutation	
1472.0	0.15348460620500326	Kocak	permutation	
1473.0	0.1360813459098109	Kocak	permutation	
1474.0	-0.023040261810010954	Kocak	permutation	
1475.0	-0.05980437179824705	Kocak	permutation	
1476.0	-0.06831103751593037	Kocak	permutation	
1477.0	-0.14018264784001566	Kocak	permutation	
1478.0	-0.11339462324560312	Kocak	permutation	
1479.0	-0.07014096414781523	Kocak	permutation	
1480.0	-0.003711014295820547	Kocak	permutation	
1481.0	0.12813788674508242	Kocak	permutation	
1482.0	0.0737194859179322	Kocak	permutation	
1483.0	-0.039971240961597765	Kocak	permutation	
1484.0	-0.13098202242055468	Kocak	permutation	
1485.0	-0.022391456703693358	Kocak	permutation	
1486.0	0.029429282081191666	Kocak	permutation	
1487.0	0.010427897123164165	Kocak	permutation	
1488.0	0.09361537094322259	Kocak	permutation	
1489.0	-0.09088338742091295	Kocak	permutation	
1490.0	-0.014619522244204042	Kocak	permutation	
1491.0	-0.01250457230440638	Kocak	permutation	
1492.0	-0.08206346774925333	Kocak	permutation	
1493.0	-0.029970242675740444	Kocak	permutation	
1494.0	-0.06616892204583014	Kocak	permutation	
1495.0	0.021914470254208673	Kocak	permutation	
1496.0	0.0014121901930286285	Kocak	permutation	
1497.0	0.07703111846636101	Kocak	permutation	
1498.0	-0.06745132552997202	Kocak	permutation	
1499.0	0.2203052611948264	Kocak	permutation	
1500.0	0.11310803345520881	Kocak	permutation	
1501.0	0.1319888397710267	Kocak	permutation	
1502.0	-0.24297082671111792	Kocak	permutation	
1503.0	-0.11469804839783837	Kocak	permutation	
1504.0	-0.16935664096217273	Kocak	permutation	
1505.0	0.10691587591649565	Kocak	permutation	
1506.0	0.24938747882052859	Kocak	permutation	
1507.0	-0.08042938385780207	Kocak	permutation	
1508.0	0.004214604126050681	Kocak	permutation	
1509.0	0.05385436031017754	Kocak	permutation	
1510.0	-0.07937652189422906	Kocak	permutation	
1511.0	-0.0029938382954135534	Kocak	permutation	
1512.0	0.0835138661765118	Kocak	permutation	
1513.0	0.10734414272374337	Kocak	permutation	
1514.0	-0.12124171699433184	Kocak	permutation	
1515.0	-0.03427400854714424	Kocak	permutation	
1516.0	0.09073458506441856	Kocak	permutation	
1517.0	0.21288992234921977	Kocak	permutation	
1518.0	-0.0649768404978639	Kocak	permutation	
1519.0	0.11626244594314095	Kocak	permutation	
1520.0	-0.07197554531163242	Kocak	permutation	
1521.0	0.11559431857654534	Kocak	permutation	
1522.0	0.20887508542930977	Kocak	permutation	
1523.0	0.02041166001816208	Kocak	permutation	
1524.0	0.1915486626496623	Kocak	permutation	
1525.0	-0.013481848171080557	Kocak	permutation	
1526.0	-0.04950448788745909	Kocak	permutation	
1527.0	0.10026960168056664	Kocak	permutation	
1528.0	0.0890979309199329	Kocak	permutation	
1529.0	-0.05416881809125407	Kocak	permutation	
1530.0	-0.03536286971854441	Kocak	permutation	
1531.0	0.04390094854156512	Kocak	permutation	
1532.0	0.041181707497316644	Kocak	permutation	
1533.0	-0.025632131276735137	Kocak	permutation	
1534.0	-0.03133471909719354	Kocak	permutation	
1535.0	-0.03490525782433451	Kocak	permutation	
1536.0	0.13714472054535864	Kocak	permutation	
1537.0	0.010655137786863556	Kocak	permutation	
1538.0	0.025810024605029014	Kocak	permutation	
1539.0	-0.011651347300828618	Kocak	permutation	
1540.0	-0.04769615605427102	Kocak	permutation	
1541.0	-0.12797689165239223	Kocak	permutation	
1542.0	0.11951843752703173	Kocak	permutation	
1543.0	-0.03313970347893491	Kocak	permutation	
1544.0	0.18113234084684393	Kocak	permutation	
1545.0	0.09041909233677003	Kocak	permutation	
1546.0	0.23412504191285688	Kocak	permutation	
1547.0	-0.04946416746196647	Kocak	permutation	
1548.0	0.19059201872974985	Kocak	permutation	
1549.0	0.2225353536789152	Kocak	permutation	
1550.0	0.08368608629733298	Kocak	permutation	
1551.0	-0.07568196661420235	Kocak	permutation	
1552.0	0.035079811774532565	Kocak	permutation	
1553.0	0.1631628356975927	Kocak	permutation	
1554.0	-0.02958699979181123	Kocak	permutation	
1555.0	-0.040792011794651195	Kocak	permutation	
1556.0	0.04887427835297853	Kocak	permutation	
1557.0	-0.03682490610963374	Kocak	permutation	
1558.0	-0.003612363434674748	Kocak	permutation	
1559.0	-0.0475694806843352	Kocak	permutation	
1560.0	-0.07877538753513935	Kocak	permutation	
1561.0	-0.12375348708719702	Kocak	permutation	
1562.0	-0.05559332748859269	Kocak	permutation	
1563.0	0.03213308610722532	Kocak	permutation	
1564.0	-0.0988151531536623	Kocak	permutation	
1565.0	0.32073466967877895	Kocak	permutation	
1566.0	0.14101735080806144	Kocak	permutation	
1567.0	-0.03164097975602864	Kocak	permutation	
1568.0	0.044297237518611254	Kocak	permutation	
1569.0	-0.011375288425888641	Kocak	permutation	
1570.0	-0.035298767133481235	Kocak	permutation	
1571.0	-0.007536418321512528	Kocak	permutation	
1572.0	-0.18015592308129147	Kocak	permutation	
1573.0	0.10486024312303854	Kocak	permutation	
1574.0	0.037963575718303666	Kocak	permutation	
1575.0	0.017011616434347232	Kocak	permutation	
1576.0	0.058523365926556714	Kocak	permutation	
1577.0	0.1931341090837515	Kocak	permutation	
1578.0	-0.16290271566133896	Kocak	permutation	
1579.0	0.1814348869954694	Kocak	permutation	
1580.0	-0.09456766395405136	Kocak	permutation	
1581.0	0.04919105296793891	Kocak	permutation	
1582.0	0.07089614462904681	Kocak	permutation	
1583.0	0.1318521011683007	Kocak	permutation	
1584.0	-0.019889584917066827	Kocak	permutation	
1585.0	0.07344921946050942	Kocak	permutation	
1586.0	0.05112098100785456	Kocak	permutation	
1587.0	-0.05858080690884293	Kocak	permutation	
1588.0	-0.04543971493228938	Kocak	permutation	
1589.0	-0.021727826396284122	Kocak	permutation	
1590.0	0.06249627375759115	Kocak	permutation	
1591.0	0.08283728636129162	Kocak	permutation	
1592.0	0.03275310318516489	Kocak	permutation	
1593.0	-0.251518762444392	Kocak	permutation	
1594.0	0.22460460443156727	Kocak	permutation	
1595.0	-0.04503083852765144	Kocak	permutation	
1596.0	0.12203016719917326	Kocak	permutation	
1597.0	-0.03275787429813626	Kocak	permutation	
1598.0	0.1701437747836314	Kocak	permutation	
1599.0	-0.0005353821875910825	Kocak	permutation	
1600.0	0.07452263775963264	Kocak	permutation	
1601.0	-0.023152180714736126	Kocak	permutation	
1602.0	0.07819577038714698	Kocak	permutation	
1603.0	-0.21473644388225832	Kocak	permutation	
1604.0	0.03470030841809724	Kocak	permutation	
1605.0	0.14212101368856178	Kocak	permutation	
1606.0	-0.00873507097203774	Kocak	permutation	
1607.0	0.06339144155017618	Kocak	permutation	
1608.0	0.25187817172693805	Kocak	permutation	
1609.0	0.02036064955715844	Kocak	permutation	
1610.0	0.22336897547933532	Kocak	permutation	
1611.0	0.05539857481457311	Kocak	permutation	
1612.0	0.03814027945296239	Kocak	permutation	
1613.0	-0.02552904576960735	Kocak	permutation	
1614.0	0.13395536462473778	Kocak	permutation	
1615.0	0.10926554756129558	Kocak	permutation	
1616.0	-0.08557670490943181	Kocak	permutation	
1617.0	-0.014725057859595658	Kocak	permutation	
1618.0	-0.04213166804532342	Kocak	permutation	
1619.0	0.15508564861127816	Kocak	permutation	
1620.0	0.09309817306969759	Kocak	permutation	
1621.0	-0.14023829730979376	Kocak	permutation	
1622.0	0.12164989858351394	Kocak	permutation	
1623.0	0.06479705533263935	Kocak	permutation	
1624.0	0.059569968763918624	Kocak	permutation	
1625.0	-0.06778816395091436	Kocak	permutation	
1626.0	-0.005720075653852241	Kocak	permutation	
1627.0	-0.06353393048639067	Kocak	permutation	
1628.0	0.09654539731053369	Kocak	permutation	
1629.0	0.031130509987737476	Kocak	permutation	
1630.0	0.07512349535054952	Kocak	permutation	
1631.0	0.024091086396608397	Kocak	permutation	
1632.0	0.10296736493859715	Kocak	permutation	
1633.0	-0.015677720001655793	Kocak	permutation	
1634.0	-0.009957113164185571	Kocak	permutation	
1635.0	-0.12585658573088399	Kocak	permutation	
1636.0	0.19944249491683586	Kocak	permutation	
1637.0	-0.1481925827951489	Kocak	permutation	
1638.0	0.14360799063371932	Kocak	permutation	
1639.0	0.06152707333987806	Kocak	permutation	
1640.0	0.03417445696162158	Kocak	permutation	
1641.0	0.1191981044266548	Kocak	permutation	
1642.0	-0.012620946835408375	Kocak	permutation	
1643.0	-0.16959284087830362	Kocak	permutation	
1644.0	0.09022716074896753	Kocak	permutation	
1645.0	0.11513354786290542	Kocak	permutation	
1646.0	0.03786465746960932	Kocak	permutation	
1647.0	0.11747566573194312	Kocak	permutation	
1648.0	0.062240507857691085	Kocak	permutation	
1649.0	0.10331013197726424	Kocak	permutation	
1650.0	0.1623679628626249	Kocak	permutation	
1651.0	-0.07230419136689736	Kocak	permutation	
1652.0	0.0009984458567950938	Kocak	permutation	
1653.0	0.11949082533343969	Kocak	permutation	
1654.0	-0.02056288493970282	Kocak	permutation	
1655.0	-0.04004281245797969	Kocak	permutation	
1656.0	0.10888013039247646	Kocak	permutation	
1657.0	0.13728056363658947	Kocak	permutation	
1658.0	-0.0990634331925051	Kocak	permutation	
1659.0	0.07796406064657635	Kocak	permutation	
1660.0	0.09067464974734651	Kocak	permutation	
1661.0	0.1465422060840771	Kocak	permutation	
1662.0	0.0008582620938826224	Kocak	permutation	
1663.0	0.1383646741192619	Kocak	permutation	
1664.0	-0.06924707499518412	Kocak	permutation	
1665.0	-0.01255719245442144	Kocak	permutation	
1666.0	0.0619554132204545	Kocak	permutation	
1667.0	0.13992100504369187	Kocak	permutation	
1668.0	-0.10057755491053477	Kocak	permutation	
1669.0	0.021238210268436752	Kocak	permutation	
1670.0	0.06284589757680603	Kocak	permutation	
1671.0	0.05705744718239014	Kocak	permutation	
1672.0	0.0930291510737522	Kocak	permutation	
1673.0	0.0763120937751518	Kocak	permutation	
1674.0	0.04598755130886367	Kocak	permutation	
1675.0	-0.12049125374153657	Kocak	permutation	
1676.0	-0.12662203447899412	Kocak	permutation	
1677.0	-0.05157436133556814	Kocak	permutation	
1678.0	-0.12716588802463225	Kocak	permutation	
1679.0	-0.034307561835444034	Kocak	permutation	
1680.0	-0.056518147886834846	Kocak	permutation	
1681.0	-0.030514501140730843	Kocak	permutation	
1682.0	0.04394382531452301	Kocak	permutation	
1683.0	-0.09031574493695338	Kocak	permutation	
1684.0	0.03968712836244137	Kocak	permutation	
1685.0	0.06480015748484469	Kocak	permutation	
1686.0	-0.28757178210697276	Kocak	permutation	
1687.0	-0.05245262049604893	Kocak	permutation	
1688.0	-0.12595204695786766	Kocak	permutation	
1689.0	-0.04826301542606437	Kocak	permutation	
1690.0	0.14969557966392255	Kocak	permutation	
1691.0	-0.07066749785162152	Kocak	permutation	
1692.0	0.013269366964570928	Kocak	permutation	
1693.0	0.11641634565132097	Kocak	permutation	
1694.0	0.06624269848930897	Kocak	permutation	
1695.0	-0.02191942240964906	Kocak	permutation	
1696.0	0.0027863303777948545	Kocak	permutation	
1697.0	0.15336862675095642	Kocak	permutation	
1698.0	0.14159535144326973	Kocak	permutation	
1699.0	0.005709802915136564	Kocak	permutation	
1700.0	-0.07074864701557715	Kocak	permutation	
1701.0	-0.029926493184674108	Kocak	permutation	
1702.0	-0.2349295775225535	Kocak	permutation	
1703.0	-0.07434610394411312	Kocak	permutation	
1704.0	0.013701169063026875	Kocak	permutation	
1705.0	0.13301784082583268	Kocak	permutation	
1706.0	-0.024414516177824197	Kocak	permutation	
1707.0	0.2936984730556276	Kocak	permutation	
1708.0	-0.12654936360447522	Kocak	permutation	
1709.0	0.14044685786674282	Kocak	permutation	
1710.0	-0.15433266716332739	Kocak	permutation	
1711.0	0.08693674016716013	Kocak	permutation	
1712.0	0.04294387905712682	Kocak	permutation	
1713.0	0.08430569846955649	Kocak	permutation	
1714.0	0.014958275454832304	Kocak	permutation	
1715.0	-0.0693354579010288	Kocak	permutation	
1716.0	-0.03353874917910993	Kocak	permutation	
1717.0	-0.11774971686773839	Kocak	permutation	
1718.0	0.08544747220488702	Kocak	permutation	
1719.0	-0.19085120941552614	Kocak	permutation	
1720.0	-0.05621699707022998	Kocak	permutation	
1721.0	-0.041213835920188124	Kocak	permutation	
1722.0	-0.02872677594081363	Kocak	permutation	
1723.0	-0.0450632594172653	Kocak	permutation	
1724.0	0.14435896897716294	Kocak	permutation	
1725.0	0.09589972528116508	Kocak	permutation	
1726.0	0.013032316971131053	Kocak	permutation	
1727.0	0.059284055006020075	Kocak	permutation	
1728.0	-0.04104481197058529	Kocak	permutation	
1729.0	0.026521375209386022	Kocak	permutation	
1730.0	0.008258635859902164	Kocak	permutation	
1731.0	-0.05634371825978057	Kocak	permutation	
1732.0	0.05283337068210159	Kocak	permutation	
1733.0	-0.028392275247147047	Kocak	permutation	
1734.0	-0.015321220068991614	Kocak	permutation	
1735.0	-0.027776762873243932	Kocak	permutation	
1736.0	0.19419179854825952	Kocak	permutation	
1737.0	-0.04983699681305698	Kocak	permutation	
1738.0	0.06763800847539958	Kocak	permutation	
1739.0	0.16484486252813468	Kocak	permutation	
1740.0	0.08637217234345851	Kocak	permutation	
1741.0	0.023476436115028143	Kocak	permutation	
1742.0	-0.28369940750318356	Kocak	permutation	
1743.0	-0.10837699472105466	Kocak	permutation	
1744.0	-0.18941911743837014	Kocak	permutation	
1745.0	0.042078607592550554	Kocak	permutation	
1746.0	-0.07689624506218884	Kocak	permutation	
1747.0	0.05630354560561912	Kocak	permutation	
1748.0	-0.0034269425749107185	Kocak	permutation	
1749.0	0.114220868930615	Kocak	permutation	
1750.0	0.04131546688966292	Kocak	permutation	
1751.0	0.037618232752025804	Kocak	permutation	
1752.0	-0.012133516966962077	Kocak	permutation	
1753.0	-0.0640346423255913	Kocak	permutation	
1754.0	-0.24517193081485456	Kocak	permutation	
1755.0	0.13288747165361858	Kocak	permutation	
1756.0	-0.03241274609414102	Kocak	permutation	
1757.0	0.14503967227128278	Kocak	permutation	
1758.0	0.004445288637511702	Kocak	permutation	
1759.0	-0.05569165021293099	Kocak	permutation	
1760.0	-0.03736291079760967	Kocak	permutation	
1761.0	-0.044967498890221336	Kocak	permutation	
1762.0	0.002491213195063402	Kocak	permutation	
1763.0	0.00964503785309212	Kocak	permutation	
1764.0	-0.026174764866194522	Kocak	permutation	
1765.0	0.04670109920467791	Kocak	permutation	
1766.0	-0.14919703381309102	Kocak	permutation	
1767.0	-0.011822096857420306	Kocak	permutation	
1768.0	-0.06458405304568515	Kocak	permutation	
1769.0	0.07754722861284069	Kocak	permutation	
1770.0	-0.10218445701443013	Kocak	permutation	
1771.0	0.13195051444738226	Kocak	permutation	
1772.0	0.1579422799011514	Kocak	permutation	
1773.0	0.05506422805852207	Kocak	permutation	
1774.0	0.19200986441401557	Kocak	permutation	
1775.0	-0.2152273609087949	Kocak	permutation	
1776.0	-0.11605726490987411	Kocak	permutation	
1777.0	0.08775959143726286	Kocak	permutation	
1778.0	0.06068154670989845	Kocak	permutation	
1779.0	-0.04758896107064281	Kocak	permutation	
1780.0	-0.02492167319044558	Kocak	permutation	
1781.0	0.28994583016840103	Kocak	permutation	
1782.0	0.039125128547075505	Kocak	permutation	
1783.0	-0.09000394042881865	Kocak	permutation	
1784.0	-0.0016197410483815844	Kocak	permutation	
1785.0	-0.22710999447787206	Kocak	permutation	
1786.0	-0.040948837977366814	Kocak	permutation	
1787.0	0.03609372600854588	Kocak	permutation	
1788.0	0.12627708270992954	Kocak	permutation	
1789.0	-0.2032385480263832	Kocak	permutation	
1790.0	0.10026054738051915	Kocak	permutation	
1791.0	-0.09430460790870399	Kocak	permutation	
1792.0	0.09969237018793109	Kocak	permutation	
1793.0	-0.03438592433532772	Kocak	permutation	
1794.0	0.13241796881179546	Kocak	permutation	
1795.0	0.13701108597070188	Kocak	permutation	
1796.0	-0.04208759967324305	Kocak	permutation	
1797.0	-0.13128408310363326	Kocak	permutation	
1798.0	-0.008817972842891209	Kocak	permutation	
1799.0	-0.07406848924535758	Kocak	permutation	
1800.0	-0.16775040018789777	Kocak	permutation	
1801.0	0.025156692453283114	Kocak	permutation	
1802.0	-0.00017193838961127028	Kocak	permutation	
1803.0	-0.03928997743015561	Kocak	permutation	
1804.0	0.011316927359118267	Kocak	permutation	
1805.0	0.061999773482916964	Kocak	permutation	
1806.0	0.11765806494875264	Kocak	permutation	
1807.0	-0.0050660522023715515	Kocak	permutation	
1808.0	0.10675664299586884	Kocak	permutation	
1809.0	0.1616727698010818	Kocak	permutation	
1810.0	-0.013203009607148708	Kocak	permutation	
1811.0	0.0961622394925028	Kocak	permutation	
1812.0	0.010632747981452084	Kocak	permutation	
1813.0	0.24845190623059032	Kocak	permutation	
1814.0	0.1407629916066817	Kocak	permutation	
1815.0	-0.04942925174668655	Kocak	permutation	
1816.0	-0.032357095701526006	Kocak	permutation	
1817.0	0.11674264545699309	Kocak	permutation	
1818.0	0.06572264771614478	Kocak	permutation	
1819.0	0.21047297227784512	Kocak	permutation	
1820.0	0.14422605491926355	Kocak	permutation	
1821.0	-0.05083875926023396	Kocak	permutation	
1822.0	-0.10096090777335043	Kocak	permutation	
1823.0	0.08220504977167753	Kocak	permutation	
1824.0	0.01926629880590358	Kocak	permutation	
1825.0	-0.11020767691131983	Kocak	permutation	
1826.0	0.030796499982027825	Kocak	permutation	
1827.0	-0.06995083474033947	Kocak	permutation	
1828.0	0.008087730289247475	Kocak	permutation	
1829.0	0.0749174659754015	Kocak	permutation	
1830.0	-0.05717702196818575	Kocak	permutation	
1831.0	0.22584029514399084	Kocak	permutation	
1832.0	0.1670822598096393	Kocak	permutation	
1833.0	0.03355500209615414	Kocak	permutation	
1834.0	0.027516106350562453	Kocak	permutation	
1835.0	-0.026014807224390424	Kocak	permutation	
1836.0	-0.06739192217913725	Kocak	permutation	
1837.0	0.03634323638736969	Kocak	permutation	
1838.0	-0.15642312415557846	Kocak	permutation	
1839.0	0.15128407963582102	Kocak	permutation	
1840.0	0.2297359455999679	Kocak	permutation	
1841.0	-0.13951256948459356	Kocak	permutation	
1842.0	0.13125108984283873	Kocak	permutation	
1843.0	0.03362645915424345	Kocak	permutation	
1844.0	0.1141195274023552	Kocak	permutation	
1845.0	0.039165114660533185	Kocak	permutation	
1846.0	-0.0092871023868355	Kocak	permutation	
1847.0	-0.0318076472765636	Kocak	permutation	
1848.0	-0.13123781978826443	Kocak	permutation	
1849.0	0.045203301752488656	Kocak	permutation	
1850.0	0.022502801009682827	Kocak	permutation	
1851.0	-0.06939404846026243	Kocak	permutation	
1852.0	0.0362700199240491	Kocak	permutation	
1853.0	0.08395606685233492	Kocak	permutation	
1854.0	0.031840348644045946	Kocak	permutation	
1855.0	-0.06204018858875315	Kocak	permutation	
1856.0	-0.017577742862807888	Kocak	permutation	
1857.0	-0.12193700936503049	Kocak	permutation	
1858.0	-0.14862657136531787	Kocak	permutation	
1859.0	-0.04410022287265569	Kocak	permutation	
1860.0	-0.00831760411651139	Kocak	permutation	
1861.0	0.13598260574410048	Kocak	permutation	
1862.0	0.06720315592227433	Kocak	permutation	
1863.0	-0.16784722287938791	Kocak	permutation	
1864.0	0.013069056862382133	Kocak	permutation	
1865.0	-0.02847910841428014	Kocak	permutation	
1866.0	-0.05831773695876041	Kocak	permutation	
1867.0	0.07336663183941283	Kocak	permutation	
1868.0	0.07590250336471538	Kocak	permutation	
1869.0	0.16628928635739726	Kocak	permutation	
1870.0	-0.1798155393840588	Kocak	permutation	
1871.0	0.17780910773281366	Kocak	permutation	
1872.0	-0.010433523532320521	Kocak	permutation	
1873.0	0.16791745328886964	Kocak	permutation	
1874.0	-0.13558505459663195	Kocak	permutation	
1875.0	-0.09362622074681415	Kocak	permutation	
1876.0	0.06346404954233797	Kocak	permutation	
1877.0	-0.0888616010221801	Kocak	permutation	
1878.0	0.049938550160222306	Kocak	permutation	
1879.0	0.016240403911810475	Kocak	permutation	
1880.0	-0.09795257862267892	Kocak	permutation	
1881.0	0.011572705978117881	Kocak	permutation	
1882.0	0.0424475066102028	Kocak	permutation	
1883.0	-0.025705581709857483	Kocak	permutation	
1884.0	0.14170006149122294	Kocak	permutation	
1885.0	-0.115658590546591	Kocak	permutation	
1886.0	0.11028161075524157	Kocak	permutation	
1887.0	0.06100032617709239	Kocak	permutation	
1888.0	-0.00769205909309445	Kocak	permutation	
1889.0	0.0843269491336951	Kocak	permutation	
1890.0	0.10964067342751704	Kocak	permutation	
1891.0	0.04426359489852327	Kocak	permutation	
1892.0	0.04248720003731421	Kocak	permutation	
1893.0	-0.054705693438637404	Kocak	permutation	
1894.0	0.1693018028694162	Kocak	permutation	
1895.0	-0.08739675326444907	Kocak	permutation	
1896.0	0.030980507305761407	Kocak	permutation	
1897.0	-0.03710199176657536	Kocak	permutation	
1898.0	-0.24143378209623112	Kocak	permutation	
1899.0	0.1339442684029155	Kocak	permutation	
1900.0	0.10566117199775427	Kocak	permutation	
1901.0	0.0679222811478084	Kocak	permutation	
1902.0	0.07684304724314828	Kocak	permutation	
1903.0	0.04993528736706043	Kocak	permutation	
1904.0	0.04274663015628466	Kocak	permutation	
1905.0	-0.24436598235892237	Kocak	permutation	
1906.0	-0.15492133899906602	Kocak	permutation	
1907.0	-0.02865813141338247	Kocak	permutation	
1908.0	0.027926784927116977	Kocak	permutation	
1909.0	-0.21926940572143394	Kocak	permutation	
1910.0	0.06950410787606387	Kocak	permutation	
1911.0	0.06700705704564314	Kocak	permutation	
1912.0	-0.15805443114287154	Kocak	permutation	
1913.0	-0.04140166026309	Kocak	permutation	
1914.0	0.22582068822945622	Kocak	permutation	
1915.0	0.02125620426548025	Kocak	permutation	
1916.0	0.1592132830857924	Kocak	permutation	
1917.0	0.03124763341750114	Kocak	permutation	
1918.0	-0.17804515817169442	Kocak	permutation	
1919.0	-0.10643517624387844	Kocak	permutation	
1920.0	0.10005550451459655	Kocak	permutation	
1921.0	0.14639222539735197	Kocak	permutation	
1922.0	-0.015276279526425185	Kocak	permutation	
1923.0	-0.12136471801227255	Kocak	permutation	
1924.0	0.040703528176521786	Kocak	permutation	
1925.0	-0.018312756451119405	Kocak	permutation	
1926.0	-0.023802295958561537	Kocak	permutation	
1927.0	-0.14251052894787097	Kocak	permutation	
1928.0	-0.14256335365398431	Kocak	permutation	
1929.0	-0.08106222551369324	Kocak	permutation	
1930.0	0.06355109894228494	Kocak	permutation	
1931.0	-0.11560197000233075	Kocak	permutation	
1932.0	0.1394997309913215	Kocak	permutation	
1933.0	0.047437509931560484	Kocak	permutation	
1934.0	-0.1733109565205151	Kocak	permutation	
1935.0	0.13496334961160983	Kocak	permutation	
1936.0	-0.10630640767134203	Kocak	permutation	
1937.0	0.22760708709961097	Kocak	permutation	
1938.0	0.11689858682218368	Kocak	permutation	
1939.0	0.031053026316209653	Kocak	permutation	
1940.0	-0.022920653287222592	Kocak	permutation	
1941.0	-0.0399197248964418	Kocak	permutation	
1942.0	-0.15606574310258914	Kocak	permutation	
1943.0	0.09253042808187129	Kocak	permutation	
1944.0	0.029446009036418808	Kocak	permutation	
1945.0	0.01429442072505882	Kocak	permutation	
1946.0	-0.042455148720194735	Kocak	permutation	
1947.0	0.09897220759873004	Kocak	permutation	
1948.0	0.002102719873302128	Kocak	permutation	
1949.0	-0.012132073515569886	Kocak	permutation	
1950.0	-0.011058227674351606	Kocak	permutation	
1951.0	0.012587154269525946	Kocak	permutation	
1952.0	0.06652666234158122	Kocak	permutation	
1953.0	0.10276068128010163	Kocak	permutation	
1954.0	-0.020129371067088897	Kocak	permutation	
1955.0	0.07171266063224202	Kocak	permutation	
1956.0	0.06603001166716016	Kocak	permutation	
1957.0	0.11093105485632204	Kocak	permutation	
1958.0	0.11509796337344902	Kocak	permutation	
1959.0	0.09401056462696822	Kocak	permutation	
1960.0	-0.010648628803305193	Kocak	permutation	
1961.0	0.21342985426100824	Kocak	permutation	
1962.0	0.09147591660699028	Kocak	permutation	
1963.0	0.07496485326209257	Kocak	permutation	
1964.0	-0.07439844956025787	Kocak	permutation	
1965.0	0.07030594172696869	Kocak	permutation	
1966.0	-0.09384017028724134	Kocak	permutation	
1967.0	0.08408723263370277	Kocak	permutation	
1968.0	0.08403188202195988	Kocak	permutation	
1969.0	0.04073169395815501	Kocak	permutation	
1970.0	0.04571400697910821	Kocak	permutation	
1971.0	0.12533697554958767	Kocak	permutation	
1972.0	-0.07751490432089092	Kocak	permutation	
1973.0	-0.020187026202645342	Kocak	permutation	
1974.0	-0.16481541841300462	Kocak	permutation	
1975.0	-0.05429062605363555	Kocak	permutation	
1976.0	-0.1558447178534932	Kocak	permutation	
1977.0	0.11455159172987184	Kocak	permutation	
1978.0	0.17429490332886743	Kocak	permutation	
1979.0	-0.03734332846492361	Kocak	permutation	
1980.0	-0.10237054527973388	Kocak	permutation	
1981.0	0.07413480841311859	Kocak	permutation	
1982.0	0.07128128668722145	Kocak	permutation	
1983.0	-0.058089053224272824	Kocak	permutation	
1984.0	-0.14968324819883172	Kocak	permutation	
1985.0	0.0450839948851991	Kocak	permutation	
1986.0	0.08866215103225628	Kocak	permutation	
1987.0	-0.05529014869112281	Kocak	permutation	
1988.0	0.04250759865404152	Kocak	permutation	
1989.0	0.10847920201244587	Kocak	permutation	
1990.0	-0.1447042456548644	Kocak	permutation	
1991.0	0.12991254256006446	Kocak	permutation	
1992.0	-0.14203157622184914	Kocak	permutation	
1993.0	0.13807717373108108	Kocak	permutation	
1994.0	0.06840583594875849	Kocak	permutation	
1995.0	0.07564443662224107	Kocak	permutation	
1996.0	0.046298400957763164	Kocak	permutation	
1997.0	-0.08141516794462245	Kocak	permutation	
1998.0	0.02291476008613369	Kocak	permutation	
1999.0	0.1547899412830036	Kocak	permutation	
2000.0	0.07301813843842986	Kocak	permutation	
2001.0	0.21033309383205712	Kocak	permutation	
2002.0	0.1658355203335189	Kocak	permutation	
2003.0	0.0035306329370454748	Kocak	permutation	
2004.0	-0.11821288159256849	Kocak	permutation	
2005.0	0.009154768134028046	Kocak	permutation	
2006.0	0.05304745694749613	Kocak	permutation	
2007.0	0.12071664049961672	Kocak	permutation	
2008.0	0.02541222630520945	Kocak	permutation	
2009.0	-0.07922503583354512	Kocak	permutation	
2010.0	0.09165394621300749	Kocak	permutation	
2011.0	-0.16624642928201006	Kocak	permutation	
2012.0	0.24668527832443932	Kocak	permutation	
2013.0	-0.0712835265164955	Kocak	permutation	
2014.0	-0.1379412792116126	Kocak	permutation	
2015.0	-0.12926384541983182	Kocak	permutation	
2016.0	0.03351910432993144	Kocak	permutation	
2017.0	0.10548059410040889	Kocak	permutation	
2018.0	0.11537167897674205	Kocak	permutation	
2019.0	0.023225810118574053	Kocak	permutation	
2020.0	0.088969045259498	Kocak	permutation	
2021.0	-0.17903992709266348	Kocak	permutation	
2022.0	-0.2609720990251967	Kocak	permutation	
2023.0	0.010331793753976193	Kocak	permutation	
2024.0	-0.07960870048030788	Kocak	permutation	
2025.0	-0.0765837118701942	Kocak	permutation	
2026.0	0.015741196481999786	Kocak	permutation	
2027.0	-0.04045885370114277	Kocak	permutation	
2028.0	0.13099128996750675	Kocak	permutation	
2029.0	0.13057074948496084	Kocak	permutation	
2030.0	0.02810207504196427	Kocak	permutation	
2031.0	0.16797021368909437	Kocak	permutation	
2032.0	0.07530514428385793	Kocak	permutation	
2033.0	-0.09282375734859638	Kocak	permutation	
2034.0	-0.18777590879408024	Kocak	permutation	
2035.0	-0.04528181529804609	Kocak	permutation	
2036.0	0.1429763808438711	Kocak	permutation	
2037.0	-0.12518734529920472	Kocak	permutation	
2038.0	0.06593930739794462	Kocak	permutation	
2039.0	-0.15880635139863664	Kocak	permutation	
2040.0	0.034994879167921766	Kocak	permutation	
2041.0	0.0031669943401135825	Kocak	permutation	
2042.0	0.08596656187353524	Kocak	permutation	
2043.0	-0.014805737039240263	Kocak	permutation	
2044.0	0.22680468449782687	Kocak	permutation	
2045.0	0.007962514040292135	Kocak	permutation	
2046.0	-0.033023871810258676	Kocak	permutation	
2047.0	0.0061755936809033685	Kocak	permutation	
2048.0	0.13230223393274443	Kocak	permutation	
2049.0	0.09911651599575055	Kocak	permutation	
2050.0	0.13693622905876346	Kocak	permutation	
2051.0	0.06850108854415815	Kocak	permutation	
2052.0	-0.03656776274069795	Kocak	permutation	
2053.0	0.024649600284495143	Kocak	permutation	
2054.0	-0.07136059348269796	Kocak	permutation	
2055.0	-0.055673294852628175	Kocak	permutation	
2056.0	0.21720983371620672	Kocak	permutation	
2057.0	-0.18740253857744626	Kocak	permutation	
2058.0	-0.08406720161975745	Kocak	permutation	
2059.0	0.19355294748975016	Kocak	permutation	
2060.0	-0.026103871064082185	Kocak	permutation	
2061.0	0.04661434376978324	Kocak	permutation	
2062.0	-0.034059024154646345	Kocak	permutation	
2063.0	-0.17750485985373743	Kocak	permutation	
2064.0	-0.021823145051912185	Kocak	permutation	
2065.0	0.15830167102368442	Kocak	permutation	
2066.0	0.09042580346134166	Kocak	permutation	
2067.0	-0.210215701807976	Kocak	permutation	
2068.0	0.0806814388103998	Kocak	permutation	
2069.0	0.03349224365024739	Kocak	permutation	
2070.0	-0.0794610433942573	Kocak	permutation	
2071.0	0.1699467372473924	Kocak	permutation	
2072.0	-0.13299327984467446	Kocak	permutation	
2073.0	-0.04605202190738655	Kocak	permutation	
2074.0	0.005646871199941117	Kocak	permutation	
2075.0	0.10488508835191368	Kocak	permutation	
2076.0	-0.11852644439209836	Kocak	permutation	
2077.0	0.0724108226384308	Kocak	permutation	
2078.0	0.051716698381083503	Kocak	permutation	
2079.0	-0.016858558521242628	Kocak	permutation	
2080.0	-0.2255618914006119	Kocak	permutation	
2081.0	-0.10261095787349372	Kocak	permutation	
2082.0	-0.17583326527025633	Kocak	permutation	
2083.0	-0.17025128057414562	Kocak	permutation	
2084.0	0.08554951554632151	Kocak	permutation	
2085.0	0.08888108811187312	Kocak	permutation	
2086.0	-0.0817708743132588	Kocak	permutation	
2087.0	0.03446029266133088	Kocak	permutation	
2088.0	-0.10025389675180296	Kocak	permutation	
2089.0	0.07942751510367607	Kocak	permutation	
2090.0	0.15888005149067475	Kocak	permutation	
2091.0	-0.07370279286484394	Kocak	permutation	
2092.0	-0.031764274053529995	Kocak	permutation	
2093.0	0.024623612361817315	Kocak	permutation	
2094.0	-0.0861013601475431	Kocak	permutation	
2095.0	-0.024690187442178768	Kocak	permutation	
2096.0	0.0865488695421126	Kocak	permutation	
2097.0	-0.0021404170806329503	Kocak	permutation	
2098.0	0.02878150094623244	Kocak	permutation	
2099.0	0.03269509736981835	Kocak	permutation	
2100.0	0.04618693271151919	Kocak	permutation	
2101.0	-0.0010762681975924338	Kocak	permutation	
2102.0	0.219017153495364	Kocak	permutation	
2103.0	0.11443661563737528	Kocak	permutation	
2104.0	0.032663893505853636	Kocak	permutation	
2105.0	0.08978734556518386	Kocak	permutation	
2106.0	0.02065962253167175	Kocak	permutation	
2107.0	-0.12295385313921514	Kocak	permutation	
2108.0	0.017861588689492613	Kocak	permutation	
2109.0	-0.008253231834824959	Kocak	permutation	
2110.0	0.10663389361691689	Kocak	permutation	
2111.0	-0.010957849189067836	Kocak	permutation	
2112.0	-0.12814574635113551	Kocak	permutation	
2113.0	-0.09124874955685058	Kocak	permutation	
2114.0	-0.027301058541469914	Kocak	permutation	
2115.0	0.12282040912844927	Kocak	permutation	
2116.0	-0.12729173977600716	Kocak	permutation	
2117.0	-0.03335742019579069	Kocak	permutation	
2118.0	-0.006335589894940874	Kocak	permutation	
2119.0	-0.0036244266475362608	Kocak	permutation	
2120.0	0.1082480748405521	Kocak	permutation	
2121.0	-0.014748740116738546	Kocak	permutation	
2122.0	0.04059026858970949	Kocak	permutation	
2123.0	-0.022294765416813078	Kocak	permutation	
2124.0	0.017929086529439253	Kocak	permutation	
2125.0	-0.039550253377946376	Kocak	permutation	
2126.0	-0.1558340917884582	Kocak	permutation	
2127.0	-0.04178021021588396	Kocak	permutation	
2128.0	0.003409272577923339	Kocak	permutation	
2129.0	0.0964036581256913	Kocak	permutation	
2130.0	-0.05964070256594489	Kocak	permutation	
2131.0	-0.031865848899687244	Kocak	permutation	
2132.0	-0.031979518609761115	Kocak	permutation	
2133.0	0.051080716022692485	Kocak	permutation	
2134.0	0.05128168873008132	Kocak	permutation	
2135.0	-0.02572217110053021	Kocak	permutation	
2136.0	0.006954852494593489	Kocak	permutation	
2137.0	-0.19763216675917938	Kocak	permutation	
2138.0	-0.04830067840580998	Kocak	permutation	
2139.0	-0.2032545832090369	Kocak	permutation	
2140.0	0.0313190986044809	Kocak	permutation	
2141.0	-0.04489340538951492	Kocak	permutation	
2142.0	0.10820081821953487	Kocak	permutation	
2143.0	0.003829065662842801	Kocak	permutation	
2144.0	0.13847971692652372	Kocak	permutation	
2145.0	0.08701186641857195	Kocak	permutation	
2146.0	-0.06648596089097314	Kocak	permutation	
2147.0	-0.12477216574176797	Kocak	permutation	
2148.0	0.2011000541930379	Kocak	permutation	
2149.0	0.15758889115861852	Kocak	permutation	
2150.0	0.049263750987520005	Kocak	permutation	
2151.0	0.05593289569991189	Kocak	permutation	
2152.0	-0.08285999437873048	Kocak	permutation	
2153.0	0.08634532924532135	Kocak	permutation	
2154.0	0.011623774383039631	Kocak	permutation	
2155.0	0.19239403877636452	Kocak	permutation	
2156.0	-0.23721256472385743	Kocak	permutation	
2157.0	0.07909819302813581	Kocak	permutation	
2158.0	0.0021584191778956097	Kocak	permutation	
2159.0	-0.07275658520142425	Kocak	permutation	
2160.0	-0.10989658806607405	Kocak	permutation	
2161.0	-0.05068166615172576	Kocak	permutation	
2162.0	0.2166094789389872	Kocak	permutation	
2163.0	0.07446300269082684	Kocak	permutation	
2164.0	0.14993753743566796	Kocak	permutation	
2165.0	0.08536518308365615	Kocak	permutation	
2166.0	0.06248606154898706	Kocak	permutation	
2167.0	0.11108204645252062	Kocak	permutation	
2168.0	-0.09369844156115192	Kocak	permutation	
2169.0	0.0031742204027329635	Kocak	permutation	
2170.0	0.07361285117738703	Kocak	permutation	
2171.0	-0.004911104235653774	Kocak	permutation	
2172.0	-0.08810569285103753	Kocak	permutation	
2173.0	0.15745499385060313	Kocak	permutation	
2174.0	-0.001306425772102493	Kocak	permutation	
2175.0	-0.00382888386154967	Kocak	permutation	
2176.0	0.18226475745164716	Kocak	permutation	
2177.0	0.09696021900111518	Kocak	permutation	
2178.0	-0.06525813425403104	Kocak	permutation	
2179.0	-0.05405970596366938	Kocak	permutation	
2180.0	-0.0458758122921159	Kocak	permutation	
2181.0	-0.07315955049782907	Kocak	permutation	
2182.0	-0.024827895494001773	Kocak	permutation	
2183.0	-0.0437061194088475	Kocak	permutation	
2184.0	-0.020223273121017016	Kocak	permutation	
2185.0	-0.1427905776212235	Kocak	permutation	
2186.0	0.09589643966498684	Kocak	permutation	
2187.0	0.21652580796505383	Kocak	permutation	
2188.0	0.07358455828165145	Kocak	permutation	
2189.0	0.1307687001274358	Kocak	permutation	
2190.0	-0.08242669793556434	Kocak	permutation	
2191.0	0.06901382638706632	Kocak	permutation	
2192.0	0.003747404900724227	Kocak	permutation	
2193.0	0.1861732792084867	Kocak	permutation	
2194.0	-0.053358593220979245	Kocak	permutation	
2195.0	0.06343400837614599	Kocak	permutation	
2196.0	0.022322479574851783	Kocak	permutation	
2197.0	0.07323546551849969	Kocak	permutation	
2198.0	0.08091722062869078	Kocak	permutation	
2199.0	0.12127782371302409	Kocak	permutation	
2200.0	0.04966614031747785	Kocak	permutation	
2201.0	0.09638580192306989	Kocak	permutation	
2202.0	-0.003424975467749114	Kocak	permutation	
2203.0	0.1322741802729004	Kocak	permutation	
2204.0	0.11943349379251877	Kocak	permutation	
2205.0	-0.23909224692176956	Kocak	permutation	
2206.0	-0.15377587626907196	Kocak	permutation	
2207.0	0.0012587934913934617	Kocak	permutation	
2208.0	-0.08783745391542563	Kocak	permutation	
2209.0	-0.07202451244113295	Kocak	permutation	
2210.0	0.15576397181280033	Kocak	permutation	
2211.0	-0.03937531263172467	Kocak	permutation	
2212.0	0.18943786738583146	Kocak	permutation	
2213.0	-0.11099502255501914	Kocak	permutation	
2214.0	0.09435813901260026	Kocak	permutation	
2215.0	-0.13755980206402096	Kocak	permutation	
2216.0	-0.07993000808666118	Kocak	permutation	
2217.0	-0.1450595900364089	Kocak	permutation	
2218.0	0.14399794621092177	Kocak	permutation	
2219.0	0.0775269208057594	Kocak	permutation	
2220.0	0.034184477744643615	Kocak	permutation	
2221.0	0.1079941761916352	Kocak	permutation	
2222.0	-0.21510559578755473	Kocak	permutation	
2223.0	0.1187074783065043	Kocak	permutation	
2224.0	0.013880414108777828	Kocak	permutation	
2225.0	0.07106249934739672	Kocak	permutation	
2226.0	0.03036476518745168	Kocak	permutation	
2227.0	0.09356886479474014	Kocak	permutation	
2228.0	-0.06894721842661689	Kocak	permutation	
2229.0	-0.008840140338628899	Kocak	permutation	
2230.0	0.0452073858191584	Kocak	permutation	
2231.0	-0.11251114003862561	Kocak	permutation	
2232.0	-0.06142782512448708	Kocak	permutation	
2233.0	-0.1735022361375389	Kocak	permutation	
2234.0	0.09383815228093262	Kocak	permutation	
2235.0	-0.08251497411688291	Kocak	permutation	
2236.0	0.03762797044977795	Kocak	permutation	
2237.0	0.10478563586834078	Kocak	permutation	
2238.0	0.01454310805935588	Kocak	permutation	
2239.0	-0.011489310776182649	Kocak	permutation	
2240.0	0.04736544015288757	Kocak	permutation	
2241.0	0.11070384510527287	Kocak	permutation	
2242.0	0.06410802424705153	Kocak	permutation	
2243.0	0.14874364780449145	Kocak	permutation	
2244.0	-0.12044283419697521	Kocak	permutation	
2245.0	0.10492214235720176	Kocak	permutation	
2246.0	-0.14673641426429906	Kocak	permutation	
2247.0	-0.011869684611752085	Kocak	permutation	
2248.0	-0.10766555994777782	Kocak	permutation	
2249.0	0.2141175398274493	Kocak	permutation	
2250.0	-0.11978545771985782	Kocak	permutation	
2251.0	0.009927879749768387	Kocak	permutation	
2252.0	0.08240360407059288	Kocak	permutation	
2253.0	0.16903130227616092	Kocak	permutation	
2254.0	0.1655775583687662	Kocak	permutation	
2255.0	-0.06012252471145718	Kocak	permutation	
2256.0	0.16559461430181877	Kocak	permutation	
2257.0	0.0475027036799629	Kocak	permutation	
2258.0	0.21864963268564352	Kocak	permutation	
2259.0	-0.15646285611297017	Kocak	permutation	
2260.0	0.08767026931225796	Kocak	permutation	
2261.0	-0.1514030660165515	Kocak	permutation	
2262.0	-0.23436644791281935	Kocak	permutation	
2263.0	-0.17072818824458036	Kocak	permutation	
2264.0	-0.0480055994810602	Kocak	permutation	
2265.0	-0.006901459866401005	Kocak	permutation	
2266.0	-0.03297585107941092	Kocak	permutation	
2267.0	0.1221780676249935	Kocak	permutation	
2268.0	-0.10150817432685777	Kocak	permutation	
2269.0	0.06420900332399615	Kocak	permutation	
2270.0	-0.11157146179962663	Kocak	permutation	
2271.0	-0.28763541979146456	Kocak	permutation	
2272.0	0.14000696851246452	Kocak	permutation	
2273.0	-0.013861304082928072	Kocak	permutation	
2274.0	-0.05820322017727353	Kocak	permutation	
2275.0	-0.06989906047476957	Kocak	permutation	
2276.0	0.18984365953769	Kocak	permutation	
2277.0	-0.1012561525982516	Kocak	permutation	
2278.0	0.10716991680549537	Kocak	permutation	
2279.0	-0.06150743951305504	Kocak	permutation	
2280.0	-0.11759992994818269	Kocak	permutation	
2281.0	0.0660219405938891	Kocak	permutation	
2282.0	0.14888222362115489	Kocak	permutation	
2283.0	0.010145978457749116	Kocak	permutation	
2284.0	-0.1451637067387459	Kocak	permutation	
2285.0	0.1429134097862974	Kocak	permutation	
2286.0	-0.0018389904480304864	Kocak	permutation	
2287.0	-0.0061860092552095125	Kocak	permutation	
2288.0	-0.09781888803835326	Kocak	permutation	
2289.0	0.11799465288367283	Kocak	permutation	
2290.0	0.06389485423268848	Kocak	permutation	
2291.0	0.12666527209218081	Kocak	permutation	
2292.0	0.039831967636146715	Kocak	permutation	
2293.0	0.00254342129216667	Kocak	permutation	
2294.0	-0.06127477339975318	Kocak	permutation	
2295.0	0.15870015391392123	Kocak	permutation	
2296.0	0.0012427588858177074	Kocak	permutation	
2297.0	0.1382811639982151	Kocak	permutation	
2298.0	-0.02904557834742505	Kocak	permutation	
2299.0	0.02186278894545257	Kocak	permutation	
2300.0	-0.027660852113151613	Kocak	permutation	
2301.0	0.02573550599441976	Kocak	permutation	
2302.0	-0.18263433439110877	Kocak	permutation	
2303.0	-0.05390167764672338	Kocak	permutation	
2304.0	0.08843336634154841	Kocak	permutation	
2305.0	-0.18927418817729524	Kocak	permutation	
2306.0	0.1428474861347402	Kocak	permutation	
2307.0	0.06399579797202293	Kocak	permutation	
2308.0	-0.18718615943091965	Kocak	permutation	
2309.0	-0.22669775861320485	Kocak	permutation	
2310.0	0.11623251104271404	Kocak	permutation	
2311.0	0.1910685290340517	Kocak	permutation	
2312.0	0.06576492092980146	Kocak	permutation	
2313.0	-0.02801408464459776	Kocak	permutation	
2314.0	0.0029043652861542313	Kocak	permutation	
2315.0	0.18267907328567556	Kocak	permutation	
2316.0	0.12107927067461599	Kocak	permutation	
2317.0	0.01354887849900166	Kocak	permutation	
2318.0	0.0035519708302844677	Kocak	permutation	
2319.0	0.05713416608537614	Kocak	permutation	
2320.0	0.011917216169491596	Kocak	permutation	
2321.0	0.0788790172287035	Kocak	permutation	
2322.0	0.13337979224591479	Kocak	permutation	
2323.0	-0.08721967245360585	Kocak	permutation	
2324.0	0.12153970007337911	Kocak	permutation	
2325.0	0.1504123501615986	Kocak	permutation	
2326.0	-0.1556435013202062	Kocak	permutation	
2327.0	0.0005881005278922657	Kocak	permutation	
2328.0	0.032412711111364345	Kocak	permutation	
2329.0	-0.04193105250542484	Kocak	permutation	
2330.0	0.028316841675684046	Kocak	permutation	
2331.0	-0.058643076880053435	Kocak	permutation	
2332.0	0.1997895457514689	Kocak	permutation	
2333.0	0.13085407557004114	Kocak	permutation	
2334.0	0.0705453206850688	Kocak	permutation	
2335.0	0.007376272161496722	Kocak	permutation	
2336.0	0.10646238180382994	Kocak	permutation	
2337.0	-0.011353684077206161	Kocak	permutation	
2338.0	-0.14731283057769584	Kocak	permutation	
2339.0	0.037693943967901156	Kocak	permutation	
2340.0	0.1812344579668954	Kocak	permutation	
2341.0	-0.07212162459671312	Kocak	permutation	
2342.0	0.13981479659283558	Kocak	permutation	
2343.0	-0.09630928743480727	Kocak	permutation	
2344.0	-0.06910503197272799	Kocak	permutation	
2345.0	0.011493501717047216	Kocak	permutation	
2346.0	0.1625553737564971	Kocak	permutation	
2347.0	0.19631154272444817	Kocak	permutation	
2348.0	0.04848297438326199	Kocak	permutation	
2349.0	-0.045246480888147644	Kocak	permutation	
2350.0	-0.053062469343607255	Kocak	permutation	
2351.0	-0.28466184083592516	Kocak	permutation	
2352.0	0.09218602206070159	Kocak	permutation	
2353.0	0.14995180149712617	Kocak	permutation	
2354.0	0.0888084545359229	Kocak	permutation	
2355.0	0.04538917996727854	Kocak	permutation	
2356.0	-0.006835931706826948	Kocak	permutation	
2357.0	-0.09090462995063309	Kocak	permutation	
2358.0	-0.059738836100218684	Kocak	permutation	
2359.0	-0.0714568961783506	Kocak	permutation	
2360.0	0.019004103527903382	Kocak	permutation	
2361.0	0.0585424110256465	Kocak	permutation	
2362.0	0.13998648660176194	Kocak	permutation	
2363.0	-0.2094569727572022	Kocak	permutation	
2364.0	0.03997547810920565	Kocak	permutation	
2365.0	-0.16292379015115532	Kocak	permutation	
2366.0	-0.08155854432659115	Kocak	permutation	
2367.0	-0.022779953294570277	Kocak	permutation	
2368.0	-0.18689794045084795	Kocak	permutation	
2369.0	-0.21321690974759466	Kocak	permutation	
2370.0	-0.08940223916395595	Kocak	permutation	
2371.0	-0.038000802016862956	Kocak	permutation	
2372.0	0.1058855861365533	Kocak	permutation	
2373.0	0.05670304720803632	Kocak	permutation	
2374.0	0.16755376140963918	Kocak	permutation	
2375.0	-0.0565426342465738	Kocak	permutation	
2376.0	-0.16188283293178074	Kocak	permutation	
2377.0	0.13063858235684211	Kocak	permutation	
2378.0	0.031133127564232588	Kocak	permutation	
2379.0	0.06834908112006399	Kocak	permutation	
2380.0	-0.0540086385592673	Kocak	permutation	
2381.0	0.06844946924762674	Kocak	permutation	
2382.0	0.13297807664459604	Kocak	permutation	
2383.0	0.19244207760281817	Kocak	permutation	
2384.0	0.009314121160444166	Kocak	permutation	
2385.0	0.2689890945965301	Kocak	permutation	
2386.0	0.023975374592303922	Kocak	permutation	
2387.0	-0.1580354098561001	Kocak	permutation	
2388.0	0.0806998455045207	Kocak	permutation	
2389.0	-0.07424691759015101	Kocak	permutation	
2390.0	0.11702238916081331	Kocak	permutation	
2391.0	-0.12636009057657827	Kocak	permutation	
2392.0	-0.09261655742562791	Kocak	permutation	
2393.0	0.15705956622710637	Kocak	permutation	
2394.0	-0.06595547942761026	Kocak	permutation	
2395.0	0.20734086777587546	Kocak	permutation	
2396.0	0.0324697728821528	Kocak	permutation	
2397.0	0.004553635585839544	Kocak	permutation	
2398.0	-0.08547687457271547	Kocak	permutation	
2399.0	0.07921898737858868	Kocak	permutation	
2400.0	0.035213067426552946	Kocak	permutation	
2401.0	0.040554352781768443	Kocak	permutation	
2402.0	-0.22293498683010604	Kocak	permutation	
2403.0	-0.16071654299113014	Kocak	permutation	
2404.0	-0.10181690358145534	Kocak	permutation	
2405.0	-0.10030123605836927	Kocak	permutation	
2406.0	0.03494405258425637	Kocak	permutation	
2407.0	-0.09653356124032264	Kocak	permutation	
2408.0	-0.043679911591885556	Kocak	permutation	
2409.0	0.15640985298773646	Kocak	permutation	
2410.0	0.07067152064141347	Kocak	permutation	
2411.0	-0.098609852071184	Kocak	permutation	
2412.0	-0.172444641715086	Kocak	permutation	
2413.0	0.0065741732159896316	Kocak	permutation	
2414.0	-0.03942940511465931	Kocak	permutation	
2415.0	-0.05402023209700069	Kocak	permutation	
2416.0	-0.06743401877612332	Kocak	permutation	
2417.0	0.16126640740534715	Kocak	permutation	
2418.0	0.0654050107163231	Kocak	permutation	
2419.0	0.1356064261618064	Kocak	permutation	
2420.0	-0.16659516531901986	Kocak	permutation	
2421.0	-0.12440951837209724	Kocak	permutation	
2422.0	-0.0341355589446426	Kocak	permutation	
2423.0	0.2203624171859797	Kocak	permutation	
2424.0	-0.0990240134934286	Kocak	permutation	
2425.0	-0.015745850121467342	Kocak	permutation	
2426.0	0.023390757883209545	Kocak	permutation	
2427.0	0.00698869854106654	Kocak	permutation	
2428.0	-0.00339817498966255	Kocak	permutation	
2429.0	-0.22691790734076367	Kocak	permutation	
2430.0	0.13903890748919512	Kocak	permutation	
2431.0	-0.12559552158570586	Kocak	permutation	
2432.0	-0.11002801362607784	Kocak	permutation	
2433.0	-0.05890182566348212	Kocak	permutation	
2434.0	0.21823119454502304	Kocak	permutation	
2435.0	0.10665450236643448	Kocak	permutation	
2436.0	-0.0024922709868073767	Kocak	permutation	
2437.0	0.18902165242978786	Kocak	permutation	
2438.0	0.06864224212305547	Kocak	permutation	
2439.0	0.2587621321961535	Kocak	permutation	
2440.0	0.06901838959810558	Kocak	permutation	
2441.0	0.033996512903670784	Kocak	permutation	
2442.0	0.05077898567882322	Kocak	permutation	
2443.0	0.151735939443971	Kocak	permutation	
2444.0	-0.024410656528429442	Kocak	permutation	
2445.0	-0.004193451669033621	Kocak	permutation	
2446.0	0.15028646067864226	Kocak	permutation	
2447.0	0.03886021607404366	Kocak	permutation	
2448.0	-0.12689534164070615	Kocak	permutation	
2449.0	-0.05394909414840221	Kocak	permutation	
2450.0	0.0005233988168873438	Kocak	permutation	
2451.0	0.05687146123055342	Kocak	permutation	
2452.0	-0.2529498541528339	Kocak	permutation	
2453.0	-0.050686776688247726	Kocak	permutation	
2454.0	-0.04180866282764306	Kocak	permutation	
2455.0	0.06511814528506221	Kocak	permutation	
2456.0	0.04034559579175312	Kocak	permutation	
2457.0	-0.06632573940873421	Kocak	permutation	
2458.0	-0.07051324038100848	Kocak	permutation	
2459.0	0.10294073012551674	Kocak	permutation	
2460.0	0.13798433851947944	Kocak	permutation	
2461.0	0.14742181042858427	Kocak	permutation	
2462.0	-0.12743127463670856	Kocak	permutation	
2463.0	-0.010250585472870277	Kocak	permutation	
2464.0	-0.024843268494769255	Kocak	permutation	
2465.0	-0.13977072293910897	Kocak	permutation	
2466.0	0.1905810151249323	Kocak	permutation	
2467.0	-0.017987978524044657	Kocak	permutation	
2468.0	0.20690623961288956	Kocak	permutation	
2469.0	0.02643090656508651	Kocak	permutation	
2470.0	-0.05100099960129967	Kocak	permutation	
2471.0	0.03445949371236434	Kocak	permutation	
2472.0	-0.20477899946690137	Kocak	permutation	
2473.0	0.063114763355542	Kocak	permutation	
2474.0	-0.09438749572674343	Kocak	permutation	
2475.0	0.04918483962823217	Kocak	permutation	
2476.0	0.048673158504687564	Kocak	permutation	
2477.0	0.1546277049444118	Kocak	permutation	
2478.0	0.07957941458199969	Kocak	permutation	
2479.0	-0.00877784504289636	Kocak	permutation	
2480.0	-0.15668110938199664	Kocak	permutation	
2481.0	-0.1584084993230892	Kocak	permutation	
2482.0	0.11671297589420337	Kocak	permutation	
2483.0	0.03657022598392157	Kocak	permutation	
2484.0	-0.06858640162958896	Kocak	permutation	
2485.0	0.11264198110605772	Kocak	permutation	
2486.0	0.08491483201472061	Kocak	permutation	
2487.0	0.16129863200825234	Kocak	permutation	
2488.0	-0.040921804410699814	Kocak	permutation	
2489.0	-0.07544070235405176	Kocak	permutation	
2490.0	-0.012578616232710615	Kocak	permutation	
2491.0	0.061122221906515506	Kocak	permutation	
2492.0	0.1371250344915529	Kocak	permutation	
2493.0	0.02281842154454239	Kocak	permutation	
2494.0	-0.06828836822838547	Kocak	permutation	
2495.0	-0.030038711921585914	Kocak	permutation	
2496.0	-0.043509111073464446	Kocak	permutation	
2497.0	0.11088191821983973	Kocak	permutation	
2498.0	-0.05916574358103244	Kocak	permutation	
2499.0	-0.11353169675003283	Kocak	permutation	
2500.0	0.061460927064876714	Kocak	permutation	
2501.0	-0.061184882751066816	Kocak	permutation	
2502.0	0.06525526993856001	Kocak	permutation	
2503.0	0.03238801450615014	Kocak	permutation	
2504.0	0.29631241563522703	Kocak	permutation	
2505.0	0.0455751881825206	Kocak	permutation	
2506.0	-0.005912392885396578	Kocak	permutation	
2507.0	-0.00822984227606316	Kocak	permutation	
2508.0	-0.11000765603319529	Kocak	permutation	
2509.0	-0.030321035853764222	Kocak	permutation	
2510.0	-0.20149446835365925	Kocak	permutation	
2511.0	-0.005111455985316482	Kocak	permutation	
2512.0	0.05819782443250432	Kocak	permutation	
2513.0	-0.06731859915484684	Kocak	permutation	
2514.0	-0.10140772471659076	Kocak	permutation	
2515.0	-0.12341608172962903	Kocak	permutation	
2516.0	0.23037491405814858	Kocak	permutation	
2517.0	0.0844117212416986	Kocak	permutation	
2518.0	-0.2366084938577675	Kocak	permutation	
2519.0	0.02866313926741615	Kocak	permutation	
2520.0	0.013641946511624425	Kocak	permutation	
2521.0	0.02810229191544611	Kocak	permutation	
2522.0	0.24972450051169925	Kocak	permutation	
2523.0	-0.11685681837843376	Kocak	permutation	
2524.0	0.059413419108135024	Kocak	permutation	
2525.0	-0.0583377073054665	Kocak	permutation	
2526.0	0.10862950694656792	Kocak	permutation	
2527.0	-0.02001705748108229	Kocak	permutation	
2528.0	0.03792002683740936	Kocak	permutation	
2529.0	0.12677182377031038	Kocak	permutation	
2530.0	0.10372263761861866	Kocak	permutation	
2531.0	0.06316852747669444	Kocak	permutation	
2532.0	0.0614453749172581	Kocak	permutation	
2533.0	-0.029574554536623054	Kocak	permutation	
2534.0	-0.07297632929823283	Kocak	permutation	
2535.0	0.12887230122752324	Kocak	permutation	
2536.0	-0.1356445130253947	Kocak	permutation	
2537.0	0.0903702317541768	Kocak	permutation	
2538.0	0.057808598830356495	Kocak	permutation	
2539.0	-0.07041953051765049	Kocak	permutation	
2540.0	0.07875100966038495	Kocak	permutation	
2541.0	-0.1594830280641677	Kocak	permutation	
2542.0	-0.09447664569545555	Kocak	permutation	
2543.0	-0.00317001681209117	Kocak	permutation	
2544.0	0.2142431674062193	Kocak	permutation	
2545.0	-0.009456009994096348	Kocak	permutation	
2546.0	-0.08472349779697108	Kocak	permutation	
2547.0	-0.13779336280801502	Kocak	permutation	
2548.0	0.14163798251489546	Kocak	permutation	
2549.0	-0.07770424474453286	Kocak	permutation	
2550.0	0.09426517694443248	Kocak	permutation	
2551.0	0.05073632926575122	Kocak	permutation	
2552.0	0.14655880156530898	Kocak	permutation	
2553.0	0.12841843859918622	Kocak	permutation	
2554.0	-0.02063729499425193	Kocak	permutation	
2555.0	-0.058945612429937455	Kocak	permutation	
2556.0	-0.1269700134664422	Kocak	permutation	
2557.0	-0.03988330648006144	Kocak	permutation	
2558.0	0.05943733987138433	Kocak	permutation	
2559.0	-0.1302976631183288	Kocak	permutation	
2560.0	-0.015779027759872832	Kocak	permutation	
2561.0	-0.14678124766150802	Kocak	permutation	
2562.0	0.10557418239898197	Kocak	permutation	
2563.0	0.02075453144298489	Kocak	permutation	
2564.0	-0.12488373688057397	Kocak	permutation	
2565.0	3.531369335707524e-05	Kocak	permutation	
2566.0	0.09195290036603065	Kocak	permutation	
2567.0	0.0720476865249502	Kocak	permutation	
2568.0	0.03199105116749035	Kocak	permutation	
2569.0	0.018528054538071714	Kocak	permutation	
2570.0	0.03377831861391645	Kocak	permutation	
2571.0	-0.03250774401729917	Kocak	permutation	
2572.0	0.009498582082229312	Kocak	permutation	
2573.0	0.06845337703427834	Kocak	permutation	
2574.0	-0.13825299938702873	Kocak	permutation	
2575.0	-0.08623467487836223	Kocak	permutation	
2576.0	0.057622241104338556	Kocak	permutation	
2577.0	0.003779427606120933	Kocak	permutation	
2578.0	0.042153852656642954	Kocak	permutation	
2579.0	-0.07970034420650052	Kocak	permutation	
2580.0	0.1662693795744321	Kocak	permutation	
2581.0	0.05733911013348347	Kocak	permutation	
2582.0	0.10431152937736332	Kocak	permutation	
2583.0	-0.049182388993956216	Kocak	permutation	
2584.0	0.08297854961192552	Kocak	permutation	
2585.0	-0.059235221131066496	Kocak	permutation	
2586.0	-0.05896301211703747	Kocak	permutation	
2587.0	0.10669365949230247	Kocak	permutation	
2588.0	-0.07953558879454636	Kocak	permutation	
2589.0	0.05504104259300746	Kocak	permutation	
2590.0	-0.17165528788799733	Kocak	permutation	
2591.0	0.10715809832822831	Kocak	permutation	
2592.0	-0.101258904942231	Kocak	permutation	
2593.0	0.10539757667352845	Kocak	permutation	
2594.0	-0.0475290103849213	Kocak	permutation	
2595.0	-0.07469903244485643	Kocak	permutation	
2596.0	0.08684385309542453	Kocak	permutation	
2597.0	0.11013315944932334	Kocak	permutation	
2598.0	0.04525964169080332	Kocak	permutation	
2599.0	0.08227384609540156	Kocak	permutation	
2600.0	0.03642677684240336	Kocak	permutation	
2601.0	0.025523780795279727	Kocak	permutation	
2602.0	-0.12096104215665981	Kocak	permutation	
2603.0	0.14732577242849487	Kocak	permutation	
2604.0	-0.1812531247220246	Kocak	permutation	
2605.0	-0.0036354548230868033	Kocak	permutation	
2606.0	-0.029325729626594743	Kocak	permutation	
2607.0	-0.14152384363906734	Kocak	permutation	
2608.0	-0.018912283706007393	Kocak	permutation	
2609.0	-0.040979666118435176	Kocak	permutation	
2610.0	-0.09027303841602485	Kocak	permutation	
2611.0	0.07787013558537748	Kocak	permutation	
2612.0	0.02033944972230639	Kocak	permutation	
2613.0	-0.0394159999914967	Kocak	permutation	
2614.0	-0.1219147830029419	Kocak	permutation	
2615.0	0.05277056005817826	Kocak	permutation	
2616.0	-0.15942884003048352	Kocak	permutation	
2617.0	0.11601304720761618	Kocak	permutation	
2618.0	0.027476908456310234	Kocak	permutation	
2619.0	0.07300165397412606	Kocak	permutation	
2620.0	0.16264953677660188	Kocak	permutation	
2621.0	0.11316139489773214	Kocak	permutation	
2622.0	-0.055052707871761974	Kocak	permutation	
2623.0	-0.19529256826061747	Kocak	permutation	
2624.0	-0.10272007456136034	Kocak	permutation	
2625.0	0.12481267689132203	Kocak	permutation	
2626.0	0.14893605978788926	Kocak	permutation	
2627.0	-0.03561002761348142	Kocak	permutation	
2628.0	-0.21109293948288155	Kocak	permutation	
2629.0	0.037851985322239656	Kocak	permutation	
2630.0	-0.21869612544710293	Kocak	permutation	
2631.0	-0.020047068020713432	Kocak	permutation	
2632.0	-0.09044944094677732	Kocak	permutation	
2633.0	-0.0297392286619953	Kocak	permutation	
2634.0	0.009960721627470193	Kocak	permutation	
2635.0	0.039698758199811834	Kocak	permutation	
2636.0	0.03742017414047627	Kocak	permutation	
2637.0	0.08105650139899634	Kocak	permutation	
2638.0	0.10324197709866212	Kocak	permutation	
2639.0	0.05881141094753595	Kocak	permutation	
2640.0	0.24384495090791525	Kocak	permutation	
2641.0	0.21675206341147302	Kocak	permutation	
2642.0	-0.07519630815637157	Kocak	permutation	
2643.0	0.005304637684560021	Kocak	permutation	
2644.0	-0.04736797821844352	Kocak	permutation	
2645.0	0.14709021357311425	Kocak	permutation	
2646.0	-0.06961312382810014	Kocak	permutation	
2647.0	0.0811766770773481	Kocak	permutation	
2648.0	-0.18936373203153334	Kocak	permutation	
2649.0	0.12926427490431713	Kocak	permutation	
2650.0	-0.028843088181774057	Kocak	permutation	
2651.0	0.13859411914063458	Kocak	permutation	
2652.0	0.06906789980454686	Kocak	permutation	
2653.0	-0.04158851598387958	Kocak	permutation	
2654.0	-0.05813582178698695	Kocak	permutation	
2655.0	-0.010925077444926323	Kocak	permutation	
2656.0	0.05519719048656313	Kocak	permutation	
2657.0	-0.09869836362167916	Kocak	permutation	
2658.0	-0.025231042006947035	Kocak	permutation	
2659.0	0.029860371802056918	Kocak	permutation	
2660.0	-0.055257295546046414	Kocak	permutation	
2661.0	0.1868512946651748	Kocak	permutation	
2662.0	0.019694039469015046	Kocak	permutation	
2663.0	0.21424159979992208	Kocak	permutation	
2664.0	-0.06504150079206283	Kocak	permutation	
2665.0	-0.03055057418798679	Kocak	permutation	
2666.0	0.10252656277690253	Kocak	permutation	
2667.0	0.11941014744639133	Kocak	permutation	
2668.0	-0.04599559752630711	Kocak	permutation	
2669.0	-0.04486868228315721	Kocak	permutation	
2670.0	0.045804001007146766	Kocak	permutation	
2671.0	0.031755826177437996	Kocak	permutation	
2672.0	0.05875360162042664	Kocak	permutation	
2673.0	0.007178092252050128	Kocak	permutation	
2674.0	0.06945150130443078	Kocak	permutation	
2675.0	-0.03804493581970281	Kocak	permutation	
2676.0	-0.3138805850036075	Kocak	permutation	
2677.0	-0.07296849369462777	Kocak	permutation	
2678.0	-0.020772507666761086	Kocak	permutation	
2679.0	0.026611578404411418	Kocak	permutation	
2680.0	-0.1127981764993029	Kocak	permutation	
2681.0	-0.14923066469444812	Kocak	permutation	
2682.0	-0.14809744323217622	Kocak	permutation	
2683.0	-0.012121636301944072	Kocak	permutation	
2684.0	0.07015423361348194	Kocak	permutation	
2685.0	0.17477770456017439	Kocak	permutation	
2686.0	0.13814830878153384	Kocak	permutation	
2687.0	-0.036627850910409876	Kocak	permutation	
2688.0	0.18222798436491683	Kocak	permutation	
2689.0	-0.056042655037559896	Kocak	permutation	
2690.0	-0.03471794037409115	Kocak	permutation	
2691.0	0.08044416214517636	Kocak	permutation	
2692.0	0.018925391848892303	Kocak	permutation	
2693.0	-0.02719017256557521	Kocak	permutation	
2694.0	0.17642987745310634	Kocak	permutation	
2695.0	0.0913490443127234	Kocak	permutation	
2696.0	0.14562180347361142	Kocak	permutation	
2697.0	-0.12837064405142495	Kocak	permutation	
2698.0	0.0751374049449085	Kocak	permutation	
2699.0	0.06155689617358462	Kocak	permutation	
2700.0	0.08901167869615545	Kocak	permutation	
2701.0	-0.06851561374064197	Kocak	permutation	
2702.0	-0.06234387965483901	Kocak	permutation	
2703.0	-0.04424629207993824	Kocak	permutation	
2704.0	-0.00671293178200294	Kocak	permutation	
2705.0	0.04814275012944691	Kocak	permutation	
2706.0	0.0963905870727535	Kocak	permutation	
2707.0	-0.15191446736960224	Kocak	permutation	
2708.0	-0.02231162969842959	Kocak	permutation	
2709.0	-0.03778338238195733	Kocak	permutation	
2710.0	-0.08548573843200113	Kocak	permutation	
2711.0	0.026273944448741204	Kocak	permutation	
2712.0	0.036106422194516874	Kocak	permutation	
2713.0	0.03586448393010144	Kocak	permutation	
2714.0	-0.1671299135248745	Kocak	permutation	
2715.0	0.02285580876736848	Kocak	permutation	
2716.0	-0.159997345302493	Kocak	permutation	
2717.0	0.12677093529513872	Kocak	permutation	
2718.0	0.0999472206097538	Kocak	permutation	
2719.0	-0.17331310678954548	Kocak	permutation	
2720.0	0.09662356367933178	Kocak	permutation	
2721.0	-0.038535168603146985	Kocak	permutation	
2722.0	-0.14737097099909136	Kocak	permutation	
2723.0	-0.07093093330225919	Kocak	permutation	
2724.0	0.14094752146743073	Kocak	permutation	
2725.0	0.12336026174931725	Kocak	permutation	
2726.0	-0.1953612277621639	Kocak	permutation	
2727.0	0.08224844831194389	Kocak	permutation	
2728.0	0.06353262643028934	Kocak	permutation	
2729.0	-0.12050864401957906	Kocak	permutation	
2730.0	0.031797260887021395	Kocak	permutation	
2731.0	0.020624894700413954	Kocak	permutation	
2732.0	0.0517001322083992	Kocak	permutation	
2733.0	-0.002239172305380066	Kocak	permutation	
2734.0	0.007191999266106031	Kocak	permutation	
2735.0	-0.15225922642521184	Kocak	permutation	
2736.0	-0.17710178390413134	Kocak	permutation	
2737.0	0.058498346925420996	Kocak	permutation	
2738.0	0.17652526187371986	Kocak	permutation	
2739.0	0.07386560885137872	Kocak	permutation	
2740.0	0.13612480532621962	Kocak	permutation	
2741.0	-0.20714448763365478	Kocak	permutation	
2742.0	0.1100720711055807	Kocak	permutation	
2743.0	0.036894157248312354	Kocak	permutation	
2744.0	-0.05398011000519709	Kocak	permutation	
2745.0	-0.024848901627334996	Kocak	permutation	
2746.0	0.1212690269025547	Kocak	permutation	
2747.0	0.04154752169403242	Kocak	permutation	
2748.0	-0.13670034049792523	Kocak	permutation	
2749.0	-0.07863224581826689	Kocak	permutation	
2750.0	0.04698410586391688	Kocak	permutation	
2751.0	0.13170786023544423	Kocak	permutation	
2752.0	0.0014489079930841697	Kocak	permutation	
2753.0	0.010579705219403657	Kocak	permutation	
2754.0	-0.031525809470958066	Kocak	permutation	
2755.0	0.08674071916177706	Kocak	permutation	
2756.0	-0.08713163106192034	Kocak	permutation	
2757.0	-0.09227676111775551	Kocak	permutation	
2758.0	-0.02949442884991793	Kocak	permutation	
2759.0	0.08703786198706265	Kocak	permutation	
2760.0	-0.0731985065174916	Kocak	permutation	
2761.0	-0.033818997451048105	Kocak	permutation	
2762.0	-0.06397821320820807	Kocak	permutation	
2763.0	0.05670282701699314	Kocak	permutation	
2764.0	0.024510167840547936	Kocak	permutation	
2765.0	0.18897273668147996	Kocak	permutation	
2766.0	-0.08453084510783082	Kocak	permutation	
2767.0	0.16477606936516942	Kocak	permutation	
2768.0	-0.04022520705304	Kocak	permutation	
2769.0	0.17519972856025667	Kocak	permutation	
2770.0	-0.04709708767083143	Kocak	permutation	
2771.0	0.1335880243555998	Kocak	permutation	
2772.0	0.13911951956995416	Kocak	permutation	
2773.0	0.23675286797330575	Kocak	permutation	
2774.0	-0.06549641621280156	Kocak	permutation	
2775.0	0.05149626769212734	Kocak	permutation	
2776.0	-0.22213648307178602	Kocak	permutation	
2777.0	0.06319032144841774	Kocak	permutation	
2778.0	0.05147810815733056	Kocak	permutation	
2779.0	0.1036976308423414	Kocak	permutation	
2780.0	0.1617303428479353	Kocak	permutation	
2781.0	-0.19596599534222392	Kocak	permutation	
2782.0	-0.004702847768788487	Kocak	permutation	
2783.0	-0.027612891695447672	Kocak	permutation	
2784.0	-0.04951463754267227	Kocak	permutation	
2785.0	0.174317732652705	Kocak	permutation	
2786.0	0.07676106491978274	Kocak	permutation	
2787.0	0.050309006056616035	Kocak	permutation	
2788.0	0.010755948438681884	Kocak	permutation	
2789.0	0.0751262612973802	Kocak	permutation	
2790.0	-0.12305754856973561	Kocak	permutation	
2791.0	0.06944108258841464	Kocak	permutation	
2792.0	-0.1493736462609725	Kocak	permutation	
2793.0	-0.05203092208606819	Kocak	permutation	
2794.0	-0.07061517249675475	Kocak	permutation	
2795.0	-0.0716312488008164	Kocak	permutation	
2796.0	0.03334926153168194	Kocak	permutation	
2797.0	0.05789044377546837	Kocak	permutation	
2798.0	-0.14216869964031176	Kocak	permutation	
2799.0	-0.24606631778501864	Kocak	permutation	
2800.0	0.0057606551082329815	Kocak	permutation	
2801.0	0.08685293567893648	Kocak	permutation	
2802.0	-0.024977763580457335	Kocak	permutation	
2803.0	-0.06371160582912427	Kocak	permutation	
2804.0	-0.11852552931535687	Kocak	permutation	
2805.0	-0.05177881292584097	Kocak	permutation	
2806.0	-0.049083733006870744	Kocak	permutation	
2807.0	0.019539063977465965	Kocak	permutation	
2808.0	0.258637415512708	Kocak	permutation	
2809.0	0.06594354375432854	Kocak	permutation	
2810.0	-0.14002016645079962	Kocak	permutation	
2811.0	0.1190837748357243	Kocak	permutation	
2812.0	-0.1550776771569602	Kocak	permutation	
2813.0	-0.08322188014586818	Kocak	permutation	
2814.0	0.04708325499432231	Kocak	permutation	
2815.0	0.14397355105301024	Kocak	permutation	
2816.0	-0.016407729372128976	Kocak	permutation	
2817.0	0.01265056207054549	Kocak	permutation	
2818.0	0.03912169207188132	Kocak	permutation	
2819.0	0.06435770089875081	Kocak	permutation	
2820.0	0.18151749561482777	Kocak	permutation	
2821.0	-0.0894913014511518	Kocak	permutation	
2822.0	0.19708147865476278	Kocak	permutation	
2823.0	-0.015845515575614755	Kocak	permutation	
2824.0	-0.11635118858209914	Kocak	permutation	
2825.0	0.09755823984880063	Kocak	permutation	
2826.0	0.1512928981035664	Kocak	permutation	
2827.0	0.04981315654437779	Kocak	permutation	
2828.0	-0.026900459915054853	Kocak	permutation	
2829.0	0.18077614066391678	Kocak	permutation	
2830.0	-0.06364885379818386	Kocak	permutation	
2831.0	-0.08214894474407597	Kocak	permutation	
2832.0	0.010533338298435169	Kocak	permutation	
2833.0	0.09018220047522707	Kocak	permutation	
2834.0	0.15964799690445375	Kocak	permutation	
2835.0	0.11645392048536607	Kocak	permutation	
2836.0	0.24040780312037846	Kocak	permutation	
2837.0	0.06866643832969732	Kocak	permutation	
2838.0	0.007242029443946585	Kocak	permutation	
2839.0	-0.042392165694691286	Kocak	permutation	
2840.0	0.03278034818352804	Kocak	permutation	
2841.0	0.07897657901249122	Kocak	permutation	
2842.0	0.005345716556797164	Kocak	permutation	
2843.0	-0.10548728125687301	Kocak	permutation	
2844.0	-0.11992824931948576	Kocak	permutation	
2845.0	0.10619701116154268	Kocak	permutation	
2846.0	-0.05080075654938998	Kocak	permutation	
2847.0	0.12041095586024131	Kocak	permutation	
2848.0	-0.021682245154116764	Kocak	permutation	
2849.0	0.035546752216722766	Kocak	permutation	
2850.0	0.06591976343217976	Kocak	permutation	
2851.0	0.11210750584195495	Kocak	permutation	
2852.0	0.007850165353961991	Kocak	permutation	
2853.0	-0.189856544425826	Kocak	permutation	
2854.0	-0.013932768157286723	Kocak	permutation	
2855.0	0.15615743308013297	Kocak	permutation	
2856.0	0.16631254049523747	Kocak	permutation	
2857.0	0.018996784154795776	Kocak	permutation	
2858.0	0.1270998219365831	Kocak	permutation	
2859.0	-0.12310243417891265	Kocak	permutation	
2860.0	0.13497188780264047	Kocak	permutation	
2861.0	0.07299479392934938	Kocak	permutation	
2862.0	0.12345269489324551	Kocak	permutation	
2863.0	0.0416016920881761	Kocak	permutation	
2864.0	0.2917130163741515	Kocak	permutation	
2865.0	0.15750324660746617	Kocak	permutation	
2866.0	0.08547270790881445	Kocak	permutation	
2867.0	-0.11227747164294843	Kocak	permutation	
2868.0	0.07245732073834787	Kocak	permutation	
2869.0	0.06555539036105706	Kocak	permutation	
2870.0	0.030374169973214293	Kocak	permutation	
2871.0	-0.17376977612022504	Kocak	permutation	
2872.0	-0.014314893946410834	Kocak	permutation	
2873.0	-0.037374986163297486	Kocak	permutation	
2874.0	-0.05271884458960052	Kocak	permutation	
2875.0	0.16634844226215684	Kocak	permutation	
2876.0	-0.023409904358913103	Kocak	permutation	
2877.0	-0.011823163341735388	Kocak	permutation	
2878.0	-0.026924812000623355	Kocak	permutation	
2879.0	-0.3093025188155618	Kocak	permutation	
2880.0	-0.01595293639617701	Kocak	permutation	
2881.0	0.06975286952271276	Kocak	permutation	
2882.0	-0.06461827537537612	Kocak	permutation	
2883.0	-0.003593633869610535	Kocak	permutation	
2884.0	0.10316850604810757	Kocak	permutation	
2885.0	-0.047488529650403066	Kocak	permutation	
2886.0	0.035207739510313196	Kocak	permutation	
2887.0	0.12397953694098263	Kocak	permutation	
2888.0	0.08067242758884152	Kocak	permutation	
2889.0	0.04193867103236126	Kocak	permutation	
2890.0	0.05829047673769683	Kocak	permutation	
2891.0	-0.13132712617293674	Kocak	permutation	
2892.0	0.01476724131901097	Kocak	permutation	
2893.0	0.032335865960049226	Kocak	permutation	
2894.0	0.0039389541789551785	Kocak	permutation	
2895.0	-0.0560507811407005	Kocak	permutation	
2896.0	0.09322652425958822	Kocak	permutation	
2897.0	-0.07229580648415901	Kocak	permutation	
2898.0	0.030997151319562377	Kocak	permutation	
2899.0	-0.1280926731187506	Kocak	permutation	
2900.0	-0.2446642207557579	Kocak	permutation	
2901.0	0.1741672953024791	Kocak	permutation	
2902.0	0.0349750391572492	Kocak	permutation	
2903.0	0.2319591980511433	Kocak	permutation	
2904.0	-0.04949396595987565	Kocak	permutation	
2905.0	0.22371937705408484	Kocak	permutation	
2906.0	-0.012981996423178543	Kocak	permutation	
2907.0	0.10583190262201736	Kocak	permutation	
2908.0	-0.053129320481346554	Kocak	permutation	
2909.0	0.0634762203057857	Kocak	permutation	
2910.0	0.14258741094886762	Kocak	permutation	
2911.0	-0.09465261468644037	Kocak	permutation	
2912.0	-0.02933118245539923	Kocak	permutation	
2913.0	0.20907971840263428	Kocak	permutation	
2914.0	-0.15069478374197498	Kocak	permutation	
2915.0	-0.14159068035183164	Kocak	permutation	
2916.0	0.12340751673174566	Kocak	permutation	
2917.0	-0.020352107548301746	Kocak	permutation	
2918.0	-0.06243828289902176	Kocak	permutation	
2919.0	0.07971590577951648	Kocak	permutation	
2920.0	-0.010054465845572125	Kocak	permutation	
2921.0	0.08307856601272334	Kocak	permutation	
2922.0	0.15057200384509883	Kocak	permutation	
2923.0	0.09007208322558657	Kocak	permutation	
2924.0	-0.04522318323152685	Kocak	permutation	
2925.0	0.22438625251322009	Kocak	permutation	
2926.0	-0.1807663784753446	Kocak	permutation	
2927.0	0.11354320982905364	Kocak	permutation	
2928.0	0.0299025625109266	Kocak	permutation	
2929.0	0.128593857427048	Kocak	permutation	
2930.0	-0.04049045765008419	Kocak	permutation	
2931.0	-0.09303691622829913	Kocak	permutation	
2932.0	0.04337858715259202	Kocak	permutation	
2933.0	-0.0689204336159035	Kocak	permutation	
2934.0	0.036383410641493974	Kocak	permutation	
2935.0	0.047140772337847636	Kocak	permutation	
2936.0	0.05288684837444002	Kocak	permutation	
2937.0	-0.03228183893118608	Kocak	permutation	
2938.0	-0.0019492722882743507	Kocak	permutation	
2939.0	-0.12006262731822392	Kocak	permutation	
2940.0	0.040725866605645145	Kocak	permutation	
2941.0	0.15642737497996073	Kocak	permutation	
2942.0	-0.03963905875717888	Kocak	permutation	
2943.0	0.14401735861412046	Kocak	permutation	
2944.0	0.08933150588760252	Kocak	permutation	
2945.0	0.1046291091588909	Kocak	permutation	
2946.0	0.12558375703417113	Kocak	permutation	
2947.0	-0.0035764166628196037	Kocak	permutation	
2948.0	-0.08921215467224641	Kocak	permutation	
2949.0	-0.043794336021874436	Kocak	permutation	
2950.0	-0.19049443564716384	Kocak	permutation	
2951.0	0.04221855061004298	Kocak	permutation	
2952.0	-0.11687962139374175	Kocak	permutation	
2953.0	0.12469429100508478	Kocak	permutation	
2954.0	0.12402274980689221	Kocak	permutation	
2955.0	0.09555739517903916	Kocak	permutation	
2956.0	-0.051973085991630086	Kocak	permutation	
2957.0	-0.08783836993669691	Kocak	permutation	
2958.0	-0.012019337650456485	Kocak	permutation	
2959.0	0.020268633880302644	Kocak	permutation	
2960.0	0.017772611881400557	Kocak	permutation	
2961.0	0.02440123689699991	Kocak	permutation	
2962.0	0.17362403702010276	Kocak	permutation	
2963.0	-0.19796500843659004	Kocak	permutation	
2964.0	-0.002792483195133144	Kocak	permutation	
2965.0	0.0011354146438700141	Kocak	permutation	
2966.0	0.041538366049219455	Kocak	permutation	
2967.0	0.08899553265391713	Kocak	permutation	
2968.0	-0.056502004572143605	Kocak	permutation	
2969.0	0.07818646923747785	Kocak	permutation	
2970.0	0.19170135881382144	Kocak	permutation	
2971.0	-0.011616152173136385	Kocak	permutation	
2972.0	0.1430658611324418	Kocak	permutation	
2973.0	-0.07578338246193628	Kocak	permutation	
2974.0	0.03136301310937384	Kocak	permutation	
2975.0	0.18135952870904326	Kocak	permutation	
2976.0	-0.019352901111099996	Kocak	permutation	
2977.0	0.11861026453728929	Kocak	permutation	
2978.0	-0.016088035439318915	Kocak	permutation	
2979.0	0.10335205020138982	Kocak	permutation	
2980.0	0.03709445860057503	Kocak	permutation	
2981.0	0.011812834484565826	Kocak	permutation	
2982.0	0.07118454878341929	Kocak	permutation	
2983.0	0.17856438559841958	Kocak	permutation	
2984.0	-0.01070638199478946	Kocak	permutation	
2985.0	0.12518369938453677	Kocak	permutation	
2986.0	0.10064714161128308	Kocak	permutation	
2987.0	0.15632541492069674	Kocak	permutation	
2988.0	-0.012963435555696456	Kocak	permutation	
2989.0	-0.06163004749443868	Kocak	permutation	
2990.0	-0.044332837693644045	Kocak	permutation	
2991.0	0.09741631934620987	Kocak	permutation	
2992.0	0.002987415722600417	Kocak	permutation	
2993.0	-0.1172533427238438	Kocak	permutation	
2994.0	0.16522394744454783	Kocak	permutation	
2995.0	-0.018859079157858005	Kocak	permutation	
2996.0	0.0280584741442631	Kocak	permutation	
2997.0	-0.03870381362278419	Kocak	permutation	
2998.0	-0.16195442966938334	Kocak	permutation	
2999.0	-0.06586166552518424	Kocak	permutation	
3000.0	-0.15843432888325726	Kocak	permutation	
3001.0	0.07269565215731433	Kocak	permutation	
3002.0	-0.06079020309741168	Kocak	permutation	
3003.0	0.05493379594583914	Kocak	permutation	
3004.0	-0.014546407108795734	Kocak	permutation	
3005.0	0.19619148975280343	Kocak	permutation	
3006.0	-0.09821683232950917	Kocak	permutation	
3007.0	0.08309727262118471	Kocak	permutation	
3008.0	-0.0448564535446927	Kocak	permutation	
3009.0	-0.1570353138115559	Kocak	permutation	
3010.0	-0.15591377553868746	Kocak	permutation	
3011.0	0.03407000584807918	Kocak	permutation	
3012.0	0.054053392434282976	Kocak	permutation	
3013.0	0.06982811512969267	Kocak	permutation	
3014.0	0.07595144514047014	Kocak	permutation	
3015.0	0.21070725734696616	Kocak	permutation	
3016.0	-0.030090249694202598	Kocak	permutation	
3017.0	0.0020317365476660854	Kocak	permutation	
3018.0	-0.02553314068370849	Kocak	permutation	
3019.0	-0.036042615744093176	Kocak	permutation	
3020.0	0.023720531555834867	Kocak	permutation	
3021.0	-0.0322385376711134	Kocak	permutation	
3022.0	0.10746317333726463	Kocak	permutation	
3023.0	0.06076884606436206	Kocak	permutation	
3024.0	-0.008761452961960181	Kocak	permutation	
3025.0	0.0473231498593254	Kocak	permutation	
3026.0	-0.17458325160038157	Kocak	permutation	
3027.0	-0.07088809951312314	Kocak	permutation	
3028.0	-0.0668953863827042	Kocak	permutation	
3029.0	0.024314283849913743	Kocak	permutation	
3030.0	-0.015077434045472238	Kocak	permutation	
3031.0	-0.024715746241463776	Kocak	permutation	
3032.0	0.009460406912531916	Kocak	permutation	
3033.0	-0.10058320218970529	Kocak	permutation	
3034.0	-0.020709723673780545	Kocak	permutation	
3035.0	-0.22537479495250867	Kocak	permutation	
3036.0	0.007739817697827611	Kocak	permutation	
3037.0	-0.05531240660775616	Kocak	permutation	
3038.0	0.172048898581302	Kocak	permutation	
3039.0	-0.04029892500653531	Kocak	permutation	
3040.0	0.11594244574543211	Kocak	permutation	
3041.0	0.01457222635996036	Kocak	permutation	
3042.0	0.05291521096215668	Kocak	permutation	
3043.0	-0.008544051660749119	Kocak	permutation	
3044.0	0.10067744604206208	Kocak	permutation	
3045.0	-0.003098930581058923	Kocak	permutation	
3046.0	-0.09473650585821858	Kocak	permutation	
3047.0	0.1062093429048776	Kocak	permutation	
3048.0	0.08006670015965955	Kocak	permutation	
3049.0	0.011531243841744754	Kocak	permutation	
3050.0	0.14087415334756592	Kocak	permutation	
3051.0	-0.013193682916864624	Kocak	permutation	
3052.0	0.05440757844926125	Kocak	permutation	
3053.0	0.09525078198294157	Kocak	permutation	
3054.0	-0.09932527712441264	Kocak	permutation	
3055.0	-0.007150565218413618	Kocak	permutation	
3056.0	-0.14954617898204425	Kocak	permutation	
3057.0	0.05956371040114483	Kocak	permutation	
3058.0	0.045133277498440094	Kocak	permutation	
3059.0	-0.24027114279971773	Kocak	permutation	
3060.0	-0.06852840586345899	Kocak	permutation	
3061.0	-0.014571440468936103	Kocak	permutation	
3062.0	-0.010449135675114185	Kocak	permutation	
3063.0	0.18675992156596433	Kocak	permutation	
3064.0	0.05159413062401619	Kocak	permutation	
3065.0	0.06894250437519123	Kocak	permutation	
3066.0	-0.07217560938475476	Kocak	permutation	
3067.0	0.11864124652330954	Kocak	permutation	
3068.0	0.18209705778036245	Kocak	permutation	
3069.0	0.06356389315414734	Kocak	permutation	
3070.0	0.052066909868039524	Kocak	permutation	
3071.0	-0.2711776656725613	Kocak	permutation	
3072.0	-0.08095178695235994	Kocak	permutation	
3073.0	0.1610278683663715	Kocak	permutation	
3074.0	-0.030658401549668923	Kocak	permutation	
3075.0	-0.027987097376479753	Kocak	permutation	
3076.0	0.1809969814303649	Kocak	permutation	
3077.0	0.09241488441300305	Kocak	permutation	
3078.0	0.07258664242339563	Kocak	permutation	
3079.0	0.0020866578572658057	Kocak	permutation	
3080.0	0.24439326017648355	Kocak	permutation	
3081.0	0.0825908636639987	Kocak	permutation	
3082.0	0.0031428059007074793	Kocak	permutation	
3083.0	-0.06708950834887073	Kocak	permutation	
3084.0	0.002830996624856752	Kocak	permutation	
3085.0	0.058048297127816895	Kocak	permutation	
3086.0	0.15334725552251705	Kocak	permutation	
3087.0	0.1353604853932202	Kocak	permutation	
3088.0	0.07162527015025955	Kocak	permutation	
3089.0	-0.11045446984442364	Kocak	permutation	
3090.0	-0.048240172816576	Kocak	permutation	
3091.0	0.000849667444944302	Kocak	permutation	
3092.0	0.13297459747759	Kocak	permutation	
3093.0	0.06089836848242758	Kocak	permutation	
3094.0	-0.15163204218777437	Kocak	permutation	
3095.0	0.1317768331570761	Kocak	permutation	
3096.0	0.14165667876963273	Kocak	permutation	
3097.0	-0.07545635343714263	Kocak	permutation	
3098.0	-0.0916708064384224	Kocak	permutation	
3099.0	0.034890976973999344	Kocak	permutation	
3100.0	0.12763880002682804	Kocak	permutation	
3101.0	0.1388751584410972	Kocak	permutation	
3102.0	-0.13951495580149853	Kocak	permutation	
3103.0	0.010173575188066941	Kocak	permutation	
3104.0	-0.159392180577548	Kocak	permutation	
3105.0	-0.18852847209948465	Kocak	permutation	
3106.0	0.013270973353054494	Kocak	permutation	
3107.0	-0.010085104225292518	Kocak	permutation	
3108.0	-0.1502537335224403	Kocak	permutation	
3109.0	0.049338315209204175	Kocak	permutation	
3110.0	-0.1424515015687211	Kocak	permutation	
3111.0	-0.030716279835104388	Kocak	permutation	
3112.0	-0.06132515040655395	Kocak	permutation	
3113.0	0.11152549950832924	Kocak	permutation	
3114.0	0.011944578278312967	Kocak	permutation	
3115.0	0.008460045001548622	Kocak	permutation	
3116.0	0.022323839903839904	Kocak	permutation	
3117.0	-0.06457185440395108	Kocak	permutation	
3118.0	0.030845148138918255	Kocak	permutation	
3119.0	0.002477606458007209	Kocak	permutation	
3120.0	-0.1851912210205482	Kocak	permutation	
3121.0	0.05698437237991261	Kocak	permutation	
3122.0	0.19935283836444562	Kocak	permutation	
3123.0	0.04908317460845346	Kocak	permutation	
3124.0	0.15944186179821251	Kocak	permutation	
3125.0	0.002310760974069126	Kocak	permutation	
3126.0	-0.24519077847573634	Kocak	permutation	
3127.0	0.15977919394239937	Kocak	permutation	
3128.0	0.02706912755584856	Kocak	permutation	
3129.0	-0.021703220614509355	Kocak	permutation	
3130.0	-0.0515323448310081	Kocak	permutation	
3131.0	-0.08282253720779131	Kocak	permutation	
3132.0	0.014629929844318212	Kocak	permutation	
3133.0	0.034614336204956686	Kocak	permutation	
3134.0	-0.1956260282094009	Kocak	permutation	
3135.0	0.1323200547448531	Kocak	permutation	
3136.0	-0.0581521028663996	Kocak	permutation	
3137.0	0.1288210924155324	Kocak	permutation	
3138.0	-0.006723832810268782	Kocak	permutation	
3139.0	0.09026165481142101	Kocak	permutation	
3140.0	0.10268526742194961	Kocak	permutation	
3141.0	-0.01809949377366671	Kocak	permutation	
3142.0	-0.10605929127102698	Kocak	permutation	
3143.0	-0.0011151203195405301	Kocak	permutation	
3144.0	-0.23518727759513425	Kocak	permutation	
3145.0	-0.13259390320162812	Kocak	permutation	
3146.0	0.07364224935619035	Kocak	permutation	
3147.0	0.13164204254489675	Kocak	permutation	
3148.0	-0.0642803529587761	Kocak	permutation	
3149.0	0.070648274576107	Kocak	permutation	
3150.0	-0.14155759304176918	Kocak	permutation	
3151.0	0.3492832765419216	Kocak	permutation	
3152.0	-0.10699048426920754	Kocak	permutation	
3153.0	0.46441022632765705	Kocak	permutation	
3154.0	0.08131988846805793	Kocak	permutation	
3155.0	0.00957319820618796	Kocak	permutation	
3156.0	0.011023494669166745	Kocak	permutation	
3157.0	0.16465586149947775	Kocak	permutation	
3158.0	0.16050778770522633	Kocak	permutation	
3159.0	0.18604106174427493	Kocak	permutation	
3160.0	0.17101406911854866	Kocak	permutation	
3161.0	-0.12326854520194441	Kocak	permutation	
3162.0	0.07757581946326297	Kocak	permutation	
3163.0	0.17639111542805974	Kocak	permutation	
3164.0	-0.1413830448765072	Kocak	permutation	
3165.0	0.03962101125148365	Kocak	permutation	
3166.0	0.004331855193984602	Kocak	permutation	
3167.0	0.03683627453116234	Kocak	permutation	
3168.0	0.18428914819225195	Kocak	permutation	
3169.0	0.0852896282311093	Kocak	permutation	
3170.0	0.06073914792184176	Kocak	permutation	
3171.0	0.15651351587947548	Kocak	permutation	
3172.0	-0.08050259041614716	Kocak	permutation	
3173.0	-0.2854321156645252	Kocak	permutation	
3174.0	-0.15496642798877858	Kocak	permutation	
3175.0	0.0861682398164696	Kocak	permutation	
3176.0	-0.06863575589869608	Kocak	permutation	
3177.0	0.11742644720386153	Kocak	permutation	
3178.0	0.12704041548607403	Kocak	permutation	
3179.0	-0.024097438317245867	Kocak	permutation	
3180.0	0.17080060316285106	Kocak	permutation	
3181.0	0.005401371310286507	Kocak	permutation	
3182.0	-0.0699657380481522	Kocak	permutation	
3183.0	-0.14530111527063827	Kocak	permutation	
3184.0	0.010336986661475756	Kocak	permutation	
3185.0	-0.04126172295745434	Kocak	permutation	
3186.0	0.17413908928736532	Kocak	permutation	
3187.0	0.12480310962596342	Kocak	permutation	
3188.0	-0.08695192193774659	Kocak	permutation	
3189.0	-0.08461356229705874	Kocak	permutation	
3190.0	-0.021902354535286328	Kocak	permutation	
3191.0	-0.20754793318107012	Kocak	permutation	
3192.0	-0.007268953323287697	Kocak	permutation	
3193.0	0.0005229666534818378	Kocak	permutation	
3194.0	-0.22072813850509831	Kocak	permutation	
3195.0	0.014776506174368542	Kocak	permutation	
3196.0	0.05410323676269613	Kocak	permutation	
3197.0	0.18339940089718354	Kocak	permutation	
3198.0	-0.10382448461514038	Kocak	permutation	
3199.0	0.05286452127000896	Kocak	permutation	
3200.0	0.026262485298121696	Kocak	permutation	
3201.0	0.0607359525226947	Kocak	permutation	
3202.0	0.00014637198072531277	Kocak	permutation	
3203.0	-0.05157129789915427	Kocak	permutation	
3204.0	-0.04315656776759358	Kocak	permutation	
3205.0	-0.17409492256702386	Kocak	permutation	
3206.0	0.03948432727481066	Kocak	permutation	
3207.0	0.03327513101179225	Kocak	permutation	
3208.0	-0.13462002601959888	Kocak	permutation	
3209.0	-0.12011475495588719	Kocak	permutation	
3210.0	-0.0005938249457928535	Kocak	permutation	
3211.0	-0.08700589655178437	Kocak	permutation	
3212.0	0.09901316970163343	Kocak	permutation	
3213.0	-0.06663472181618069	Kocak	permutation	
3214.0	0.15374105990067566	Kocak	permutation	
3215.0	-0.040283387218241984	Kocak	permutation	
3216.0	-0.03332084951338299	Kocak	permutation	
3217.0	-0.09166850438212215	Kocak	permutation	
3218.0	0.13048317518631425	Kocak	permutation	
3219.0	-0.1476818592535647	Kocak	permutation	
3220.0	0.0766364776639179	Kocak	permutation	
3221.0	-0.07467986398942816	Kocak	permutation	
3222.0	-0.10606387953962759	Kocak	permutation	
3223.0	-0.0007421484999667882	Kocak	permutation	
3224.0	0.04752633290375208	Kocak	permutation	
3225.0	0.09459818719787982	Kocak	permutation	
3226.0	-0.03562769678906719	Kocak	permutation	
3227.0	0.035127423114005296	Kocak	permutation	
3228.0	0.11640614365359259	Kocak	permutation	
3229.0	-0.12959361119430923	Kocak	permutation	
3230.0	-0.001730264135684223	Kocak	permutation	
3231.0	0.14012804492822362	Kocak	permutation	
3232.0	0.154862451616693	Kocak	permutation	
3233.0	0.0981933310315588	Kocak	permutation	
3234.0	-0.09513949169580016	Kocak	permutation	
3235.0	0.09111991883691939	Kocak	permutation	
3236.0	0.050628697485166185	Kocak	permutation	
3237.0	0.031280297090837905	Kocak	permutation	
3238.0	-0.07243009689662738	Kocak	permutation	
3239.0	0.09000346423448757	Kocak	permutation	
3240.0	0.0210423683433536	Kocak	permutation	
3241.0	0.07942976755747466	Kocak	permutation	
3242.0	-0.07448193366218625	Kocak	permutation	
3243.0	-0.013501856880348662	Kocak	permutation	
3244.0	0.0545400836478418	Kocak	permutation	
3245.0	-0.00692654119517222	Kocak	permutation	
3246.0	0.02954792636614556	Kocak	permutation	
3247.0	0.09988423763245624	Kocak	permutation	
3248.0	0.11585204226627255	Kocak	permutation	
3249.0	-0.1654328160984342	Kocak	permutation	
3250.0	-0.027703408885161984	Kocak	permutation	
3251.0	-0.04176360491430575	Kocak	permutation	
3252.0	0.058902980947573624	Kocak	permutation	
3253.0	0.05896056993280219	Kocak	permutation	
3254.0	0.07629882108891817	Kocak	permutation	
3255.0	0.006522219861449408	Kocak	permutation	
3256.0	-0.04898438806480154	Kocak	permutation	
3257.0	-0.04274058578366624	Kocak	permutation	
3258.0	-0.08173266430521675	Kocak	permutation	
3259.0	0.2013048641406261	Kocak	permutation	
3260.0	-0.046825256591114695	Kocak	permutation	
3261.0	0.18609041126338788	Kocak	permutation	
3262.0	0.010962953843641543	Kocak	permutation	
3263.0	-0.13671235426434514	Kocak	permutation	
3264.0	-0.0974879041853951	Kocak	permutation	
3265.0	0.0030465317103756107	Kocak	permutation	
3266.0	0.008126219534509538	Kocak	permutation	
3267.0	0.11568671498641958	Kocak	permutation	
3268.0	-0.06274793899314535	Kocak	permutation	
3269.0	0.07167714549800763	Kocak	permutation	
3270.0	-0.06925920349422032	Kocak	permutation	
3271.0	0.20103510659882762	Kocak	permutation	
3272.0	-0.02788094594689028	Kocak	permutation	
3273.0	-0.062131342288786584	Kocak	permutation	
3274.0	-0.11566579298908408	Kocak	permutation	
3275.0	0.05638472223500113	Kocak	permutation	
3276.0	0.039947880859317664	Kocak	permutation	
3277.0	0.08222504645531714	Kocak	permutation	
3278.0	0.010426386462414783	Kocak	permutation	
3279.0	-0.058530946211520885	Kocak	permutation	
3280.0	0.054682337262287994	Kocak	permutation	
3281.0	0.01637081089780157	Kocak	permutation	
3282.0	-0.0644281586626958	Kocak	permutation	
3283.0	0.1107292140835261	Kocak	permutation	
3284.0	-0.14607421633786632	Kocak	permutation	
3285.0	0.04719282203428321	Kocak	permutation	
3286.0	-0.08199325978068384	Kocak	permutation	
3287.0	0.049097509359619096	Kocak	permutation	
3288.0	0.014337076849590957	Kocak	permutation	
3289.0	0.0021400392145070057	Kocak	permutation	
3290.0	0.04311706677846949	Kocak	permutation	
3291.0	0.044572472184770895	Kocak	permutation	
3292.0	0.08049130420222017	Kocak	permutation	
3293.0	0.06641830359535206	Kocak	permutation	
3294.0	-0.03226542840907154	Kocak	permutation	
3295.0	-0.05067722631630733	Kocak	permutation	
3296.0	-0.0062221630896681646	Kocak	permutation	
3297.0	-0.04689567919546089	Kocak	permutation	
3298.0	0.019375285469784842	Kocak	permutation	
3299.0	-0.15912660665557876	Kocak	permutation	
3300.0	0.11138432201467019	Kocak	permutation	
3301.0	-0.021321141315143066	Kocak	permutation	
3302.0	-0.08097102558613578	Kocak	permutation	
3303.0	0.02729851542316908	Kocak	permutation	
3304.0	-0.044092161777912864	Kocak	permutation	
3305.0	-0.08327992049617361	Kocak	permutation	
3306.0	-0.05936322198249577	Kocak	permutation	
3307.0	-0.04490559368235303	Kocak	permutation	
3308.0	0.23587476910675598	Kocak	permutation	
3309.0	0.07151179944158503	Kocak	permutation	
3310.0	-0.0662715016486839	Kocak	permutation	
3311.0	-0.08695731060555012	Kocak	permutation	
3312.0	0.12540214704681407	Kocak	permutation	
3313.0	-0.09346565175919785	Kocak	permutation	
3314.0	0.02668539411746984	Kocak	permutation	
3315.0	-0.031010657761419758	Kocak	permutation	
3316.0	0.004464315324042012	Kocak	permutation	
3317.0	-0.12694946347332792	Kocak	permutation	
3318.0	-0.0141967699704173	Kocak	permutation	
3319.0	0.03316981101762462	Kocak	permutation	
3320.0	0.06053230193136905	Kocak	permutation	
3321.0	0.015103056011025906	Kocak	permutation	
3322.0	0.11839683145642343	Kocak	permutation	
3323.0	0.06840707978550586	Kocak	permutation	
3324.0	0.07250523481942839	Kocak	permutation	
3325.0	0.14842924843965566	Kocak	permutation	
3326.0	0.009485849498305221	Kocak	permutation	
3327.0	-0.07095903457163555	Kocak	permutation	
3328.0	0.04757368481354529	Kocak	permutation	
3329.0	-0.217341607899737	Kocak	permutation	
3330.0	-0.04779284977364284	Kocak	permutation	
3331.0	0.29702887869034367	Kocak	permutation	
3332.0	0.1359839017890465	Kocak	permutation	
3333.0	0.07413713391304722	Kocak	permutation	
3334.0	-0.11046696454286842	Kocak	permutation	
3335.0	0.08582846042884285	Kocak	permutation	
3336.0	-0.06466351183017416	Kocak	permutation	
3337.0	0.09625095106033221	Kocak	permutation	
3338.0	-0.054588714527364246	Kocak	permutation	
3339.0	-0.07247550402553227	Kocak	permutation	
3340.0	0.06933433175911397	Kocak	permutation	
3341.0	-0.017860063429830042	Kocak	permutation	
3342.0	0.22031305743835006	Kocak	permutation	
3343.0	0.01529694541237081	Kocak	permutation	
3344.0	0.02169822246577713	Kocak	permutation	
3345.0	0.05564154777370778	Kocak	permutation	
3346.0	0.0826813138668836	Kocak	permutation	
3347.0	-0.08017283320126989	Kocak	permutation	
3348.0	-0.05524294669722085	Kocak	permutation	
3349.0	0.08037950688601114	Kocak	permutation	
3350.0	-0.03945738379124819	Kocak	permutation	
3351.0	0.00041612740918939295	Kocak	permutation	
3352.0	0.0957961996649761	Kocak	permutation	
3353.0	-0.225717393134369	Kocak	permutation	
3354.0	-0.011935547688930015	Kocak	permutation	
3355.0	0.03426502484289973	Kocak	permutation	
3356.0	0.13091944178007875	Kocak	permutation	
3357.0	-0.003988542685275931	Kocak	permutation	
3358.0	0.029549887378054862	Kocak	permutation	
3359.0	0.1775049912215234	Kocak	permutation	
3360.0	0.06414964004857637	Kocak	permutation	
3361.0	0.07814888983660229	Kocak	permutation	
3362.0	0.03869654523073596	Kocak	permutation	
3363.0	-0.017589762697983957	Kocak	permutation	
3364.0	-0.03479377664224437	Kocak	permutation	
3365.0	-0.1897185278311193	Kocak	permutation	
3366.0	-0.0790954384009046	Kocak	permutation	
3367.0	0.0898854835497076	Kocak	permutation	
3368.0	0.07938482973229721	Kocak	permutation	
3369.0	0.017087195228072893	Kocak	permutation	
3370.0	0.1679556155827937	Kocak	permutation	
3371.0	0.1076035868630667	Kocak	permutation	
3372.0	-0.05592405133088185	Kocak	permutation	
3373.0	-0.08552004290534043	Kocak	permutation	
3374.0	-0.014499375536809467	Kocak	permutation	
3375.0	0.17615417145011047	Kocak	permutation	
3376.0	0.14215539179514813	Kocak	permutation	
3377.0	0.03053153037973022	Kocak	permutation	
3378.0	0.10605215654391031	Kocak	permutation	
3379.0	0.06994739973347563	Kocak	permutation	
3380.0	0.06865578883130397	Kocak	permutation	
3381.0	0.15505828843492342	Kocak	permutation	
3382.0	0.1952147083592628	Kocak	permutation	
3383.0	-0.16081304529082718	Kocak	permutation	
3384.0	-0.07440146552335491	Kocak	permutation	
3385.0	-0.19645219757405297	Kocak	permutation	
3386.0	0.0029069463647282134	Kocak	permutation	
3387.0	0.08534357062388409	Kocak	permutation	
3388.0	-0.15984817014002495	Kocak	permutation	
3389.0	0.014494717555422199	Kocak	permutation	
3390.0	-0.186658412488363	Kocak	permutation	
3391.0	-0.01269165939742134	Kocak	permutation	
3392.0	-0.11688120264712332	Kocak	permutation	
3393.0	0.17037925868972614	Kocak	permutation	
3394.0	0.23564532393095838	Kocak	permutation	
3395.0	-0.09239167748253685	Kocak	permutation	
3396.0	-0.015611164658268173	Kocak	permutation	
3397.0	-0.11584522199986846	Kocak	permutation	
3398.0	-0.0021899045658821947	Kocak	permutation	
3399.0	-0.07075709061941371	Kocak	permutation	
3400.0	-0.08301777546700961	Kocak	permutation	
3401.0	0.09168589612645572	Kocak	permutation	
3402.0	0.06190970220299352	Kocak	permutation	
3403.0	0.19011379841348042	Kocak	permutation	
3404.0	-0.1238947411494955	Kocak	permutation	
3405.0	0.017569054867625944	Kocak	permutation	
3406.0	0.0752887455596376	Kocak	permutation	
3407.0	-0.05295262765397801	Kocak	permutation	
3408.0	0.024422933057555163	Kocak	permutation	
3409.0	0.004902912950632832	Kocak	permutation	
3410.0	0.10630256881042843	Kocak	permutation	
3411.0	-0.009362902676662621	Kocak	permutation	
3412.0	-0.13940948674259346	Kocak	permutation	
3413.0	-0.024419320371650954	Kocak	permutation	
3414.0	-0.024276871401171185	Kocak	permutation	
3415.0	-0.0004113116615194201	Kocak	permutation	
3416.0	-0.2769385501730621	Kocak	permutation	
3417.0	-0.2038670750220053	Kocak	permutation	
3418.0	-0.018729032749867258	Kocak	permutation	
3419.0	-0.11305300207909585	Kocak	permutation	
3420.0	0.08240404893492048	Kocak	permutation	
3421.0	0.02059979850440108	Kocak	permutation	
3422.0	0.270317514875984	Kocak	permutation	
3423.0	0.0030918990125599066	Kocak	permutation	
3424.0	-0.034661677537449975	Kocak	permutation	
3425.0	0.054731380629356785	Kocak	permutation	
3426.0	-0.015181763245385227	Kocak	permutation	
3427.0	0.12471484062536842	Kocak	permutation	
3428.0	0.16810472005816823	Kocak	permutation	
3429.0	0.1206146104231145	Kocak	permutation	
3430.0	-0.06580257148218216	Kocak	permutation	
3431.0	0.06777081612273328	Kocak	permutation	
3432.0	0.02521567871738739	Kocak	permutation	
3433.0	0.07180514767292756	Kocak	permutation	
3434.0	0.1709748351467324	Kocak	permutation	
3435.0	0.11254619244977437	Kocak	permutation	
3436.0	0.05768982584265192	Kocak	permutation	
3437.0	-0.18533788245199467	Kocak	permutation	
3438.0	0.1447307852914408	Kocak	permutation	
3439.0	0.18436117234068394	Kocak	permutation	
3440.0	-0.06676804077393506	Kocak	permutation	
3441.0	-0.07043911944552406	Kocak	permutation	
3442.0	-0.2260183950509047	Kocak	permutation	
3443.0	0.2020038358238505	Kocak	permutation	
3444.0	0.07408849511218563	Kocak	permutation	
3445.0	-0.09097985046238577	Kocak	permutation	
3446.0	-0.04108677826972951	Kocak	permutation	
3447.0	0.0904496889376798	Kocak	permutation	
3448.0	-0.17144863308237213	Kocak	permutation	
3449.0	-0.14149790240300586	Kocak	permutation	
3450.0	-0.23119514998623814	Kocak	permutation	
3451.0	0.0015771964939412797	Kocak	permutation	
3452.0	0.08399411368278642	Kocak	permutation	
3453.0	-0.20813695729176906	Kocak	permutation	
3454.0	0.026586988931342148	Kocak	permutation	
3455.0	-0.03766454039005929	Kocak	permutation	
3456.0	0.03163158003700062	Kocak	permutation	
3457.0	-0.07397586284800362	Kocak	permutation	
3458.0	0.1900617363342736	Kocak	permutation	
3459.0	0.06739585452686381	Kocak	permutation	
3460.0	-0.02506760657479923	Kocak	permutation	
3461.0	-0.13645995027590185	Kocak	permutation	
3462.0	-0.178947965780627	Kocak	permutation	
3463.0	-0.009094084970325156	Kocak	permutation	
3464.0	0.030717414212303673	Kocak	permutation	
3465.0	-0.0487315630621179	Kocak	permutation	
3466.0	-0.05115144716422115	Kocak	permutation	
3467.0	0.19051980225497012	Kocak	permutation	
3468.0	-0.050346143325477044	Kocak	permutation	
3469.0	0.023553067351937962	Kocak	permutation	
3470.0	-0.06302681516939579	Kocak	permutation	
3471.0	0.1734783542920475	Kocak	permutation	
3472.0	0.07715466452405906	Kocak	permutation	
3473.0	0.05132721348314018	Kocak	permutation	
3474.0	0.017428915598658	Kocak	permutation	
3475.0	-0.16905325959271256	Kocak	permutation	
3476.0	0.013661561745636597	Kocak	permutation	
3477.0	0.05179178925358041	Kocak	permutation	
3478.0	-0.01563619361646129	Kocak	permutation	
3479.0	0.09263378020922808	Kocak	permutation	
3480.0	0.0075830335442885755	Kocak	permutation	
3481.0	0.11008445329431016	Kocak	permutation	
3482.0	0.018163189442139682	Kocak	permutation	
3483.0	-0.028912065450537483	Kocak	permutation	
3484.0	0.05942767238450486	Kocak	permutation	
3485.0	-0.16884751268168507	Kocak	permutation	
3486.0	-0.012222507586989728	Kocak	permutation	
3487.0	-0.06910681558188703	Kocak	permutation	
3488.0	0.023062702468312324	Kocak	permutation	
3489.0	0.06954823594981985	Kocak	permutation	
3490.0	-0.09462737078535621	Kocak	permutation	
3491.0	0.10988536002118732	Kocak	permutation	
3492.0	-0.14583551782284143	Kocak	permutation	
3493.0	0.034451811442675506	Kocak	permutation	
3494.0	0.20164197253331295	Kocak	permutation	
3495.0	0.2323656515519641	Kocak	permutation	
3496.0	-0.07895071632608808	Kocak	permutation	
3497.0	-0.01327441005155805	Kocak	permutation	
3498.0	0.05541222606959639	Kocak	permutation	
3499.0	0.13148370004087084	Kocak	permutation	
3500.0	0.020949941340793643	Kocak	permutation	
3501.0	-0.08849489452438508	Kocak	permutation	
3502.0	0.051849986145826144	Kocak	permutation	
3503.0	0.14093081275922614	Kocak	permutation	
3504.0	0.012470609107213981	Kocak	permutation	
3505.0	0.11554292541928923	Kocak	permutation	
3506.0	-0.16595836497755734	Kocak	permutation	
3507.0	0.0713786800454157	Kocak	permutation	
3508.0	0.022156967651334902	Kocak	permutation	
3509.0	0.04817196702278004	Kocak	permutation	
3510.0	0.1929944432491313	Kocak	permutation	
3511.0	-0.08980675693659101	Kocak	permutation	
3512.0	0.09142986346287696	Kocak	permutation	
3513.0	0.08374214529310642	Kocak	permutation	
3514.0	0.08227509417490886	Kocak	permutation	
3515.0	0.06023003694085993	Kocak	permutation	
3516.0	0.08640773803286361	Kocak	permutation	
3517.0	0.06366273129486011	Kocak	permutation	
3518.0	-0.03629478739137415	Kocak	permutation	
3519.0	0.03904996257606275	Kocak	permutation	
3520.0	-0.02753816619665006	Kocak	permutation	
3521.0	-0.012148532886776309	Kocak	permutation	
3522.0	-0.018316342117187467	Kocak	permutation	
3523.0	-0.04680114589874851	Kocak	permutation	
3524.0	-0.20652622359937745	Kocak	permutation	
3525.0	0.024450657483703786	Kocak	permutation	
3526.0	-0.11013305046669775	Kocak	permutation	
3527.0	-0.07217658627683399	Kocak	permutation	
3528.0	-0.010207919315976532	Kocak	permutation	
3529.0	-0.021307693025510943	Kocak	permutation	
3530.0	0.18506080216445042	Kocak	permutation	
3531.0	-0.07887946940842472	Kocak	permutation	
3532.0	0.012733521396612879	Kocak	permutation	
3533.0	-0.08512048190620458	Kocak	permutation	
3534.0	0.2639740623814131	Kocak	permutation	
3535.0	-0.03223404884806946	Kocak	permutation	
3536.0	0.013156145769458227	Kocak	permutation	
3537.0	-0.07652722330950823	Kocak	permutation	
3538.0	0.3016008143563864	Kocak	permutation	
3539.0	-0.22086119721865494	Kocak	permutation	
3540.0	-0.19934522643740227	Kocak	permutation	
3541.0	-0.18300418811377028	Kocak	permutation	
3542.0	0.08683486949811137	Kocak	permutation	
3543.0	0.10174191848197278	Kocak	permutation	
3544.0	0.15203218933513174	Kocak	permutation	
3545.0	0.09696592157266082	Kocak	permutation	
3546.0	0.09761953185796912	Kocak	permutation	
3547.0	-0.1251085581783098	Kocak	permutation	
3548.0	0.08947331921803947	Kocak	permutation	
3549.0	0.04264737651619921	Kocak	permutation	
3550.0	-0.05979118764691371	Kocak	permutation	
3551.0	0.0021279102728399835	Kocak	permutation	
3552.0	-0.06979701706006924	Kocak	permutation	
3553.0	0.052858006334941976	Kocak	permutation	
3554.0	-0.10728587876070428	Kocak	permutation	
3555.0	0.08113780673255366	Kocak	permutation	
3556.0	0.05979091761075317	Kocak	permutation	
3557.0	0.08951660666231565	Kocak	permutation	
3558.0	-0.10700426490318549	Kocak	permutation	
3559.0	0.007977247359423956	Kocak	permutation	
3560.0	-0.0006035310659822102	Kocak	permutation	
3561.0	-0.29252956922181905	Kocak	permutation	
3562.0	0.13837626570076011	Kocak	permutation	
3563.0	-0.006330686933959662	Kocak	permutation	
3564.0	0.09833815929959222	Kocak	permutation	
3565.0	-0.11609572128272294	Kocak	permutation	
3566.0	0.07083483389478484	Kocak	permutation	
3567.0	0.0438174077769764	Kocak	permutation	
3568.0	0.10547302278002313	Kocak	permutation	
3569.0	0.08724455347434024	Kocak	permutation	
3570.0	-0.11398065320132389	Kocak	permutation	
3571.0	-0.07449495199006417	Kocak	permutation	
3572.0	-0.11134641384697996	Kocak	permutation	
3573.0	0.4053344300209316	Kocak	permutation	
3574.0	-0.036425518735908824	Kocak	permutation	
3575.0	-0.08346727748472205	Kocak	permutation	
3576.0	0.08654086685167162	Kocak	permutation	
3577.0	0.021877207096900442	Kocak	permutation	
3578.0	0.015559415225082418	Kocak	permutation	
3579.0	0.007526006249539918	Kocak	permutation	
3580.0	0.02186714207967988	Kocak	permutation	
3581.0	-0.008227005420450517	Kocak	permutation	
3582.0	-0.04888131229257375	Kocak	permutation	
3583.0	-0.18036740212957536	Kocak	permutation	
3584.0	0.01974848836503451	Kocak	permutation	
3585.0	0.008286308763853611	Kocak	permutation	
3586.0	0.20262890116978305	Kocak	permutation	
3587.0	0.11761045412142579	Kocak	permutation	
3588.0	-0.05526749928220909	Kocak	permutation	
3589.0	-0.14751890616103136	Kocak	permutation	
3590.0	-0.09981072308821304	Kocak	permutation	
3591.0	0.2792159885335197	Kocak	permutation	
3592.0	0.07709268235384226	Kocak	permutation	
3593.0	0.12006495787887506	Kocak	permutation	
3594.0	-0.09477342287641832	Kocak	permutation	
3595.0	0.004116880730115291	Kocak	permutation	
3596.0	-0.06292504314572245	Kocak	permutation	
3597.0	-0.3611981615346629	Kocak	permutation	
3598.0	-0.09293040502126626	Kocak	permutation	
3599.0	0.10562322191035545	Kocak	permutation	
3600.0	0.04173284925331533	Kocak	permutation	
3601.0	-0.00318586680344346	Kocak	permutation	
3602.0	-0.03672342407735929	Kocak	permutation	
3603.0	0.17410850158969904	Kocak	permutation	
3604.0	0.0368955282272454	Kocak	permutation	
3605.0	-0.10123428789436772	Kocak	permutation	
3606.0	0.055623957771334887	Kocak	permutation	
3607.0	0.010021335508453966	Kocak	permutation	
3608.0	-0.034113562180092316	Kocak	permutation	
3609.0	0.05339327029119545	Kocak	permutation	
3610.0	0.014235785081987196	Kocak	permutation	
3611.0	0.05918364607784099	Kocak	permutation	
3612.0	0.052000064848591876	Kocak	permutation	
3613.0	-0.166194603793258	Kocak	permutation	
3614.0	0.0897968029362124	Kocak	permutation	
3615.0	-0.24685832968415067	Kocak	permutation	
3616.0	-0.006607866515807359	Kocak	permutation	
3617.0	-0.17389570658237297	Kocak	permutation	
3618.0	0.12830418332350746	Kocak	permutation	
3619.0	-0.052905539658028466	Kocak	permutation	
3620.0	-0.03953434602982764	Kocak	permutation	
3621.0	0.12785113061990838	Kocak	permutation	
3622.0	0.010288391098836058	Kocak	permutation	
3623.0	0.005270550117681516	Kocak	permutation	
3624.0	0.004670940382085043	Kocak	permutation	
3625.0	0.08984659294345576	Kocak	permutation	
3626.0	0.17333242600988807	Kocak	permutation	
3627.0	0.0099143465994036	Kocak	permutation	
3628.0	0.0373549842111931	Kocak	permutation	
3629.0	-0.043205461934668676	Kocak	permutation	
3630.0	-0.0012697783416273367	Kocak	permutation	
3631.0	-0.033890416422282854	Kocak	permutation	
3632.0	-0.15774683349856833	Kocak	permutation	
3633.0	0.07382723360273147	Kocak	permutation	
3634.0	-0.07636225924174145	Kocak	permutation	
3635.0	0.13715972110524355	Kocak	permutation	
3636.0	0.09875167142072261	Kocak	permutation	
3637.0	0.03668954457190399	Kocak	permutation	
3638.0	-0.09668793200554493	Kocak	permutation	
3639.0	-0.07789013915095389	Kocak	permutation	
3640.0	-0.15703192401294075	Kocak	permutation	
3641.0	0.028068678317825224	Kocak	permutation	
3642.0	0.06501257981241348	Kocak	permutation	
3643.0	0.10672028817422508	Kocak	permutation	
3644.0	-0.09498713909697987	Kocak	permutation	
3645.0	0.06087428251965665	Kocak	permutation	
3646.0	0.13978793277450574	Kocak	permutation	
3647.0	0.29309198130011715	Kocak	permutation	
3648.0	0.22050565654966992	Kocak	permutation	
3649.0	-0.11854779399192417	Kocak	permutation	
3650.0	0.03644253551790477	Kocak	permutation	
3651.0	-0.04388820280057093	Kocak	permutation	
3652.0	-0.03703908986174742	Kocak	permutation	
3653.0	0.05135013511511399	Kocak	permutation	
3654.0	0.041009264544231705	Kocak	permutation	
3655.0	0.1539874819283531	Kocak	permutation	
3656.0	-0.06327018079740032	Kocak	permutation	
3657.0	-0.07758461750515533	Kocak	permutation	
3658.0	-0.06668043086757969	Kocak	permutation	
3659.0	-0.15037382370326302	Kocak	permutation	
3660.0	0.06304725496176378	Kocak	permutation	
3661.0	-0.09382233085832592	Kocak	permutation	
3662.0	0.008077164008548188	Kocak	permutation	
3663.0	0.016220450093817895	Kocak	permutation	
3664.0	0.01652852374354552	Kocak	permutation	
3665.0	-0.00032082562846103	Kocak	permutation	
3666.0	-0.19298301401166196	Kocak	permutation	
3667.0	0.13597612901453537	Kocak	permutation	
3668.0	0.03131149012255463	Kocak	permutation	
3669.0	-0.20178808558256378	Kocak	permutation	
3670.0	0.023232408911135316	Kocak	permutation	
3671.0	0.15477938363781618	Kocak	permutation	
3672.0	0.05124409603784397	Kocak	permutation	
3673.0	-0.07380611817805427	Kocak	permutation	
3674.0	-0.022463414539341642	Kocak	permutation	
3675.0	0.06454070713174698	Kocak	permutation	
3676.0	-0.11961938549177642	Kocak	permutation	
3677.0	0.106471145645326	Kocak	permutation	
3678.0	0.02796100124185319	Kocak	permutation	
3679.0	0.1611903464370057	Kocak	permutation	
3680.0	0.15063566740398215	Kocak	permutation	
3681.0	0.055690839522857694	Kocak	permutation	
3682.0	0.31287267501679317	Kocak	permutation	
3683.0	0.08022038762962769	Kocak	permutation	
3684.0	0.1497542363523463	Kocak	permutation	
3685.0	-0.10097625203313587	Kocak	permutation	
3686.0	-0.0012026812353331806	Kocak	permutation	
3687.0	0.19076895536063088	Kocak	permutation	
3688.0	0.0877137833331032	Kocak	permutation	
3689.0	0.056893593896490735	Kocak	permutation	
3690.0	-0.160657289555715	Kocak	permutation	
3691.0	0.08007847065802132	Kocak	permutation	
3692.0	-0.09681690781559382	Kocak	permutation	
3693.0	-0.08123164599864197	Kocak	permutation	
3694.0	0.10710826973142495	Kocak	permutation	
3695.0	-0.004606654733128046	Kocak	permutation	
3696.0	-0.07950265607615847	Kocak	permutation	
3697.0	0.13455922989963032	Kocak	permutation	
3698.0	-0.04739566420786101	Kocak	permutation	
3699.0	0.1562199095797805	Kocak	permutation	
3700.0	-0.1020518030913653	Kocak	permutation	
3701.0	-0.08859849109827156	Kocak	permutation	
3702.0	0.05349662701810676	Kocak	permutation	
3703.0	0.029710285914694268	Kocak	permutation	
3704.0	-0.006782391156686884	Kocak	permutation	
3705.0	0.1853387248653462	Kocak	permutation	
3706.0	0.025392400958438976	Kocak	permutation	
3707.0	-0.16846201810729688	Kocak	permutation	
3708.0	-0.027812846539791103	Kocak	permutation	
3709.0	0.06934276874737488	Kocak	permutation	
3710.0	0.11200151771811484	Kocak	permutation	
3711.0	0.2834694340779258	Kocak	permutation	
3712.0	0.022297569440346443	Kocak	permutation	
3713.0	0.1529717280454035	Kocak	permutation	
3714.0	-0.010790915380989752	Kocak	permutation	
3715.0	0.05160381342131437	Kocak	permutation	
3716.0	0.04259984974439135	Kocak	permutation	
3717.0	0.11354739843644346	Kocak	permutation	
3718.0	-0.15694249726753906	Kocak	permutation	
3719.0	-0.20408272939279115	Kocak	permutation	
3720.0	0.1159822883158581	Kocak	permutation	
3721.0	0.018572689300476952	Kocak	permutation	
3722.0	-0.03828435419619591	Kocak	permutation	
3723.0	-0.012248593766581273	Kocak	permutation	
3724.0	-0.030377075098754425	Kocak	permutation	
3725.0	-0.165016514860997	Kocak	permutation	
3726.0	-0.10490152558647114	Kocak	permutation	
3727.0	0.003837913450944086	Kocak	permutation	
3728.0	-0.01920426318719315	Kocak	permutation	
3729.0	-0.08512032052413598	Kocak	permutation	
3730.0	-0.14334134354103067	Kocak	permutation	
3731.0	0.04527405622089198	Kocak	permutation	
3732.0	-0.08641697023892192	Kocak	permutation	
3733.0	-0.13640981405538266	Kocak	permutation	
3734.0	0.03413391876947269	Kocak	permutation	
3735.0	-0.1748873233314061	Kocak	permutation	
3736.0	-0.06243957122603483	Kocak	permutation	
3737.0	-0.060513985540214144	Kocak	permutation	
3738.0	0.044868091001155186	Kocak	permutation	
3739.0	-0.07867245572889914	Kocak	permutation	
3740.0	0.1516732266584384	Kocak	permutation	
3741.0	0.018849341360041016	Kocak	permutation	
3742.0	0.12220127903301758	Kocak	permutation	
3743.0	0.12271913999813844	Kocak	permutation	
3744.0	-0.0541195409658366	Kocak	permutation	
3745.0	0.10731593476759294	Kocak	permutation	
3746.0	0.14268329326416307	Kocak	permutation	
3747.0	-0.0030123593395456894	Kocak	permutation	
3748.0	-0.05187426557243047	Kocak	permutation	
3749.0	0.03600328786995988	Kocak	permutation	
3750.0	0.06480815812138996	Kocak	permutation	
3751.0	0.10802789762929965	Kocak	permutation	
3752.0	0.18953994119972606	Kocak	permutation	
3753.0	0.03366117086507714	Kocak	permutation	
3754.0	-0.15686724886603542	Kocak	permutation	
3755.0	0.07881070278379187	Kocak	permutation	
3756.0	0.08254745251968387	Kocak	permutation	
3757.0	0.43366346490560215	Kocak	permutation	
3758.0	0.07906168238744105	Kocak	permutation	
3759.0	0.0894530508965179	Kocak	permutation	
3760.0	-0.14818276306713685	Kocak	permutation	
3761.0	0.03910568495720401	Kocak	permutation	
3762.0	-0.041535982004718086	Kocak	permutation	
3763.0	-0.08559406991972018	Kocak	permutation	
3764.0	-0.19659959801525329	Kocak	permutation	
3765.0	0.19892953142828418	Kocak	permutation	
3766.0	-0.11136236340572303	Kocak	permutation	
3767.0	0.0007442889936042363	Kocak	permutation	
3768.0	-0.0824515336491487	Kocak	permutation	
3769.0	-0.00933586531793118	Kocak	permutation	
3770.0	0.0444522505815419	Kocak	permutation	
3771.0	-0.017673126451230203	Kocak	permutation	
3772.0	-0.26818075869116154	Kocak	permutation	
3773.0	-0.2666696068882617	Kocak	permutation	
3774.0	-0.030357509386283787	Kocak	permutation	
3775.0	0.13719298080961906	Kocak	permutation	
3776.0	-0.012591545285113526	Kocak	permutation	
3777.0	-0.03681020259791712	Kocak	permutation	
3778.0	-0.007475720231999716	Kocak	permutation	
3779.0	-0.1549473045140033	Kocak	permutation	
3780.0	0.1351249100418439	Kocak	permutation	
3781.0	-0.13394516600015827	Kocak	permutation	
3782.0	0.19270098640024536	Kocak	permutation	
3783.0	0.03540515203754868	Kocak	permutation	
3784.0	-0.11343331564169556	Kocak	permutation	
3785.0	0.07736386859994049	Kocak	permutation	
3786.0	-0.0746990687935325	Kocak	permutation	
3787.0	0.048800839236909255	Kocak	permutation	
3788.0	0.0001309536917766252	Kocak	permutation	
3789.0	0.02516461154251104	Kocak	permutation	
3790.0	0.10740707189463805	Kocak	permutation	
3791.0	0.023787345050209296	Kocak	permutation	
3792.0	0.030398132327182914	Kocak	permutation	
3793.0	-0.02119484103757685	Kocak	permutation	
3794.0	-0.003896000862247284	Kocak	permutation	
3795.0	0.13031053554412608	Kocak	permutation	
3796.0	-0.20831156356369362	Kocak	permutation	
3797.0	0.014357101614610457	Kocak	permutation	
3798.0	0.00880305156754524	Kocak	permutation	
3799.0	-0.2197005958974323	Kocak	permutation	
3800.0	-0.04739025860977186	Kocak	permutation	
3801.0	-0.10012969871572075	Kocak	permutation	
3802.0	0.1459981107015631	Kocak	permutation	
3803.0	0.04303396337683463	Kocak	permutation	
3804.0	-0.029694527446433305	Kocak	permutation	
3805.0	-0.01111212388766436	Kocak	permutation	
3806.0	-0.02272388630815758	Kocak	permutation	
3807.0	0.11721082993627974	Kocak	permutation	
3808.0	0.00474789928420094	Kocak	permutation	
3809.0	0.07558994127235685	Kocak	permutation	
3810.0	-0.16620177012013126	Kocak	permutation	
3811.0	0.04676003411011198	Kocak	permutation	
3812.0	0.020150527505521154	Kocak	permutation	
3813.0	0.1394110240287807	Kocak	permutation	
3814.0	-0.1503578116048967	Kocak	permutation	
3815.0	0.1051999965185173	Kocak	permutation	
3816.0	0.057916119057742854	Kocak	permutation	
3817.0	-0.011856616308710599	Kocak	permutation	
3818.0	0.00418303108747331	Kocak	permutation	
3819.0	0.2958107582334817	Kocak	permutation	
3820.0	0.12293276839979761	Kocak	permutation	
3821.0	0.12357886322044287	Kocak	permutation	
3822.0	-0.17703109037818177	Kocak	permutation	
3823.0	0.1155552007562104	Kocak	permutation	
3824.0	-0.13675463061769388	Kocak	permutation	
3825.0	0.06777722615427706	Kocak	permutation	
3826.0	0.0009338643979894812	Kocak	permutation	
3827.0	0.07279028686487798	Kocak	permutation	
3828.0	0.1810592034714631	Kocak	permutation	
3829.0	-0.01612017552819367	Kocak	permutation	
3830.0	0.02813934240829763	Kocak	permutation	
3831.0	0.013894724749459186	Kocak	permutation	
3832.0	0.16229041935690347	Kocak	permutation	
3833.0	-0.06801330742801781	Kocak	permutation	
3834.0	0.021645115060583642	Kocak	permutation	
3835.0	0.16537424727007455	Kocak	permutation	
3836.0	-0.05525922427300589	Kocak	permutation	
3837.0	-0.1379494456256154	Kocak	permutation	
3838.0	0.09688098361861996	Kocak	permutation	
3839.0	-0.08936748713742926	Kocak	permutation	
3840.0	0.061089041563628044	Kocak	permutation	
3841.0	0.12046332281910388	Kocak	permutation	
3842.0	0.06195336375299476	Kocak	permutation	
3843.0	0.10674544223427151	Kocak	permutation	
3844.0	-0.11612542958539684	Kocak	permutation	
3845.0	0.09185546262204447	Kocak	permutation	
3846.0	-0.11134088162059719	Kocak	permutation	
3847.0	0.08054106055274524	Kocak	permutation	
3848.0	-0.0018315931322856471	Kocak	permutation	
3849.0	-0.04013783406551763	Kocak	permutation	
3850.0	0.01635689293425191	Kocak	permutation	
3851.0	-0.13500809319772866	Kocak	permutation	
3852.0	-0.04452727153177172	Kocak	permutation	
3853.0	-0.006455781789056481	Kocak	permutation	
3854.0	0.11032235414068392	Kocak	permutation	
3855.0	-0.028424474406307354	Kocak	permutation	
3856.0	-0.10973300718279422	Kocak	permutation	
3857.0	-0.21262944074431722	Kocak	permutation	
3858.0	0.1434136948062088	Kocak	permutation	
3859.0	-0.0884328127559666	Kocak	permutation	
3860.0	0.095035358914064	Kocak	permutation	
3861.0	0.08909996011194465	Kocak	permutation	
3862.0	0.12286006990674725	Kocak	permutation	
3863.0	-0.035190239744362195	Kocak	permutation	
3864.0	-0.0146355171337893	Kocak	permutation	
3865.0	0.08626719857713105	Kocak	permutation	
3866.0	-0.029902205992033082	Kocak	permutation	
3867.0	-0.1383665705031838	Kocak	permutation	
3868.0	0.11849377424035179	Kocak	permutation	
3869.0	0.0008754352274573662	Kocak	permutation	
3870.0	0.071942077357944	Kocak	permutation	
3871.0	0.07945144851438002	Kocak	permutation	
3872.0	0.05465876398745806	Kocak	permutation	
3873.0	0.150117687923494	Kocak	permutation	
3874.0	0.0012237720994239254	Kocak	permutation	
3875.0	0.007807636959793918	Kocak	permutation	
3876.0	0.0883520473736672	Kocak	permutation	
3877.0	0.18372344937860863	Kocak	permutation	
3878.0	0.10760941271801983	Kocak	permutation	
3879.0	-0.16196100797480284	Kocak	permutation	
3880.0	-0.10561568902317475	Kocak	permutation	
3881.0	0.11621474198687931	Kocak	permutation	
3882.0	0.21949672866172154	Kocak	permutation	
3883.0	-0.14113891991616434	Kocak	permutation	
3884.0	0.004812157451276278	Kocak	permutation	
3885.0	0.16145265924396668	Kocak	permutation	
3886.0	-0.018256096090249585	Kocak	permutation	
3887.0	-0.21511322856051507	Kocak	permutation	
3888.0	0.010398721822284074	Kocak	permutation	
3889.0	0.017066372146794073	Kocak	permutation	
3890.0	-0.05564964392114824	Kocak	permutation	
3891.0	0.01292121388362144	Kocak	permutation	
3892.0	-0.11539938319216159	Kocak	permutation	
3893.0	-0.11148489409717222	Kocak	permutation	
3894.0	-0.19021481948068786	Kocak	permutation	
3895.0	0.11686921288049223	Kocak	permutation	
3896.0	-0.021538887777469817	Kocak	permutation	
3897.0	-0.035264236077384936	Kocak	permutation	
3898.0	-0.15866543944546585	Kocak	permutation	
3899.0	0.0005365449477432449	Kocak	permutation	
3900.0	-0.09706879943638747	Kocak	permutation	
3901.0	-0.08943831560223181	Kocak	permutation	
3902.0	0.04372488704712829	Kocak	permutation	
3903.0	0.03418146627082397	Kocak	permutation	
3904.0	0.0804436649374427	Kocak	permutation	
3905.0	-0.10144552273893837	Kocak	permutation	
3906.0	0.052674596572834353	Kocak	permutation	
3907.0	-0.10558658531343568	Kocak	permutation	
3908.0	0.009133291139307609	Kocak	permutation	
3909.0	0.13979745323284476	Kocak	permutation	
3910.0	-0.14070755292723547	Kocak	permutation	
3911.0	0.06503972312673234	Kocak	permutation	
3912.0	-0.05559398967645546	Kocak	permutation	
3913.0	0.138963443230379	Kocak	permutation	
3914.0	0.06143297538003445	Kocak	permutation	
3915.0	0.16377164664725008	Kocak	permutation	
3916.0	-0.029038524474019667	Kocak	permutation	
3917.0	0.20487330257264968	Kocak	permutation	
3918.0	0.047683946220545614	Kocak	permutation	
3919.0	0.22497798852214945	Kocak	permutation	
3920.0	-0.06660980688534313	Kocak	permutation	
3921.0	-0.04025348322493194	Kocak	permutation	
3922.0	0.07931370038697594	Kocak	permutation	
3923.0	0.10164818718444746	Kocak	permutation	
3924.0	-0.14166787831518413	Kocak	permutation	
3925.0	-0.16566491825442498	Kocak	permutation	
3926.0	-0.001919195897372994	Kocak	permutation	
3927.0	0.09953512727420133	Kocak	permutation	
3928.0	-0.12675386665200072	Kocak	permutation	
3929.0	0.20878410104752287	Kocak	permutation	
3930.0	0.021853350692693674	Kocak	permutation	
3931.0	-0.006085124666356023	Kocak	permutation	
3932.0	-0.14570466774184876	Kocak	permutation	
3933.0	-0.0996622064439574	Kocak	permutation	
3934.0	-0.18407272259081786	Kocak	permutation	
3935.0	0.21764503470014063	Kocak	permutation	
3936.0	-0.19283220062026807	Kocak	permutation	
3937.0	-0.14910660273363163	Kocak	permutation	
3938.0	-0.13056644387864758	Kocak	permutation	
3939.0	-0.04576129818222796	Kocak	permutation	
3940.0	0.04025300305809143	Kocak	permutation	
3941.0	-0.05052310014096584	Kocak	permutation	
3942.0	-0.13177196986772532	Kocak	permutation	
3943.0	-0.1294911742088658	Kocak	permutation	
3944.0	-0.10591519408198735	Kocak	permutation	
3945.0	0.07153330382884793	Kocak	permutation	
3946.0	0.11630002624777891	Kocak	permutation	
3947.0	-0.009416060593075315	Kocak	permutation	
3948.0	-0.07545836051755117	Kocak	permutation	
3949.0	-0.04207812275167466	Kocak	permutation	
3950.0	-0.11717257595549224	Kocak	permutation	
3951.0	-0.16102210875030654	Kocak	permutation	
3952.0	0.04596821483697067	Kocak	permutation	
3953.0	0.2402651482336271	Kocak	permutation	
3954.0	-0.035369711789832614	Kocak	permutation	
3955.0	0.04110876787939155	Kocak	permutation	
3956.0	0.007585855531584862	Kocak	permutation	
3957.0	-0.010784370046344804	Kocak	permutation	
3958.0	-0.003843496622533138	Kocak	permutation	
3959.0	-0.09112512789661498	Kocak	permutation	
3960.0	0.1021165937696038	Kocak	permutation	
3961.0	0.05532233534425579	Kocak	permutation	
3962.0	0.1053027942813527	Kocak	permutation	
3963.0	-0.007502035616876235	Kocak	permutation	
3964.0	-0.116420362148423	Kocak	permutation	
3965.0	0.290358161383117	Kocak	permutation	
3966.0	-0.22006192060906304	Kocak	permutation	
3967.0	0.185449090534469	Kocak	permutation	
3968.0	-0.014296655679364001	Kocak	permutation	
3969.0	-0.08337222503613617	Kocak	permutation	
3970.0	0.23661749324903525	Kocak	permutation	
3971.0	-0.14624103738355831	Kocak	permutation	
3972.0	-0.05378733735187602	Kocak	permutation	
3973.0	0.056783974882672617	Kocak	permutation	
3974.0	-0.027348919624905932	Kocak	permutation	
3975.0	0.24153035652344013	Kocak	permutation	
3976.0	0.1430012153188942	Kocak	permutation	
3977.0	0.2350445611780545	Kocak	permutation	
3978.0	-0.14488876717134147	Kocak	permutation	
3979.0	-0.0024419078520470094	Kocak	permutation	
3980.0	-0.10585022236607422	Kocak	permutation	
3981.0	0.24341520775389647	Kocak	permutation	
3982.0	0.047388167261981806	Kocak	permutation	
3983.0	0.10348127084100067	Kocak	permutation	
3984.0	-0.0863385677021915	Kocak	permutation	
3985.0	0.019634477002619555	Kocak	permutation	
3986.0	0.047481707165370146	Kocak	permutation	
3987.0	-0.007750929571379572	Kocak	permutation	
3988.0	0.03935618657300566	Kocak	permutation	
3989.0	-0.04941787651617613	Kocak	permutation	
3990.0	0.11854988587545812	Kocak	permutation	
3991.0	-0.032871028353696374	Kocak	permutation	
3992.0	0.15921707387812845	Kocak	permutation	
3993.0	0.256779662535787	Kocak	permutation	
3994.0	0.07628776685512051	Kocak	permutation	
3995.0	-0.10910638899319025	Kocak	permutation	
3996.0	-0.08071627195310693	Kocak	permutation	
3997.0	-0.14862273585778318	Kocak	permutation	
3998.0	0.12059935573888225	Kocak	permutation	
3999.0	-0.03794083814204541	Kocak	permutation	
4000.0	-0.16598385662772674	Kocak	permutation	
4001.0	-0.1432783895591987	Kocak	permutation	
4002.0	0.03522239582586284	Kocak	permutation	
4003.0	-0.05228212046660463	Kocak	permutation	
4004.0	0.010959329594136591	Kocak	permutation	
4005.0	-0.0035905977325629834	Kocak	permutation	
4006.0	-0.08442626998555447	Kocak	permutation	
4007.0	-0.20783990474680802	Kocak	permutation	
4008.0	0.020076788219983932	Kocak	permutation	
4009.0	0.015515562777211223	Kocak	permutation	
4010.0	-0.18397771052667444	Kocak	permutation	
4011.0	0.01982386368696787	Kocak	permutation	
4012.0	-0.06696737787114859	Kocak	permutation	
4013.0	-0.058484180383316264	Kocak	permutation	
4014.0	-0.08765339921126625	Kocak	permutation	
4015.0	-0.05839881940351965	Kocak	permutation	
4016.0	0.047202281299755455	Kocak	permutation	
4017.0	-0.1521543146985529	Kocak	permutation	
4018.0	0.02676809230216559	Kocak	permutation	
4019.0	0.23404596321982307	Kocak	permutation	
4020.0	-0.027868983821226934	Kocak	permutation	
4021.0	0.00247364778215875	Kocak	permutation	
4022.0	0.1380279003030438	Kocak	permutation	
4023.0	-0.14732753920404562	Kocak	permutation	
4024.0	0.07402931212180608	Kocak	permutation	
4025.0	0.10136767263503277	Kocak	permutation	
4026.0	0.1283042537114607	Kocak	permutation	
4027.0	0.04657794010500904	Kocak	permutation	
4028.0	-0.05166264603074122	Kocak	permutation	
4029.0	0.11767486601912314	Kocak	permutation	
4030.0	0.0071292151000132975	Kocak	permutation	
4031.0	-0.019363288739989493	Kocak	permutation	
4032.0	0.16606145764100866	Kocak	permutation	
4033.0	0.07150253392902073	Kocak	permutation	
4034.0	0.06740542970803887	Kocak	permutation	
4035.0	0.1698901937552355	Kocak	permutation	
4036.0	0.03121588798743602	Kocak	permutation	
4037.0	0.14872981131258012	Kocak	permutation	
4038.0	-0.01128828947847893	Kocak	permutation	
4039.0	0.003371317583259703	Kocak	permutation	
4040.0	0.0028004746166780947	Kocak	permutation	
4041.0	0.05582057088354109	Kocak	permutation	
4042.0	-0.0032659225773912226	Kocak	permutation	
4043.0	-0.0393082000768441	Kocak	permutation	
4044.0	-0.10744804819556997	Kocak	permutation	
4045.0	0.01352949396844938	Kocak	permutation	
4046.0	0.0863740724751958	Kocak	permutation	
4047.0	0.10527246092268783	Kocak	permutation	
4048.0	-0.08787784046430236	Kocak	permutation	
4049.0	0.13790533756805434	Kocak	permutation	
4050.0	-0.05315907120980157	Kocak	permutation	
4051.0	0.10595257247977852	Kocak	permutation	
4052.0	0.03126143279451288	Kocak	permutation	
4053.0	0.2229458196533569	Kocak	permutation	
4054.0	0.1803487163460984	Kocak	permutation	
4055.0	-0.0834565833217118	Kocak	permutation	
4056.0	0.05551956118417323	Kocak	permutation	
4057.0	0.021179043353173554	Kocak	permutation	
4058.0	-0.13038376252910666	Kocak	permutation	
4059.0	0.017772285275399646	Kocak	permutation	
4060.0	-0.008612603688514575	Kocak	permutation	
4061.0	0.0024570067906424242	Kocak	permutation	
4062.0	-0.10382824369456412	Kocak	permutation	
4063.0	-0.010939851207902862	Kocak	permutation	
4064.0	0.012385158241604799	Kocak	permutation	
4065.0	0.00854621134841338	Kocak	permutation	
4066.0	-0.026314602885040728	Kocak	permutation	
4067.0	-0.15333460373276253	Kocak	permutation	
4068.0	0.04178109368962524	Kocak	permutation	
4069.0	-0.12656116589210065	Kocak	permutation	
4070.0	0.01568340346896857	Kocak	permutation	
4071.0	0.11102471145383852	Kocak	permutation	
4072.0	0.00401781329802553	Kocak	permutation	
4073.0	-0.1375368996699473	Kocak	permutation	
4074.0	-0.010820722352256062	Kocak	permutation	
4075.0	0.024597681108725844	Kocak	permutation	
4076.0	-0.005343757420659401	Kocak	permutation	
4077.0	-0.007403441375312347	Kocak	permutation	
4078.0	0.21154825691526202	Kocak	permutation	
4079.0	-0.03701055890340044	Kocak	permutation	
4080.0	-0.021450186871168064	Kocak	permutation	
4081.0	0.03478631653789144	Kocak	permutation	
4082.0	0.12264206124542198	Kocak	permutation	
4083.0	-0.03976334926488079	Kocak	permutation	
4084.0	-0.028548774645205555	Kocak	permutation	
4085.0	0.06757771312892036	Kocak	permutation	
4086.0	0.011269079665293447	Kocak	permutation	
4087.0	-0.09517136969496587	Kocak	permutation	
4088.0	-0.012180747847759577	Kocak	permutation	
4089.0	-0.004315187820073341	Kocak	permutation	
4090.0	-0.177211359775316	Kocak	permutation	
4091.0	0.056738931773294254	Kocak	permutation	
4092.0	-0.07832759360463815	Kocak	permutation	
4093.0	-0.042680019747586506	Kocak	permutation	
4094.0	-0.24675756783952796	Kocak	permutation	
4095.0	-0.009595353650500904	Kocak	permutation	
4096.0	0.10066193665914813	Kocak	permutation	
4097.0	0.11600501770250737	Kocak	permutation	
4098.0	0.204380813426301	Kocak	permutation	
4099.0	0.17367677446482244	Kocak	permutation	
4100.0	-0.17093731528252576	Kocak	permutation	
4101.0	0.0014157465703856786	Kocak	permutation	
4102.0	0.1114994824019071	Kocak	permutation	
4103.0	0.09295877735143243	Kocak	permutation	
4104.0	0.023517858278775172	Kocak	permutation	
4105.0	-0.2518689987531957	Kocak	permutation	
4106.0	0.058891423143010435	Kocak	permutation	
4107.0	-0.0045441584900203225	Kocak	permutation	
4108.0	-0.22098658689854567	Kocak	permutation	
4109.0	0.13048750858126734	Kocak	permutation	
4110.0	-0.06477612731697047	Kocak	permutation	
4111.0	0.011006837364697653	Kocak	permutation	
4112.0	0.0848962707694545	Kocak	permutation	
4113.0	0.12980769101603062	Kocak	permutation	
4114.0	0.08254713022899729	Kocak	permutation	
4115.0	-0.008759560824188384	Kocak	permutation	
4116.0	0.2098960022193337	Kocak	permutation	
4117.0	-0.006672916500932047	Kocak	permutation	
4118.0	0.0826512612524084	Kocak	permutation	
4119.0	0.038505182833487694	Kocak	permutation	
4120.0	0.04533815088840942	Kocak	permutation	
4121.0	0.036772559347375555	Kocak	permutation	
4122.0	0.0821044527055319	Kocak	permutation	
4123.0	-0.048601360302603425	Kocak	permutation	
4124.0	0.05229978081945763	Kocak	permutation	
4125.0	-0.126844257482281	Kocak	permutation	
4126.0	-0.004935462635604182	Kocak	permutation	
4127.0	0.16040533074239605	Kocak	permutation	
4128.0	0.021964605008224503	Kocak	permutation	
4129.0	-0.038948417749828046	Kocak	permutation	
4130.0	0.09972535688633499	Kocak	permutation	
4131.0	-0.0753981233068739	Kocak	permutation	
4132.0	0.10894080134966178	Kocak	permutation	
4133.0	-0.12711010394511657	Kocak	permutation	
4134.0	0.011101046908869705	Kocak	permutation	
4135.0	-0.012553312312327591	Kocak	permutation	
4136.0	-0.19844312266247233	Kocak	permutation	
4137.0	0.24016576844882298	Kocak	permutation	
4138.0	-0.1237218505792983	Kocak	permutation	
4139.0	0.07027852695932246	Kocak	permutation	
4140.0	-0.04699327001531106	Kocak	permutation	
4141.0	0.10332072902529177	Kocak	permutation	
4142.0	-0.16724137114855786	Kocak	permutation	
4143.0	0.025216254880720435	Kocak	permutation	
4144.0	-0.15116533252680942	Kocak	permutation	
4145.0	0.049953804307679484	Kocak	permutation	
4146.0	0.07912102955974021	Kocak	permutation	
4147.0	0.07259521512890199	Kocak	permutation	
4148.0	0.10816465643424689	Kocak	permutation	
4149.0	0.08092737620297452	Kocak	permutation	
4150.0	0.09170129944474326	Kocak	permutation	
4151.0	-0.055371392482805426	Kocak	permutation	
4152.0	-0.048001093202021394	Kocak	permutation	
4153.0	-0.17949750315620072	Kocak	permutation	
4154.0	0.1563304475148044	Kocak	permutation	
4155.0	-0.1871995024873243	Kocak	permutation	
4156.0	0.01494814954896917	Kocak	permutation	
4157.0	-0.13823016806786725	Kocak	permutation	
4158.0	-0.06497292061808224	Kocak	permutation	
4159.0	0.04039371317187257	Kocak	permutation	
4160.0	-0.14852427289291992	Kocak	permutation	
4161.0	-0.06599173733060049	Kocak	permutation	
4162.0	0.1546850962466575	Kocak	permutation	
4163.0	-0.04742149585624933	Kocak	permutation	
4164.0	0.05551756372576033	Kocak	permutation	
4165.0	-0.10657649544894188	Kocak	permutation	
4166.0	0.012145014283406752	Kocak	permutation	
4167.0	0.009282977588420671	Kocak	permutation	
4168.0	-0.04185931128816911	Kocak	permutation	
4169.0	0.06621934812736807	Kocak	permutation	
4170.0	0.10507628692525106	Kocak	permutation	
4171.0	0.05579089737136833	Kocak	permutation	
4172.0	0.023346079151486343	Kocak	permutation	
4173.0	-0.2030786601855601	Kocak	permutation	
4174.0	0.02805495307066952	Kocak	permutation	
4175.0	0.17059163757622997	Kocak	permutation	
4176.0	0.12767301324099556	Kocak	permutation	
4177.0	0.07936532260121432	Kocak	permutation	
4178.0	-0.08005879394411064	Kocak	permutation	
4179.0	-0.03774977735095053	Kocak	permutation	
4180.0	0.258336585000591	Kocak	permutation	
4181.0	-0.04109867151474855	Kocak	permutation	
4182.0	-0.3168591947843993	Kocak	permutation	
4183.0	-0.04841907271993051	Kocak	permutation	
4184.0	0.06784403735557554	Kocak	permutation	
4185.0	0.0035591266828296497	Kocak	permutation	
4186.0	0.11818346886191655	Kocak	permutation	
4187.0	0.04192021941374069	Kocak	permutation	
4188.0	-0.0870440108252648	Kocak	permutation	
4189.0	0.06325394345203161	Kocak	permutation	
4190.0	0.09014883411451091	Kocak	permutation	
4191.0	0.16276909419395302	Kocak	permutation	
4192.0	0.059101840003743966	Kocak	permutation	
4193.0	-0.09907477121770913	Kocak	permutation	
4194.0	0.06745437262203424	Kocak	permutation	
4195.0	0.03422616589213323	Kocak	permutation	
4196.0	-0.10985349997466898	Kocak	permutation	
4197.0	-0.15675558922358235	Kocak	permutation	
4198.0	0.06159069212285395	Kocak	permutation	
4199.0	0.08720422318309051	Kocak	permutation	
4200.0	0.09771780096030547	Kocak	permutation	
4201.0	-0.06940873081676102	Kocak	permutation	
4202.0	-0.053254045980335896	Kocak	permutation	
4203.0	0.13306374303463553	Kocak	permutation	
4204.0	-0.020720833687579265	Kocak	permutation	
4205.0	0.16967094595938637	Kocak	permutation	
4206.0	0.028562099983034273	Kocak	permutation	
4207.0	-0.050944271285382925	Kocak	permutation	
4208.0	0.1447985060526653	Kocak	permutation	
4209.0	-0.02109910281791816	Kocak	permutation	
4210.0	-0.057504306331340516	Kocak	permutation	
4211.0	-0.08609293474118118	Kocak	permutation	
4212.0	-0.07018994010707491	Kocak	permutation	
4213.0	-0.19772144459729724	Kocak	permutation	
4214.0	0.09594604518347616	Kocak	permutation	
4215.0	0.07493672698964549	Kocak	permutation	
4216.0	-0.04985479788863234	Kocak	permutation	
4217.0	-0.23632098477903885	Kocak	permutation	
4218.0	0.00456376297320471	Kocak	permutation	
4219.0	-0.029180073750319835	Kocak	permutation	
4220.0	0.0583112430228665	Kocak	permutation	
4221.0	-0.1094198357356273	Kocak	permutation	
4222.0	-0.11761183851609935	Kocak	permutation	
4223.0	0.1295376962186774	Kocak	permutation	
4224.0	0.13362235986507187	Kocak	permutation	
4225.0	-0.05819079022596885	Kocak	permutation	
4226.0	-0.034277481445469604	Kocak	permutation	
4227.0	-0.033871704844720796	Kocak	permutation	
4228.0	0.13850553380890407	Kocak	permutation	
4229.0	-0.03149797413583144	Kocak	permutation	
4230.0	0.11724217758185418	Kocak	permutation	
4231.0	0.028643035611124468	Kocak	permutation	
4232.0	0.07995314366457684	Kocak	permutation	
4233.0	0.15727358379412415	Kocak	permutation	
4234.0	0.011821471431002983	Kocak	permutation	
4235.0	0.08992184889994359	Kocak	permutation	
4236.0	0.04651841349416497	Kocak	permutation	
4237.0	-0.08277133567847716	Kocak	permutation	
4238.0	-0.026966701640405155	Kocak	permutation	
4239.0	0.1736764357844338	Kocak	permutation	
4240.0	0.08573969782807467	Kocak	permutation	
4241.0	0.03707065611467275	Kocak	permutation	
4242.0	-0.12962512683334104	Kocak	permutation	
4243.0	0.10417688345693588	Kocak	permutation	
4244.0	0.04198512279140143	Kocak	permutation	
4245.0	0.05150662117164373	Kocak	permutation	
4246.0	0.1857798846713381	Kocak	permutation	
4247.0	0.07592122155581027	Kocak	permutation	
4248.0	0.012438412776207386	Kocak	permutation	
4249.0	0.012075499136514622	Kocak	permutation	
4250.0	0.19726598068069556	Kocak	permutation	
4251.0	0.08794949186298417	Kocak	permutation	
4252.0	0.14806315401118209	Kocak	permutation	
4253.0	-0.08406601080152143	Kocak	permutation	
4254.0	-0.061018633132955635	Kocak	permutation	
4255.0	0.19686344555354296	Kocak	permutation	
4256.0	0.08840484655267389	Kocak	permutation	
4257.0	0.06614781532649872	Kocak	permutation	
4258.0	0.20150161358283203	Kocak	permutation	
4259.0	0.12292514047757486	Kocak	permutation	
4260.0	0.035056793528815966	Kocak	permutation	
4261.0	0.07881489777803985	Kocak	permutation	
4262.0	0.026997275362091067	Kocak	permutation	
4263.0	0.031002227386140113	Kocak	permutation	
4264.0	0.0583169147704119	Kocak	permutation	
4265.0	0.22507466764662976	Kocak	permutation	
4266.0	0.05661587375420307	Kocak	permutation	
4267.0	0.11630116012530056	Kocak	permutation	
4268.0	0.00010213135131298401	Kocak	permutation	
4269.0	0.06141509344261298	Kocak	permutation	
4270.0	0.04080719619993456	Kocak	permutation	
4271.0	-0.034181356217805714	Kocak	permutation	
4272.0	0.11933411478544542	Kocak	permutation	
4273.0	-0.16368142374409267	Kocak	permutation	
4274.0	-0.05776371557993709	Kocak	permutation	
4275.0	0.03798428491934125	Kocak	permutation	
4276.0	-0.03519511078238491	Kocak	permutation	
4277.0	0.020348830487161962	Kocak	permutation	
4278.0	0.020494745842428053	Kocak	permutation	
4279.0	0.053479829145361535	Kocak	permutation	
4280.0	0.10444556975476615	Kocak	permutation	
4281.0	-0.05756885249865906	Kocak	permutation	
4282.0	0.11943205374791965	Kocak	permutation	
4283.0	-0.13099019606327555	Kocak	permutation	
4284.0	-0.11908665327763401	Kocak	permutation	
4285.0	-0.10089811985127195	Kocak	permutation	
4286.0	-0.16295667720365348	Kocak	permutation	
4287.0	0.1377614041124815	Kocak	permutation	
4288.0	0.16849478666497042	Kocak	permutation	
4289.0	0.17796134544373388	Kocak	permutation	
4290.0	0.06122696093330493	Kocak	permutation	
4291.0	0.003887506753867953	Kocak	permutation	
4292.0	0.1609143271349769	Kocak	permutation	
4293.0	-0.16285894832283	Kocak	permutation	
4294.0	0.0800162114680747	Kocak	permutation	
4295.0	-0.06496695272218833	Kocak	permutation	
4296.0	-0.1850766225129279	Kocak	permutation	
4297.0	-0.060472833813786764	Kocak	permutation	
4298.0	0.06611218089806137	Kocak	permutation	
4299.0	-0.02274125190720966	Kocak	permutation	
4300.0	-0.0033056467460745864	Kocak	permutation	
4301.0	0.17762248553793647	Kocak	permutation	
4302.0	-0.040357523161954845	Kocak	permutation	
4303.0	0.15183835292830494	Kocak	permutation	
4304.0	-0.21534634232297556	Kocak	permutation	
4305.0	0.1641650696585355	Kocak	permutation	
4306.0	0.039768406758849295	Kocak	permutation	
4307.0	-0.025560654708507435	Kocak	permutation	
4308.0	0.07610702218362686	Kocak	permutation	
4309.0	-0.15220079270030418	Kocak	permutation	
4310.0	0.11015162135257128	Kocak	permutation	
4311.0	0.16539875145726324	Kocak	permutation	
4312.0	-0.11087090207978179	Kocak	permutation	
4313.0	0.11955860614187053	Kocak	permutation	
4314.0	-0.041682767509929164	Kocak	permutation	
4315.0	0.15249266718870125	Kocak	permutation	
4316.0	-0.05467694280063373	Kocak	permutation	
4317.0	0.0757713662330417	Kocak	permutation	
4318.0	0.08253223622468564	Kocak	permutation	
4319.0	-0.039505077797039156	Kocak	permutation	
4320.0	0.18538601420179113	Kocak	permutation	
4321.0	0.12920761194442854	Kocak	permutation	
4322.0	0.21880484908797193	Kocak	permutation	
4323.0	-0.313736683268492	Kocak	permutation	
4324.0	0.1329215073434673	Kocak	permutation	
4325.0	-0.03950673566245655	Kocak	permutation	
4326.0	0.31979704936910824	Kocak	permutation	
4327.0	-0.05222054578570745	Kocak	permutation	
4328.0	0.05167286474349275	Kocak	permutation	
4329.0	0.07826207382007855	Kocak	permutation	
4330.0	0.05971238653764477	Kocak	permutation	
4331.0	-0.029969590790377865	Kocak	permutation	
4332.0	-0.1058010044718678	Kocak	permutation	
4333.0	0.01645265516734007	Kocak	permutation	
4334.0	0.03461838146113294	Kocak	permutation	
4335.0	-0.042867194530431085	Kocak	permutation	
4336.0	-0.19133367736506024	Kocak	permutation	
4337.0	0.06658824917401684	Kocak	permutation	
4338.0	-0.012402422422417736	Kocak	permutation	
4339.0	0.10330525801840729	Kocak	permutation	
4340.0	0.023597750263818718	Kocak	permutation	
4341.0	-0.2399055712006799	Kocak	permutation	
4342.0	0.282391177191065	Kocak	permutation	
4343.0	0.05084408001324192	Kocak	permutation	
4344.0	0.21729101732146106	Kocak	permutation	
4345.0	-0.07318865027841781	Kocak	permutation	
4346.0	0.23246128766104945	Kocak	permutation	
4347.0	-0.08979348486346073	Kocak	permutation	
4348.0	0.08498623397308336	Kocak	permutation	
4349.0	9.788010426081684e-05	Kocak	permutation	
4350.0	0.07326801372808323	Kocak	permutation	
4351.0	0.17952535401725633	Kocak	permutation	
4352.0	-0.03357297184563457	Kocak	permutation	
4353.0	0.06949627889583088	Kocak	permutation	
4354.0	0.011601859143063109	Kocak	permutation	
4355.0	0.05088732198875423	Kocak	permutation	
4356.0	-0.12980806847254378	Kocak	permutation	
4357.0	-0.1401976924244881	Kocak	permutation	
4358.0	0.1329105460859532	Kocak	permutation	
4359.0	-0.08496053494349365	Kocak	permutation	
4360.0	0.15569416640490008	Kocak	permutation	
4361.0	-0.1602619509421821	Kocak	permutation	
4362.0	0.09656635580003492	Kocak	permutation	
4363.0	0.2003154862243619	Kocak	permutation	
4364.0	0.19094115973088854	Kocak	permutation	
4365.0	-0.095789619259107	Kocak	permutation	
4366.0	-0.03127917448711859	Kocak	permutation	
4367.0	0.01806789802727593	Kocak	permutation	
4368.0	0.22391317882305195	Kocak	permutation	
4369.0	-0.06363407989560343	Kocak	permutation	
4370.0	0.0654430155336776	Kocak	permutation	
4371.0	0.05464736635223222	Kocak	permutation	
4372.0	0.18048420106056273	Kocak	permutation	
4373.0	-0.06308999075841548	Kocak	permutation	
4374.0	0.04347600909208271	Kocak	permutation	
4375.0	0.009210391020388897	Kocak	permutation	
4376.0	0.02272604402329481	Kocak	permutation	
4377.0	0.018363741939516842	Kocak	permutation	
4378.0	-0.21179382571437966	Kocak	permutation	
4379.0	0.23080771701153946	Kocak	permutation	
4380.0	-0.03700617228607772	Kocak	permutation	
4381.0	0.048156677862335684	Kocak	permutation	
4382.0	-0.0033789478909120874	Kocak	permutation	
4383.0	-0.14325204611787878	Kocak	permutation	
4384.0	0.2872878545452986	Kocak	permutation	
4385.0	0.0981809445753461	Kocak	permutation	
4386.0	0.08582498726895249	Kocak	permutation	
4387.0	0.05608447499504621	Kocak	permutation	
4388.0	0.12275060842500096	Kocak	permutation	
4389.0	0.18959926156155937	Kocak	permutation	
4390.0	0.14634417112212983	Kocak	permutation	
4391.0	0.055577397735384615	Kocak	permutation	
4392.0	0.10181667094537783	Kocak	permutation	
4393.0	0.1201235095893276	Kocak	permutation	
4394.0	-0.0170011398057186	Kocak	permutation	
4395.0	0.08811749925790835	Kocak	permutation	
4396.0	0.13798326455435195	Kocak	permutation	
4397.0	-0.0626090304399316	Kocak	permutation	
4398.0	-0.03663928072342326	Kocak	permutation	
4399.0	-0.08432533058730929	Kocak	permutation	
4400.0	0.01911309115375115	Kocak	permutation	
4401.0	0.13979563276286733	Kocak	permutation	
4402.0	-0.03288594246789778	Kocak	permutation	
4403.0	0.0632550996263177	Kocak	permutation	
4404.0	-0.06911093770307186	Kocak	permutation	
4405.0	-0.09245189365825102	Kocak	permutation	
4406.0	0.1042003745130442	Kocak	permutation	
4407.0	0.026456962445330134	Kocak	permutation	
4408.0	0.0041799004591451805	Kocak	permutation	
4409.0	0.10610927720033114	Kocak	permutation	
4410.0	-0.028949677996045864	Kocak	permutation	
4411.0	0.19300374363295436	Kocak	permutation	
4412.0	-0.21249567688340232	Kocak	permutation	
4413.0	-0.032966773973562624	Kocak	permutation	
4414.0	-0.02390914530291166	Kocak	permutation	
4415.0	0.2796971023928094	Kocak	permutation	
4416.0	0.17256348657337384	Kocak	permutation	
4417.0	0.07484232805655555	Kocak	permutation	
4418.0	0.07734065729356487	Kocak	permutation	
4419.0	0.1442184454458122	Kocak	permutation	
4420.0	-0.042896467418635176	Kocak	permutation	
4421.0	0.09530683941787199	Kocak	permutation	
4422.0	0.05693287596973384	Kocak	permutation	
4423.0	0.04434061827269531	Kocak	permutation	
4424.0	-0.17577521355229742	Kocak	permutation	
4425.0	-0.11249708537627345	Kocak	permutation	
4426.0	-0.030603420512260726	Kocak	permutation	
4427.0	0.02805366406562726	Kocak	permutation	
4428.0	0.09258256983535684	Kocak	permutation	
4429.0	-0.11207011644587084	Kocak	permutation	
4430.0	0.09045549796193253	Kocak	permutation	
4431.0	0.042142497773119736	Kocak	permutation	
4432.0	0.17456841965033032	Kocak	permutation	
4433.0	-0.05758574932818661	Kocak	permutation	
4434.0	-0.04193747058411379	Kocak	permutation	
4435.0	0.054223642704996244	Kocak	permutation	
4436.0	0.14243747421633124	Kocak	permutation	
4437.0	0.059376319765370056	Kocak	permutation	
4438.0	0.10600430957596618	Kocak	permutation	
4439.0	-0.007478351789004023	Kocak	permutation	
4440.0	-0.05017418486162928	Kocak	permutation	
4441.0	-0.05524512240476209	Kocak	permutation	
4442.0	-0.07133827253861735	Kocak	permutation	
4443.0	-0.002874564240999966	Kocak	permutation	
4444.0	-0.00045361730630055774	Kocak	permutation	
4445.0	-0.006064841356159256	Kocak	permutation	
4446.0	0.14475685225209123	Kocak	permutation	
4447.0	-0.07605608155861088	Kocak	permutation	
4448.0	0.09179124495470603	Kocak	permutation	
4449.0	0.15302040121434324	Kocak	permutation	
4450.0	0.06823681590406494	Kocak	permutation	
4451.0	0.06285187891196564	Kocak	permutation	
4452.0	-0.007490824773277005	Kocak	permutation	
4453.0	0.14937906629753872	Kocak	permutation	
4454.0	-0.22558924712896822	Kocak	permutation	
4455.0	0.08787697978830433	Kocak	permutation	
4456.0	0.08730596958654147	Kocak	permutation	
4457.0	0.1399895448469648	Kocak	permutation	
4458.0	0.053834885238615016	Kocak	permutation	
4459.0	0.03902819792738743	Kocak	permutation	
4460.0	-0.11448172138335089	Kocak	permutation	
4461.0	0.05237631800885545	Kocak	permutation	
4462.0	0.1846933508209352	Kocak	permutation	
4463.0	-0.08471358410158913	Kocak	permutation	
4464.0	-0.0189482467490798	Kocak	permutation	
4465.0	-0.17873460111862194	Kocak	permutation	
4466.0	0.12240468515861647	Kocak	permutation	
4467.0	-0.11631807093597857	Kocak	permutation	
4468.0	0.22333808328301252	Kocak	permutation	
4469.0	0.162503462624767	Kocak	permutation	
4470.0	-0.08243820050580908	Kocak	permutation	
4471.0	0.04894279792121381	Kocak	permutation	
4472.0	-0.15051564160766517	Kocak	permutation	
4473.0	-0.17389050235569758	Kocak	permutation	
4474.0	-0.006730228441028885	Kocak	permutation	
4475.0	-0.17114331461675647	Kocak	permutation	
4476.0	-0.029633082388575538	Kocak	permutation	
4477.0	-0.05205994063200858	Kocak	permutation	
4478.0	-0.025126805749003722	Kocak	permutation	
4479.0	-0.011206327877538946	Kocak	permutation	
4480.0	0.22723504335787048	Kocak	permutation	
4481.0	0.25590145769649997	Kocak	permutation	
4482.0	-0.08468586637528297	Kocak	permutation	
4483.0	0.03446905211065143	Kocak	permutation	
4484.0	-0.03730428561061139	Kocak	permutation	
4485.0	0.1760045653303859	Kocak	permutation	
4486.0	-0.006791345124272041	Kocak	permutation	
4487.0	0.1501543300610768	Kocak	permutation	
4488.0	-0.009083446787370164	Kocak	permutation	
4489.0	-0.114681574164746	Kocak	permutation	
4490.0	-0.07512186566453494	Kocak	permutation	
4491.0	-0.001618543349287016	Kocak	permutation	
4492.0	0.04464594445116443	Kocak	permutation	
4493.0	0.1265843582744095	Kocak	permutation	
4494.0	0.004137670810520078	Kocak	permutation	
4495.0	0.038548182345555126	Kocak	permutation	
4496.0	-0.14807351015557746	Kocak	permutation	
4497.0	-0.01578630632742062	Kocak	permutation	
4498.0	0.07268164579579928	Kocak	permutation	
4499.0	-0.15980444275011596	Kocak	permutation	
4500.0	0.06602527546182912	Kocak	permutation	
4501.0	-0.11291935576208711	Kocak	permutation	
4502.0	-0.05002671284445537	Kocak	permutation	
4503.0	0.18893837247042544	Kocak	permutation	
4504.0	-0.004250731972319954	Kocak	permutation	
4505.0	-0.2278312551327577	Kocak	permutation	
4506.0	0.021217360817910702	Kocak	permutation	
4507.0	0.0925612476074873	Kocak	permutation	
4508.0	-0.1533298369090641	Kocak	permutation	
4509.0	0.03682909922657007	Kocak	permutation	
4510.0	0.08801332542464113	Kocak	permutation	
4511.0	-0.12942824896908522	Kocak	permutation	
4512.0	0.14777743699669355	Kocak	permutation	
4513.0	-0.010285064656307519	Kocak	permutation	
4514.0	0.13977455472787703	Kocak	permutation	
4515.0	-0.12569549721683249	Kocak	permutation	
4516.0	0.04557093106816623	Kocak	permutation	
4517.0	0.024049168855031056	Kocak	permutation	
4518.0	0.07452051221060074	Kocak	permutation	
4519.0	0.1832005832571113	Kocak	permutation	
4520.0	-0.12734013976730552	Kocak	permutation	
4521.0	0.0022185833934438293	Kocak	permutation	
4522.0	0.05007955315791879	Kocak	permutation	
4523.0	0.24116300709220084	Kocak	permutation	
4524.0	-0.0708086511134427	Kocak	permutation	
4525.0	0.05778070782169209	Kocak	permutation	
4526.0	-0.018348015411087992	Kocak	permutation	
4527.0	0.05333437921109585	Kocak	permutation	
4528.0	-0.05424790507409405	Kocak	permutation	
4529.0	0.05691174424435097	Kocak	permutation	
4530.0	0.15800176122563858	Kocak	permutation	
4531.0	0.02837494457087608	Kocak	permutation	
4532.0	-0.02696170192046843	Kocak	permutation	
4533.0	0.06490443467563267	Kocak	permutation	
4534.0	-0.21579384539646806	Kocak	permutation	
4535.0	-0.16014334114549023	Kocak	permutation	
4536.0	0.09299698699110959	Kocak	permutation	
4537.0	-0.02699411455880618	Kocak	permutation	
4538.0	-0.05478707936648597	Kocak	permutation	
4539.0	0.006594673926432648	Kocak	permutation	
4540.0	-0.16933655876141618	Kocak	permutation	
4541.0	-0.00045750270684496996	Kocak	permutation	
4542.0	-0.23150007979584153	Kocak	permutation	
4543.0	-0.2931725490168997	Kocak	permutation	
4544.0	0.1723796307160672	Kocak	permutation	
4545.0	0.051362629920215674	Kocak	permutation	
4546.0	0.04312992927375703	Kocak	permutation	
4547.0	0.10015533427895651	Kocak	permutation	
4548.0	0.13194193938739485	Kocak	permutation	
4549.0	0.2169753217858812	Kocak	permutation	
4550.0	-0.08415071326505785	Kocak	permutation	
4551.0	-0.0771172405381213	Kocak	permutation	
4552.0	-0.24481562986953964	Kocak	permutation	
4553.0	-0.00551704144487708	Kocak	permutation	
4554.0	-0.13509194832985383	Kocak	permutation	
4555.0	0.03389147653145663	Kocak	permutation	
4556.0	-0.03929613073022953	Kocak	permutation	
4557.0	0.13260611868680172	Kocak	permutation	
4558.0	-0.024328861437319382	Kocak	permutation	
4559.0	0.22660034387743977	Kocak	permutation	
4560.0	0.054788658054791384	Kocak	permutation	
4561.0	0.0696912536869867	Kocak	permutation	
4562.0	0.11526913183514242	Kocak	permutation	
4563.0	0.09442060416038256	Kocak	permutation	
4564.0	-0.04322455040744977	Kocak	permutation	
4565.0	-0.06010239592006972	Kocak	permutation	
4566.0	-0.13428012971497605	Kocak	permutation	
4567.0	0.2606934876826976	Kocak	permutation	
4568.0	0.017449218516532028	Kocak	permutation	
4569.0	0.12126811648344304	Kocak	permutation	
4570.0	-0.050883821274697816	Kocak	permutation	
4571.0	-0.1474082213332446	Kocak	permutation	
4572.0	0.17390161865308773	Kocak	permutation	
4573.0	-0.01069647194016099	Kocak	permutation	
4574.0	-0.14538089604269278	Kocak	permutation	
4575.0	0.04975300490738288	Kocak	permutation	
4576.0	-0.25107129166390507	Kocak	permutation	
4577.0	0.1615357971341096	Kocak	permutation	
4578.0	-0.0599828895488681	Kocak	permutation	
4579.0	-0.10661820867792127	Kocak	permutation	
4580.0	-0.14015306033554698	Kocak	permutation	
4581.0	0.11318246423038492	Kocak	permutation	
4582.0	0.21533635770414605	Kocak	permutation	
4583.0	-0.1428399652843444	Kocak	permutation	
4584.0	0.24648876271316045	Kocak	permutation	
4585.0	0.10249154115289905	Kocak	permutation	
4586.0	0.032332281589615874	Kocak	permutation	
4587.0	-0.03387874566960214	Kocak	permutation	
4588.0	0.032580911254911804	Kocak	permutation	
4589.0	0.1486761651012145	Kocak	permutation	
4590.0	0.024155220810841094	Kocak	permutation	
4591.0	-0.046759219848417466	Kocak	permutation	
4592.0	0.0572341014374107	Kocak	permutation	
4593.0	-0.08675969292263552	Kocak	permutation	
4594.0	-0.03926339692859315	Kocak	permutation	
4595.0	-0.03066996013021228	Kocak	permutation	
4596.0	-0.14351886608184294	Kocak	permutation	
4597.0	0.07230614752386	Kocak	permutation	
4598.0	-0.07849937194968071	Kocak	permutation	
4599.0	-0.03156352071119972	Kocak	permutation	
4600.0	-0.11182923375194065	Kocak	permutation	
4601.0	0.10562441388189825	Kocak	permutation	
4602.0	-0.0407488052074827	Kocak	permutation	
4603.0	-0.20688687582360998	Kocak	permutation	
4604.0	0.10113629080557995	Kocak	permutation	
4605.0	0.19153148320154756	Kocak	permutation	
4606.0	-0.02801387954829515	Kocak	permutation	
4607.0	0.12312009735904095	Kocak	permutation	
4608.0	0.13868552441219428	Kocak	permutation	
4609.0	0.19237829114483507	Kocak	permutation	
4610.0	0.05381329340811902	Kocak	permutation	
4611.0	0.24599163698129534	Kocak	permutation	
4612.0	0.032484304162414546	Kocak	permutation	
4613.0	0.28740311269176466	Kocak	permutation	
4614.0	0.1470806447226778	Kocak	permutation	
4615.0	-0.05183818128172124	Kocak	permutation	
4616.0	-0.04029265621976563	Kocak	permutation	
4617.0	0.04712350206246363	Kocak	permutation	
4618.0	-0.06784461339427494	Kocak	permutation	
4619.0	0.09280760747482653	Kocak	permutation	
4620.0	-0.08018491899825975	Kocak	permutation	
4621.0	-0.166833354233912	Kocak	permutation	
4622.0	-0.10373881098549198	Kocak	permutation	
4623.0	0.09072513818615846	Kocak	permutation	
4624.0	-0.04547869168297769	Kocak	permutation	
4625.0	-0.03653809021698873	Kocak	permutation	
4626.0	0.08739000515037887	Kocak	permutation	
4627.0	0.08811539261361645	Kocak	permutation	
4628.0	0.003134909850412093	Kocak	permutation	
4629.0	0.17247130982944903	Kocak	permutation	
4630.0	0.04266801476916715	Kocak	permutation	
4631.0	-0.03995442391120907	Kocak	permutation	
4632.0	-0.10745298626342681	Kocak	permutation	
4633.0	0.11009331217389295	Kocak	permutation	
4634.0	0.02844171105113613	Kocak	permutation	
4635.0	-0.040771867451546484	Kocak	permutation	
4636.0	0.1943149463584417	Kocak	permutation	
4637.0	0.04286960429088715	Kocak	permutation	
4638.0	0.09911311167467307	Kocak	permutation	
4639.0	0.17966380870356602	Kocak	permutation	
4640.0	-0.08527082494647775	Kocak	permutation	
4641.0	0.15393895345311392	Kocak	permutation	
4642.0	0.03210311611651662	Kocak	permutation	
4643.0	0.012010700365373772	Kocak	permutation	
4644.0	0.02192660432882132	Kocak	permutation	
4645.0	-0.049402804562635794	Kocak	permutation	
4646.0	-0.016538973317007155	Kocak	permutation	
4647.0	-0.08161651357421995	Kocak	permutation	
4648.0	-0.04242374932749371	Kocak	permutation	
4649.0	0.12096996480760236	Kocak	permutation	
4650.0	0.008044559694599052	Kocak	permutation	
4651.0	-0.10844675441709395	Kocak	permutation	
4652.0	0.0348218614015785	Kocak	permutation	
4653.0	0.01861580734590973	Kocak	permutation	
4654.0	0.14174541027631804	Kocak	permutation	
4655.0	-0.12794661885484437	Kocak	permutation	
4656.0	-0.05753429404386168	Kocak	permutation	
4657.0	0.1587578546747599	Kocak	permutation	
4658.0	-0.03451863074520123	Kocak	permutation	
4659.0	0.07735578406931509	Kocak	permutation	
4660.0	-0.21589956316796943	Kocak	permutation	
4661.0	0.026014220505236274	Kocak	permutation	
4662.0	-0.03726880257601639	Kocak	permutation	
4663.0	0.3328201960838113	Kocak	permutation	
4664.0	0.11505251643484105	Kocak	permutation	
4665.0	0.17189560910014556	Kocak	permutation	
4666.0	-0.050121666730562175	Kocak	permutation	
4667.0	0.021374234204818876	Kocak	permutation	
4668.0	-0.18150352872443953	Kocak	permutation	
4669.0	-0.0518653982946784	Kocak	permutation	
4670.0	0.17466540512017215	Kocak	permutation	
4671.0	0.1069467558324746	Kocak	permutation	
4672.0	-0.01884838989530646	Kocak	permutation	
4673.0	0.24527805772219224	Kocak	permutation	
4674.0	-0.07686893672418638	Kocak	permutation	
4675.0	0.1186838875892322	Kocak	permutation	
4676.0	0.14163470072450668	Kocak	permutation	
4677.0	0.10528408545448897	Kocak	permutation	
4678.0	0.1527168827995693	Kocak	permutation	
4679.0	0.032730692388593496	Kocak	permutation	
4680.0	0.015760601183582246	Kocak	permutation	
4681.0	0.14221695743925356	Kocak	permutation	
4682.0	-0.014425500494849253	Kocak	permutation	
4683.0	-0.16183192817227265	Kocak	permutation	
4684.0	-0.15131204621916705	Kocak	permutation	
4685.0	-0.05715641818896078	Kocak	permutation	
4686.0	0.07546883738262178	Kocak	permutation	
4687.0	0.08369357986069659	Kocak	permutation	
4688.0	0.13658022374353074	Kocak	permutation	
4689.0	0.11780162167468333	Kocak	permutation	
4690.0	-0.08436413615597971	Kocak	permutation	
4691.0	-0.03458254266677141	Kocak	permutation	
4692.0	-0.021332762379556947	Kocak	permutation	
4693.0	0.23630183861138043	Kocak	permutation	
4694.0	-0.11884113648608707	Kocak	permutation	
4695.0	-0.06458783588176331	Kocak	permutation	
4696.0	0.00963949573060674	Kocak	permutation	
4697.0	-0.04325371410059464	Kocak	permutation	
4698.0	0.03428114994166531	Kocak	permutation	
4699.0	0.021427313472578646	Kocak	permutation	
4700.0	-0.17317336979847742	Kocak	permutation	
4701.0	0.012220690856501903	Kocak	permutation	
4702.0	0.06307809569001321	Kocak	permutation	
4703.0	-0.0014615281737464514	Kocak	permutation	
4704.0	-0.1336849990935436	Kocak	permutation	
4705.0	-0.2101715063713394	Kocak	permutation	
4706.0	0.030165123506290747	Kocak	permutation	
4707.0	0.05043556391739834	Kocak	permutation	
4708.0	-0.09178767296022539	Kocak	permutation	
4709.0	-0.13311303838298283	Kocak	permutation	
4710.0	0.03578058984105059	Kocak	permutation	
4711.0	0.12052957313152746	Kocak	permutation	
4712.0	-0.05192915042346158	Kocak	permutation	
4713.0	-0.12602869456051824	Kocak	permutation	
4714.0	-0.08616537427530702	Kocak	permutation	
4715.0	0.013211808882224396	Kocak	permutation	
4716.0	-0.1360480309161778	Kocak	permutation	
4717.0	-0.18503280684362	Kocak	permutation	
4718.0	0.07270206885972819	Kocak	permutation	
4719.0	0.008498531659602016	Kocak	permutation	
4720.0	-0.1975312169291703	Kocak	permutation	
4721.0	0.10373383199462882	Kocak	permutation	
4722.0	0.01842928750851147	Kocak	permutation	
4723.0	-0.041398471325280184	Kocak	permutation	
4724.0	0.132548294186436	Kocak	permutation	
4725.0	0.0899116888010969	Kocak	permutation	
4726.0	-0.08857856804003461	Kocak	permutation	
4727.0	-0.07565818649609835	Kocak	permutation	
4728.0	0.23033215603651236	Kocak	permutation	
4729.0	-0.006390367827452614	Kocak	permutation	
4730.0	0.07472508150857404	Kocak	permutation	
4731.0	0.17458655685133895	Kocak	permutation	
4732.0	-0.04011675341380716	Kocak	permutation	
4733.0	-0.006475291387819659	Kocak	permutation	
4734.0	0.04820205925719723	Kocak	permutation	
4735.0	0.08545601887107157	Kocak	permutation	
4736.0	-0.04744637033600885	Kocak	permutation	
4737.0	-0.3087935006937217	Kocak	permutation	
4738.0	0.05913737530098029	Kocak	permutation	
4739.0	0.11406420353444346	Kocak	permutation	
4740.0	0.11305556139900297	Kocak	permutation	
4741.0	0.23579031753979152	Kocak	permutation	
4742.0	-0.09898345498551109	Kocak	permutation	
4743.0	0.031017330007797383	Kocak	permutation	
4744.0	0.07032124931430239	Kocak	permutation	
4745.0	-0.05528608989620576	Kocak	permutation	
4746.0	0.1630452628861372	Kocak	permutation	
4747.0	0.05511768961212127	Kocak	permutation	
4748.0	-0.0005944008624521047	Kocak	permutation	
4749.0	0.03295776359663982	Kocak	permutation	
4750.0	-0.0353247596320001	Kocak	permutation	
4751.0	0.09453702846652678	Kocak	permutation	
4752.0	0.0015263790239838926	Kocak	permutation	
4753.0	0.10990073725865468	Kocak	permutation	
4754.0	-0.05714684445976825	Kocak	permutation	
4755.0	-0.02444330876865486	Kocak	permutation	
4756.0	0.1601064108304362	Kocak	permutation	
4757.0	-0.06217947124468548	Kocak	permutation	
4758.0	0.019534066619868895	Kocak	permutation	
4759.0	0.035475994865862504	Kocak	permutation	
4760.0	-0.061532971183202	Kocak	permutation	
4761.0	0.10434684056897314	Kocak	permutation	
4762.0	-0.04867248208361108	Kocak	permutation	
4763.0	-0.02540545020677687	Kocak	permutation	
4764.0	0.11252429193156566	Kocak	permutation	
4765.0	-0.13992877163205186	Kocak	permutation	
4766.0	0.08805259317308423	Kocak	permutation	
4767.0	-0.13868978751076266	Kocak	permutation	
4768.0	0.19969048690061797	Kocak	permutation	
4769.0	-0.0726926500536802	Kocak	permutation	
4770.0	0.0707785573941484	Kocak	permutation	
4771.0	-0.21713713540122193	Kocak	permutation	
4772.0	0.12617549455565236	Kocak	permutation	
4773.0	0.09589738033708262	Kocak	permutation	
4774.0	0.015387808004858172	Kocak	permutation	
4775.0	-0.013631312942441909	Kocak	permutation	
4776.0	0.051022406311575175	Kocak	permutation	
4777.0	-0.029553327688724984	Kocak	permutation	
4778.0	0.10740233095752671	Kocak	permutation	
4779.0	-0.058298197844703026	Kocak	permutation	
4780.0	-0.06398297337672787	Kocak	permutation	
4781.0	-0.05332764942961621	Kocak	permutation	
4782.0	-0.026686756077700657	Kocak	permutation	
4783.0	-0.1481206919957785	Kocak	permutation	
4784.0	0.054997015744604916	Kocak	permutation	
4785.0	0.09918630538284567	Kocak	permutation	
4786.0	0.1354112255731783	Kocak	permutation	
4787.0	0.11446413318060156	Kocak	permutation	
4788.0	0.17611084741306549	Kocak	permutation	
4789.0	0.20226385055364915	Kocak	permutation	
4790.0	0.1060751016632393	Kocak	permutation	
4791.0	0.018340403688494433	Kocak	permutation	
4792.0	-0.047288091429981804	Kocak	permutation	
4793.0	-0.07702004865495038	Kocak	permutation	
4794.0	-0.028234036355683223	Kocak	permutation	
4795.0	0.04705866629022637	Kocak	permutation	
4796.0	-0.10720700888533763	Kocak	permutation	
4797.0	-0.08533095570756899	Kocak	permutation	
4798.0	-0.1610804136710886	Kocak	permutation	
4799.0	0.029102140932043774	Kocak	permutation	
4800.0	0.19099882796142964	Kocak	permutation	
4801.0	-0.08954391480238844	Kocak	permutation	
4802.0	0.1350040683215603	Kocak	permutation	
4803.0	0.0321474084474378	Kocak	permutation	
4804.0	-0.12924582547438845	Kocak	permutation	
4805.0	0.07263946138865318	Kocak	permutation	
4806.0	-0.08570535141990554	Kocak	permutation	
4807.0	0.05348878295997217	Kocak	permutation	
4808.0	0.11958124456486718	Kocak	permutation	
4809.0	-0.08913084099828072	Kocak	permutation	
4810.0	-0.07814799148687701	Kocak	permutation	
4811.0	0.021514719600594923	Kocak	permutation	
4812.0	-0.00036103041881574427	Kocak	permutation	
4813.0	0.20969733783734146	Kocak	permutation	
4814.0	-0.02194346489002985	Kocak	permutation	
4815.0	0.020309757368996095	Kocak	permutation	
4816.0	-0.014995655221324178	Kocak	permutation	
4817.0	-0.08804674923653977	Kocak	permutation	
4818.0	0.11903287937194751	Kocak	permutation	
4819.0	0.010348715668826003	Kocak	permutation	
4820.0	0.18928390127493966	Kocak	permutation	
4821.0	-0.03759667852226567	Kocak	permutation	
4822.0	-0.058028761183162025	Kocak	permutation	
4823.0	-0.1762926897472301	Kocak	permutation	
4824.0	0.08156934816444839	Kocak	permutation	
4825.0	0.02534752338683255	Kocak	permutation	
4826.0	-0.07225367656030102	Kocak	permutation	
4827.0	0.044749527183693516	Kocak	permutation	
4828.0	-0.07559796010076347	Kocak	permutation	
4829.0	0.021546076718279572	Kocak	permutation	
4830.0	0.09652091961890719	Kocak	permutation	
4831.0	0.16475547652868627	Kocak	permutation	
4832.0	0.011483995860896101	Kocak	permutation	
4833.0	-0.044649359402471056	Kocak	permutation	
4834.0	0.3016413636078772	Kocak	permutation	
4835.0	0.040721000452054845	Kocak	permutation	
4836.0	-0.10907415811051013	Kocak	permutation	
4837.0	-0.008269645435451167	Kocak	permutation	
4838.0	-0.031378411830310426	Kocak	permutation	
4839.0	0.07609488238797013	Kocak	permutation	
4840.0	0.08535414268918906	Kocak	permutation	
4841.0	-0.06233304628037217	Kocak	permutation	
4842.0	0.28463646727771064	Kocak	permutation	
4843.0	-0.03888356175339158	Kocak	permutation	
4844.0	-0.07629121935678285	Kocak	permutation	
4845.0	0.044798660266154755	Kocak	permutation	
4846.0	-0.014672063799100243	Kocak	permutation	
4847.0	0.05710013074766174	Kocak	permutation	
4848.0	0.045237059318639083	Kocak	permutation	
4849.0	0.05387729948327724	Kocak	permutation	
4850.0	-0.11336202095591119	Kocak	permutation	
4851.0	-0.05901926291574355	Kocak	permutation	
4852.0	0.10014948848527361	Kocak	permutation	
4853.0	0.12722088883265226	Kocak	permutation	
4854.0	0.023092454299099785	Kocak	permutation	
4855.0	0.15135620467016064	Kocak	permutation	
4856.0	0.1471388171076775	Kocak	permutation	
4857.0	0.13447067224834797	Kocak	permutation	
4858.0	0.02037045267397808	Kocak	permutation	
4859.0	0.072546053463733	Kocak	permutation	
4860.0	-0.04237883810732779	Kocak	permutation	
4861.0	0.020148107262146553	Kocak	permutation	
4862.0	-0.1040555624843531	Kocak	permutation	
4863.0	0.0010010429483582328	Kocak	permutation	
4864.0	0.03944957158270235	Kocak	permutation	
4865.0	0.005691812809088148	Kocak	permutation	
4866.0	-0.000662957353156024	Kocak	permutation	
4867.0	-0.02719610093926139	Kocak	permutation	
4868.0	-0.15145066299226873	Kocak	permutation	
4869.0	0.16974877755495843	Kocak	permutation	
4870.0	0.09171144864751124	Kocak	permutation	
4871.0	0.05274570574574078	Kocak	permutation	
4872.0	-0.07619185792545746	Kocak	permutation	
4873.0	0.06381031649023328	Kocak	permutation	
4874.0	0.10697232459480777	Kocak	permutation	
4875.0	-0.05446457013257611	Kocak	permutation	
4876.0	0.12646002595057393	Kocak	permutation	
4877.0	-0.2616175853757108	Kocak	permutation	
4878.0	0.06684677587994337	Kocak	permutation	
4879.0	0.09357777039944626	Kocak	permutation	
4880.0	0.08331342668549091	Kocak	permutation	
4881.0	-0.007257729909614596	Kocak	permutation	
4882.0	-0.1405776152850926	Kocak	permutation	
4883.0	-0.08936348982211761	Kocak	permutation	
4884.0	-0.03219928325657406	Kocak	permutation	
4885.0	-0.14041172558670922	Kocak	permutation	
4886.0	0.07998334375528593	Kocak	permutation	
4887.0	-0.1816755920140416	Kocak	permutation	
4888.0	0.11886473948690934	Kocak	permutation	
4889.0	0.07557007343201416	Kocak	permutation	
4890.0	0.0439414717461446	Kocak	permutation	
4891.0	-0.06946262543935422	Kocak	permutation	
4892.0	-0.07963033244509887	Kocak	permutation	
4893.0	0.11025491043139102	Kocak	permutation	
4894.0	0.02905386437911872	Kocak	permutation	
4895.0	-0.012998126828487777	Kocak	permutation	
4896.0	-0.194311891754805	Kocak	permutation	
4897.0	0.09551859767459003	Kocak	permutation	
4898.0	0.14022631773360406	Kocak	permutation	
4899.0	0.028376399490970705	Kocak	permutation	
4900.0	0.10357133711066879	Kocak	permutation	
4901.0	-0.1144413518691687	Kocak	permutation	
4902.0	0.18888875604496302	Kocak	permutation	
4903.0	0.009934229755432789	Kocak	permutation	
4904.0	-0.06817488219602374	Kocak	permutation	
4905.0	0.020054130751835153	Kocak	permutation	
4906.0	-0.06288497884271127	Kocak	permutation	
4907.0	-0.0374731652421163	Kocak	permutation	
4908.0	-0.1171222591546357	Kocak	permutation	
4909.0	0.056479951648204185	Kocak	permutation	
4910.0	-0.18450067565326211	Kocak	permutation	
4911.0	-0.04710133551473117	Kocak	permutation	
4912.0	0.09758766387303819	Kocak	permutation	
4913.0	-0.02854164299119688	Kocak	permutation	
4914.0	0.16359578537565778	Kocak	permutation	
4915.0	-0.1762212013479738	Kocak	permutation	
4916.0	-0.06446461627384714	Kocak	permutation	
4917.0	-0.17783323230052606	Kocak	permutation	
4918.0	-0.2474798955185653	Kocak	permutation	
4919.0	0.17428905327054522	Kocak	permutation	
4920.0	0.042834618871912866	Kocak	permutation	
4921.0	0.05334332694004562	Kocak	permutation	
4922.0	0.007833159105567589	Kocak	permutation	
4923.0	0.17779175535538716	Kocak	permutation	
4924.0	0.214985943206087	Kocak	permutation	
4925.0	-0.020343754688859406	Kocak	permutation	
4926.0	-0.15669544452872586	Kocak	permutation	
4927.0	0.05951394634756291	Kocak	permutation	
4928.0	-0.09283239391419862	Kocak	permutation	
4929.0	0.07181174125914769	Kocak	permutation	
4930.0	0.23196624795836573	Kocak	permutation	
4931.0	-0.23368309410173627	Kocak	permutation	
4932.0	0.13293659954874038	Kocak	permutation	
4933.0	0.1647347899004048	Kocak	permutation	
4934.0	0.07032868347752252	Kocak	permutation	
4935.0	0.01866829604760767	Kocak	permutation	
4936.0	0.05921337685608474	Kocak	permutation	
4937.0	-0.06670233884557941	Kocak	permutation	
4938.0	-0.017201533855581097	Kocak	permutation	
4939.0	0.055415972127541124	Kocak	permutation	
4940.0	-0.04158491955880006	Kocak	permutation	
4941.0	-0.07204043959135831	Kocak	permutation	
4942.0	-0.002397533372126226	Kocak	permutation	
4943.0	0.3005481802991561	Kocak	permutation	
4944.0	0.06535353751317974	Kocak	permutation	
4945.0	0.09463998979037402	Kocak	permutation	
4946.0	0.28830228876845787	Kocak	permutation	
4947.0	-0.023923719225201978	Kocak	permutation	
4948.0	-0.03204119106897085	Kocak	permutation	
4949.0	0.13719944480679835	Kocak	permutation	
4950.0	0.024683213396977877	Kocak	permutation	
4951.0	0.05717261873516932	Kocak	permutation	
4952.0	0.07996052959037048	Kocak	permutation	
4953.0	0.30430440263468483	Kocak	permutation	
4954.0	-0.04709318554261088	Kocak	permutation	
4955.0	-0.011763572542738743	Kocak	permutation	
4956.0	0.07947371430082306	Kocak	permutation	
4957.0	-0.03246764232243038	Kocak	permutation	
4958.0	0.0004198761710334509	Kocak	permutation	
4959.0	-0.16781385904996426	Kocak	permutation	
4960.0	0.12139325765415432	Kocak	permutation	
4961.0	0.06533793163319057	Kocak	permutation	
4962.0	0.0994964880999154	Kocak	permutation	
4963.0	-0.008643068011765287	Kocak	permutation	
4964.0	0.013874073349517957	Kocak	permutation	
4965.0	0.0786440004791773	Kocak	permutation	
4966.0	0.030482367128680465	Kocak	permutation	
4967.0	0.16213347672887046	Kocak	permutation	
4968.0	-0.0033865159197992156	Kocak	permutation	
4969.0	0.04911127409907401	Kocak	permutation	
4970.0	0.14002460482242718	Kocak	permutation	
4971.0	0.03998051056747176	Kocak	permutation	
4972.0	0.07501083264692898	Kocak	permutation	
4973.0	-0.12598540695818716	Kocak	permutation	
4974.0	-0.0854201162779118	Kocak	permutation	
4975.0	-0.14610404365761553	Kocak	permutation	
4976.0	-0.005121481970758346	Kocak	permutation	
4977.0	-0.12914919005884773	Kocak	permutation	
4978.0	-0.06527100330096403	Kocak	permutation	
4979.0	-0.091427627393589	Kocak	permutation	
4980.0	0.04944607418266145	Kocak	permutation	
4981.0	0.08640357034191481	Kocak	permutation	
4982.0	0.15641492443526062	Kocak	permutation	
4983.0	0.069342072645453	Kocak	permutation	
4984.0	0.058376326317822524	Kocak	permutation	
4985.0	-0.045429016461518756	Kocak	permutation	
4986.0	0.2634137846894733	Kocak	permutation	
4987.0	0.00929656971735593	Kocak	permutation	
4988.0	0.04328973422442317	Kocak	permutation	
4989.0	-0.09336688232205148	Kocak	permutation	
4990.0	0.26832468829747924	Kocak	permutation	
4991.0	-0.005191252635870391	Kocak	permutation	
4992.0	-0.018385742420629292	Kocak	permutation	
4993.0	0.0507635148863681	Kocak	permutation	
4994.0	-0.007903523686149327	Kocak	permutation	
4995.0	-0.0647767675678308	Kocak	permutation	
4996.0	0.05378078544462461	Kocak	permutation	
4997.0	0.13539154836113187	Kocak	permutation	
4998.0	0.05033467539258929	Kocak	permutation	
4999.0	0.14984369028863576	Kocak	permutation	
5000.0	0.15619101226333676	Kocak	permutation	
	0.3715858446289335	Kocak	bootstrap	1.0
	0.2313508088667815	Kocak	bootstrap	2.0
	0.11365965104673581	Kocak	bootstrap	3.0
	0.19087584762312382	Kocak	bootstrap	4.0
	0.22699845580793987	Kocak	bootstrap	5.0
	0.2692962606358682	Kocak	bootstrap	6.0
	0.25288922244604173	Kocak	bootstrap	7.0
	0.17996864351499386	Kocak	bootstrap	8.0
	0.254150014292958	Kocak	bootstrap	9.0
	0.19687199709152736	Kocak	bootstrap	10.0
	0.3486574687262136	Kocak	bootstrap	11.0
	0.3106929135860623	Kocak	bootstrap	12.0
	0.26802092339042094	Kocak	bootstrap	13.0
	0.18076344958925006	Kocak	bootstrap	14.0
	0.29192998481910504	Kocak	bootstrap	15.0
	0.23639436804609204	Kocak	bootstrap	16.0
	0.0877346605018623	Kocak	bootstrap	17.0
	0.18076807323172073	Kocak	bootstrap	18.0
	0.39060714862016965	Kocak	bootstrap	19.0
	0.27772563525055194	Kocak	bootstrap	20.0
	0.12683373964212485	Kocak	bootstrap	21.0
	0.184746871832993	Kocak	bootstrap	22.0
	-3.737440152473681e-05	Kocak	bootstrap	23.0
	0.2202166619060444	Kocak	bootstrap	24.0
	0.10571455113994688	Kocak	bootstrap	25.0
	0.18404445019884985	Kocak	bootstrap	26.0
	0.1952044223044087	Kocak	bootstrap	27.0
	0.18807695680747738	Kocak	bootstrap	28.0
	0.27867920399011403	Kocak	bootstrap	29.0
	0.33976213143146694	Kocak	bootstrap	30.0
	0.10037266951995605	Kocak	bootstrap	31.0
	0.17072885705915475	Kocak	bootstrap	32.0
	0.16808942781073632	Kocak	bootstrap	33.0
	0.112709589994199	Kocak	bootstrap	34.0
	0.24270278460093841	Kocak	bootstrap	35.0
	0.23770491895023405	Kocak	bootstrap	36.0
	0.34632431545095166	Kocak	bootstrap	37.0
	0.22163767462039274	Kocak	bootstrap	38.0
	0.04617427288630527	Kocak	bootstrap	39.0
	0.2566343301620728	Kocak	bootstrap	40.0
	0.25574418262985343	Kocak	bootstrap	41.0
	0.25422324046717204	Kocak	bootstrap	42.0
	0.2614500534705657	Kocak	bootstrap	43.0
	0.23302119413112266	Kocak	bootstrap	44.0
	0.1990084521782869	Kocak	bootstrap	45.0
	0.24730500017012957	Kocak	bootstrap	46.0
	0.28707668206033343	Kocak	bootstrap	47.0
	0.21078135824581068	Kocak	bootstrap	48.0
	0.13187130163823202	Kocak	bootstrap	49.0
	0.11618223949142692	Kocak	bootstrap	50.0
	0.09648233723237976	Kocak	bootstrap	51.0
	0.13023086888932056	Kocak	bootstrap	52.0
	0.25168934796536213	Kocak	bootstrap	53.0
	0.2634716859987716	Kocak	bootstrap	54.0
	0.33879849044637833	Kocak	bootstrap	55.0
	0.1406756300850054	Kocak	bootstrap	56.0
	0.16002042383326298	Kocak	bootstrap	57.0
	0.3473506066339693	Kocak	bootstrap	58.0
	0.10903800947112785	Kocak	bootstrap	59.0
	0.31636312469765215	Kocak	bootstrap	60.0
	0.3129271287911308	Kocak	bootstrap	61.0
	0.3296506082841173	Kocak	bootstrap	62.0
	0.18484967072682057	Kocak	bootstrap	63.0
	0.3412531776861778	Kocak	bootstrap	64.0
	0.2854056764963371	Kocak	bootstrap	65.0
	0.22055370540446084	Kocak	bootstrap	66.0
	0.0288500431187666	Kocak	bootstrap	67.0
	0.2367424049440352	Kocak	bootstrap	68.0
	0.1941706725836312	Kocak	bootstrap	69.0
	0.4096048753998094	Kocak	bootstrap	70.0
	0.11379960617774554	Kocak	bootstrap	71.0
	0.26463329291087767	Kocak	bootstrap	72.0
	0.42207555571624766	Kocak	bootstrap	73.0
	0.3420407130245753	Kocak	bootstrap	74.0
	0.2808443082554506	Kocak	bootstrap	75.0
	0.1899505203290035	Kocak	bootstrap	76.0
	0.0383113118774272	Kocak	bootstrap	77.0
	0.2359318831904602	Kocak	bootstrap	78.0
	0.10714664181910383	Kocak	bootstrap	79.0
	0.2993730798671992	Kocak	bootstrap	80.0
	0.31624901927261284	Kocak	bootstrap	81.0
	0.05465388919658576	Kocak	bootstrap	82.0
	0.24611365761595216	Kocak	bootstrap	83.0
	0.4108790964752993	Kocak	bootstrap	84.0
	0.15107986858158817	Kocak	bootstrap	85.0
	0.3234894346747206	Kocak	bootstrap	86.0
	0.09150348413739806	Kocak	bootstrap	87.0
	0.270492884285785	Kocak	bootstrap	88.0
	0.17024369624074787	Kocak	bootstrap	89.0
	0.24205408935180106	Kocak	bootstrap	90.0
	0.28604261301942735	Kocak	bootstrap	91.0
	0.12708935328406668	Kocak	bootstrap	92.0
	0.47644521594128086	Kocak	bootstrap	93.0
	0.11938021419344924	Kocak	bootstrap	94.0
	0.04726655751577624	Kocak	bootstrap	95.0
	0.2706605276735452	Kocak	bootstrap	96.0
	0.35721970287100113	Kocak	bootstrap	97.0
	0.3316995325088872	Kocak	bootstrap	98.0
	0.2859591905480183	Kocak	bootstrap	99.0
	0.10896010509511278	Kocak	bootstrap	100.0
	0.14519707052792796	Kocak	bootstrap	101.0
	0.08530865169348445	Kocak	bootstrap	102.0
	0.26876875694958713	Kocak	bootstrap	103.0
	0.20147824549981408	Kocak	bootstrap	104.0
	0.2316094845903347	Kocak	bootstrap	105.0
	0.19848064014408884	Kocak	bootstrap	106.0
	0.2853436873402293	Kocak	bootstrap	107.0
	0.15929070489077723	Kocak	bootstrap	108.0
	0.18950807635291422	Kocak	bootstrap	109.0
	0.20394295705484744	Kocak	bootstrap	110.0
	0.19666614242964542	Kocak	bootstrap	111.0
	0.2648145175049299	Kocak	bootstrap	112.0
	0.2536142691751513	Kocak	bootstrap	113.0
	0.08888770438645821	Kocak	bootstrap	114.0
	0.019828786193106573	Kocak	bootstrap	115.0
	0.217003380062601	Kocak	bootstrap	116.0
	0.34597644371352043	Kocak	bootstrap	117.0
	0.2194338228194157	Kocak	bootstrap	118.0
	0.36739615642910195	Kocak	bootstrap	119.0
	0.11954042545812804	Kocak	bootstrap	120.0
	0.22119287957820788	Kocak	bootstrap	121.0
	0.3740748284658908	Kocak	bootstrap	122.0
	0.39369246076016573	Kocak	bootstrap	123.0
	0.4328546694824116	Kocak	bootstrap	124.0
	0.29559077857386473	Kocak	bootstrap	125.0
	0.34755986166601804	Kocak	bootstrap	126.0
	0.10055949357068528	Kocak	bootstrap	127.0
	0.2758251731070951	Kocak	bootstrap	128.0
	0.03534974120335033	Kocak	bootstrap	129.0
	0.2693101118805492	Kocak	bootstrap	130.0
	0.4323129848754963	Kocak	bootstrap	131.0
	0.25869364004414575	Kocak	bootstrap	132.0
	0.31652208640270896	Kocak	bootstrap	133.0
	0.3228731241335838	Kocak	bootstrap	134.0
	0.34648173829301676	Kocak	bootstrap	135.0
	0.35934346242335025	Kocak	bootstrap	136.0
	0.1222929282458951	Kocak	bootstrap	137.0
	0.369093963946896	Kocak	bootstrap	138.0
	0.07914579874322847	Kocak	bootstrap	139.0
	0.17573939963616692	Kocak	bootstrap	140.0
	0.2454115727066304	Kocak	bootstrap	141.0
	0.09069453197144028	Kocak	bootstrap	142.0
	0.2348179242752435	Kocak	bootstrap	143.0
	0.22315101098730228	Kocak	bootstrap	144.0
	0.23878511710456074	Kocak	bootstrap	145.0
	0.12499826437215411	Kocak	bootstrap	146.0
	0.2475203583575798	Kocak	bootstrap	147.0
	0.2805015619919278	Kocak	bootstrap	148.0
	0.3711730155456028	Kocak	bootstrap	149.0
	0.20726629006827224	Kocak	bootstrap	150.0
	0.23286461554965676	Kocak	bootstrap	151.0
	0.1345180322495727	Kocak	bootstrap	152.0
	0.48619101262664444	Kocak	bootstrap	153.0
	0.18837607105975884	Kocak	bootstrap	154.0
	0.35535748502878217	Kocak	bootstrap	155.0
	0.02640266208577291	Kocak	bootstrap	156.0
	0.0832573841947788	Kocak	bootstrap	157.0
	0.28846434709624447	Kocak	bootstrap	158.0
	0.21638892654388364	Kocak	bootstrap	159.0
	0.20677624406045414	Kocak	bootstrap	160.0
	0.2325975852438651	Kocak	bootstrap	161.0
	0.24817444274230294	Kocak	bootstrap	162.0
	0.1580467982990772	Kocak	bootstrap	163.0
	0.09049369861986367	Kocak	bootstrap	164.0
	0.19140982618043445	Kocak	bootstrap	165.0
	0.3082125697407738	Kocak	bootstrap	166.0
	0.1919665470180334	Kocak	bootstrap	167.0
	-0.006115800006927685	Kocak	bootstrap	168.0
	0.37417116023860864	Kocak	bootstrap	169.0
	0.27346126122737946	Kocak	bootstrap	170.0
	0.09269243286177353	Kocak	bootstrap	171.0
	0.013190390552224152	Kocak	bootstrap	172.0
	0.14235773839872135	Kocak	bootstrap	173.0
	0.26124022595934804	Kocak	bootstrap	174.0
	0.34310676573211474	Kocak	bootstrap	175.0
	0.13672846542648376	Kocak	bootstrap	176.0
	0.11459804040260035	Kocak	bootstrap	177.0
	0.25868730817456065	Kocak	bootstrap	178.0
	0.14790741745950609	Kocak	bootstrap	179.0
	0.15037368873646173	Kocak	bootstrap	180.0
	0.38899322099538924	Kocak	bootstrap	181.0
	0.03281279532492132	Kocak	bootstrap	182.0
	0.2596939480170608	Kocak	bootstrap	183.0
	-0.14091369394169195	Kocak	bootstrap	184.0
	-0.03173578753576756	Kocak	bootstrap	185.0
	-0.060387973969190156	Kocak	bootstrap	186.0
	0.4121876815463761	Kocak	bootstrap	187.0
	0.1332441966054283	Kocak	bootstrap	188.0
	0.267048209546318	Kocak	bootstrap	189.0
	0.06831314116307752	Kocak	bootstrap	190.0
	0.12184562821594724	Kocak	bootstrap	191.0
	0.165157534330576	Kocak	bootstrap	192.0
	0.4419126299540572	Kocak	bootstrap	193.0
	0.25743639757882786	Kocak	bootstrap	194.0
	0.32459923043363403	Kocak	bootstrap	195.0
	0.2009110068399016	Kocak	bootstrap	196.0
	0.3063568104676433	Kocak	bootstrap	197.0
	0.32472283304291416	Kocak	bootstrap	198.0
	0.2884773824641549	Kocak	bootstrap	199.0
	0.0714815796505599	Kocak	bootstrap	200.0
	0.2202359122030524	Kocak	bootstrap	201.0
	0.27296712812323154	Kocak	bootstrap	202.0
	0.36872641634302106	Kocak	bootstrap	203.0
	0.18516541722804192	Kocak	bootstrap	204.0
	0.12407583339271877	Kocak	bootstrap	205.0
	0.4999936551508002	Kocak	bootstrap	206.0
	0.22445824924070745	Kocak	bootstrap	207.0
	0.46239107110732114	Kocak	bootstrap	208.0
	0.14374624712481143	Kocak	bootstrap	209.0
	0.4226126512351325	Kocak	bootstrap	210.0
	0.21121481564240074	Kocak	bootstrap	211.0
	0.0868809151622516	Kocak	bootstrap	212.0
	0.2302335654151504	Kocak	bootstrap	213.0
	0.22220364524994718	Kocak	bootstrap	214.0
	0.26687795104423095	Kocak	bootstrap	215.0
	0.2688776332921847	Kocak	bootstrap	216.0
	0.3753140036335241	Kocak	bootstrap	217.0
	0.392504708812516	Kocak	bootstrap	218.0
	0.15335215186490103	Kocak	bootstrap	219.0
	0.15407673880834594	Kocak	bootstrap	220.0
	0.30516710792876456	Kocak	bootstrap	221.0
	0.23038405164766562	Kocak	bootstrap	222.0
	0.19591251493650486	Kocak	bootstrap	223.0
	0.10821459065747074	Kocak	bootstrap	224.0
	0.31558956209064615	Kocak	bootstrap	225.0
	0.2858939204364317	Kocak	bootstrap	226.0
	0.4348734113970316	Kocak	bootstrap	227.0
	0.10705787346486595	Kocak	bootstrap	228.0
	0.3403857893324034	Kocak	bootstrap	229.0
	0.20216166623983334	Kocak	bootstrap	230.0
	0.23963082718765438	Kocak	bootstrap	231.0
	0.4687869106657754	Kocak	bootstrap	232.0
	0.12983884871788298	Kocak	bootstrap	233.0
	0.23723305644384496	Kocak	bootstrap	234.0
	0.2549593476554879	Kocak	bootstrap	235.0
	0.19934783957584212	Kocak	bootstrap	236.0
	0.20797607993692768	Kocak	bootstrap	237.0
	0.311193808555994	Kocak	bootstrap	238.0
	0.20599637279565286	Kocak	bootstrap	239.0
	0.29434659887808046	Kocak	bootstrap	240.0
	0.2657557594226345	Kocak	bootstrap	241.0
	0.17731717208859799	Kocak	bootstrap	242.0
	0.21499197716295626	Kocak	bootstrap	243.0
	0.1389021773092045	Kocak	bootstrap	244.0
	0.19179644982926725	Kocak	bootstrap	245.0
	0.17691636181883386	Kocak	bootstrap	246.0
	0.14425464929828458	Kocak	bootstrap	247.0
	0.15987815370946112	Kocak	bootstrap	248.0
	0.22648791974696714	Kocak	bootstrap	249.0
	0.335602798224385	Kocak	bootstrap	250.0
	0.3558854452132323	Kocak	bootstrap	251.0
	0.0712158672042369	Kocak	bootstrap	252.0
	0.2142749833582549	Kocak	bootstrap	253.0
	0.17755710294590799	Kocak	bootstrap	254.0
	0.21077974034916647	Kocak	bootstrap	255.0
	0.19252747711710327	Kocak	bootstrap	256.0
	0.30983210706701403	Kocak	bootstrap	257.0
	0.24353411267151248	Kocak	bootstrap	258.0
	0.023363881505718	Kocak	bootstrap	259.0
	0.061685832694475806	Kocak	bootstrap	260.0
	0.09450548964639705	Kocak	bootstrap	261.0
	0.28043600596692553	Kocak	bootstrap	262.0
	0.22423387201874956	Kocak	bootstrap	263.0
	0.2824001930716369	Kocak	bootstrap	264.0
	0.3197328744454806	Kocak	bootstrap	265.0
	0.36159172736612	Kocak	bootstrap	266.0
	0.22220122284897315	Kocak	bootstrap	267.0
	0.3205533573662862	Kocak	bootstrap	268.0
	0.25689778169166555	Kocak	bootstrap	269.0
	0.17279865946609707	Kocak	bootstrap	270.0
	0.19043714061264438	Kocak	bootstrap	271.0
	0.3943300795133	Kocak	bootstrap	272.0
	0.15871830891887484	Kocak	bootstrap	273.0
	0.16501093919447918	Kocak	bootstrap	274.0
	0.20936409179898963	Kocak	bootstrap	275.0
	-0.00919747368074919	Kocak	bootstrap	276.0
	0.1551033393414709	Kocak	bootstrap	277.0
	0.24663811412660763	Kocak	bootstrap	278.0
	0.13534566788565172	Kocak	bootstrap	279.0
	0.1807053571664703	Kocak	bootstrap	280.0
	0.3038900185739557	Kocak	bootstrap	281.0
	0.33417018376122254	Kocak	bootstrap	282.0
	0.19987339213161626	Kocak	bootstrap	283.0
	0.3461138249952844	Kocak	bootstrap	284.0
	0.14574434479878295	Kocak	bootstrap	285.0
	0.28198043646031046	Kocak	bootstrap	286.0
	-0.13101270047916813	Kocak	bootstrap	287.0
	0.261315859158862	Kocak	bootstrap	288.0
	0.2570952278891303	Kocak	bootstrap	289.0
	0.18303375979634762	Kocak	bootstrap	290.0
	0.09575011435797531	Kocak	bootstrap	291.0
	0.22674299974813383	Kocak	bootstrap	292.0
	0.3237678416517369	Kocak	bootstrap	293.0
	0.04074199274345336	Kocak	bootstrap	294.0
	0.12223159445906351	Kocak	bootstrap	295.0
	0.25514501536836764	Kocak	bootstrap	296.0
	0.1575666766682131	Kocak	bootstrap	297.0
	0.24355890915538936	Kocak	bootstrap	298.0
	0.10803498379364918	Kocak	bootstrap	299.0
	0.3282396657171338	Kocak	bootstrap	300.0
	0.2385893718701757	Kocak	bootstrap	301.0
	0.251525500529314	Kocak	bootstrap	302.0
	0.3094396831305284	Kocak	bootstrap	303.0
	0.2865254095867593	Kocak	bootstrap	304.0
	0.130110484671067	Kocak	bootstrap	305.0
	0.4253787737883137	Kocak	bootstrap	306.0
	0.43758171900343257	Kocak	bootstrap	307.0
	0.1507270235813305	Kocak	bootstrap	308.0
	0.26389285525174166	Kocak	bootstrap	309.0
	0.26430041816879424	Kocak	bootstrap	310.0
	0.1484455676282046	Kocak	bootstrap	311.0
	0.16403258355804073	Kocak	bootstrap	312.0
	0.2064741712966729	Kocak	bootstrap	313.0
	0.06856661089195093	Kocak	bootstrap	314.0
	0.31988663716485366	Kocak	bootstrap	315.0
	0.20160571336191602	Kocak	bootstrap	316.0
	0.4581332661683559	Kocak	bootstrap	317.0
	0.17229140896514128	Kocak	bootstrap	318.0
	0.24600229139296204	Kocak	bootstrap	319.0
	0.2520488658272946	Kocak	bootstrap	320.0
	0.2570009546064833	Kocak	bootstrap	321.0
	0.31843579909345276	Kocak	bootstrap	322.0
	0.20006766429031764	Kocak	bootstrap	323.0
	0.45224285135181486	Kocak	bootstrap	324.0
	0.2261216696891175	Kocak	bootstrap	325.0
	0.09922071156113876	Kocak	bootstrap	326.0
	0.0745235699225475	Kocak	bootstrap	327.0
	0.31288824793864567	Kocak	bootstrap	328.0
	0.0754441801599679	Kocak	bootstrap	329.0
	0.25721813455388176	Kocak	bootstrap	330.0
	0.3417856611558383	Kocak	bootstrap	331.0
	-0.00864000413933752	Kocak	bootstrap	332.0
	0.12567834855659044	Kocak	bootstrap	333.0
	0.30053958960463856	Kocak	bootstrap	334.0
	0.38599775152688576	Kocak	bootstrap	335.0
	0.256858846121105	Kocak	bootstrap	336.0
	0.19675404962463272	Kocak	bootstrap	337.0
	0.34067536262435283	Kocak	bootstrap	338.0
	0.29986171359510916	Kocak	bootstrap	339.0
	0.28616803618480535	Kocak	bootstrap	340.0
	0.3374390001290104	Kocak	bootstrap	341.0
	0.21323926555110972	Kocak	bootstrap	342.0
	0.30933915992305483	Kocak	bootstrap	343.0
	0.09842321923829189	Kocak	bootstrap	344.0
	0.054159595109968706	Kocak	bootstrap	345.0
	0.2479377015768245	Kocak	bootstrap	346.0
	0.21562273932146425	Kocak	bootstrap	347.0
	0.3068988866567599	Kocak	bootstrap	348.0
	0.14912799285866107	Kocak	bootstrap	349.0
	0.12213472379131929	Kocak	bootstrap	350.0
	0.31127206210215785	Kocak	bootstrap	351.0
	0.13531826795834423	Kocak	bootstrap	352.0
	0.32506642399698027	Kocak	bootstrap	353.0
	0.34165440291095894	Kocak	bootstrap	354.0
	0.351514739597401	Kocak	bootstrap	355.0
	0.39529796089344416	Kocak	bootstrap	356.0
	0.26949523766455474	Kocak	bootstrap	357.0
	0.08215560480409945	Kocak	bootstrap	358.0
	0.19740593904678594	Kocak	bootstrap	359.0
	0.0970242518754647	Kocak	bootstrap	360.0
	0.3027451978613218	Kocak	bootstrap	361.0
	0.4498791363825232	Kocak	bootstrap	362.0
	0.2008466632224879	Kocak	bootstrap	363.0
	0.3082453474177633	Kocak	bootstrap	364.0
	0.13883882654503754	Kocak	bootstrap	365.0
	0.25559629025554464	Kocak	bootstrap	366.0
	0.11909678926568468	Kocak	bootstrap	367.0
	0.26816132751480737	Kocak	bootstrap	368.0
	0.15462403657610757	Kocak	bootstrap	369.0
	0.02813999989474425	Kocak	bootstrap	370.0
	0.08408529520475039	Kocak	bootstrap	371.0
	0.19932323403854202	Kocak	bootstrap	372.0
	0.33073929401165003	Kocak	bootstrap	373.0
	0.31216205409896425	Kocak	bootstrap	374.0
	0.013999502915115869	Kocak	bootstrap	375.0
	0.13900080484434074	Kocak	bootstrap	376.0
	0.2572279848049073	Kocak	bootstrap	377.0
	0.34496321897970805	Kocak	bootstrap	378.0
	0.3308175237438027	Kocak	bootstrap	379.0
	0.07932946243082206	Kocak	bootstrap	380.0
	0.053821914148404204	Kocak	bootstrap	381.0
	0.17109243215003112	Kocak	bootstrap	382.0
	0.33286987095146525	Kocak	bootstrap	383.0
	0.24288538170615936	Kocak	bootstrap	384.0
	0.2676371075493975	Kocak	bootstrap	385.0
	0.3003321227998388	Kocak	bootstrap	386.0
	0.21344773112231863	Kocak	bootstrap	387.0
	0.15876574960278322	Kocak	bootstrap	388.0
	0.12804116736895033	Kocak	bootstrap	389.0
	0.3937489505918661	Kocak	bootstrap	390.0
	0.052593316844770754	Kocak	bootstrap	391.0
	0.3603193108931313	Kocak	bootstrap	392.0
	0.143957077098964	Kocak	bootstrap	393.0
	0.3663596607991648	Kocak	bootstrap	394.0
	0.19029324895741961	Kocak	bootstrap	395.0
	-0.06512683100974126	Kocak	bootstrap	396.0
	0.22336064366178565	Kocak	bootstrap	397.0
	0.33875893610622043	Kocak	bootstrap	398.0
	0.14888031716068895	Kocak	bootstrap	399.0
	0.2657560160712489	Kocak	bootstrap	400.0
	0.21593327763574344	Kocak	bootstrap	401.0
	0.2929379368771148	Kocak	bootstrap	402.0
	0.43232869086248904	Kocak	bootstrap	403.0
	0.11545722396009328	Kocak	bootstrap	404.0
	0.28566262109572893	Kocak	bootstrap	405.0
	0.3042109273200264	Kocak	bootstrap	406.0
	0.25626865009228617	Kocak	bootstrap	407.0
	0.28006046037118804	Kocak	bootstrap	408.0
	0.2679404877689997	Kocak	bootstrap	409.0
	0.3761869333238632	Kocak	bootstrap	410.0
	0.10788444217510218	Kocak	bootstrap	411.0
	0.17231132185809717	Kocak	bootstrap	412.0
	0.11376703192011917	Kocak	bootstrap	413.0
	0.29466466625741816	Kocak	bootstrap	414.0
	0.24398953019442526	Kocak	bootstrap	415.0
	0.14081062758164897	Kocak	bootstrap	416.0
	0.3174758262376498	Kocak	bootstrap	417.0
	0.21267910578823201	Kocak	bootstrap	418.0
	0.1875939773191373	Kocak	bootstrap	419.0
	0.2549635808042243	Kocak	bootstrap	420.0
	0.02332513460232022	Kocak	bootstrap	421.0
	0.24124858006375227	Kocak	bootstrap	422.0
	0.39587697733943816	Kocak	bootstrap	423.0
	0.2844324827296232	Kocak	bootstrap	424.0
	0.07999116437178788	Kocak	bootstrap	425.0
	0.3411459050212864	Kocak	bootstrap	426.0
	0.1690873573481282	Kocak	bootstrap	427.0
	0.2325314434007666	Kocak	bootstrap	428.0
	0.14332527009857277	Kocak	bootstrap	429.0
	0.06728423423915064	Kocak	bootstrap	430.0
	0.18436729792197326	Kocak	bootstrap	431.0
	0.22494396146193463	Kocak	bootstrap	432.0
	0.22015414179858084	Kocak	bootstrap	433.0
	0.24239850445049527	Kocak	bootstrap	434.0
	0.13497254592614638	Kocak	bootstrap	435.0
	0.2849256907229263	Kocak	bootstrap	436.0
	0.2516723419953646	Kocak	bootstrap	437.0
	0.2910473440940917	Kocak	bootstrap	438.0
	0.14264034919084523	Kocak	bootstrap	439.0
	0.3341900009662009	Kocak	bootstrap	440.0
	0.428001420353155	Kocak	bootstrap	441.0
	0.23526649647661557	Kocak	bootstrap	442.0
	0.044091506577915496	Kocak	bootstrap	443.0
	0.2129210116277962	Kocak	bootstrap	444.0
	0.48984280448251827	Kocak	bootstrap	445.0
	0.27507979983021347	Kocak	bootstrap	446.0
	0.23252572232286006	Kocak	bootstrap	447.0
	0.3516478685009954	Kocak	bootstrap	448.0
	0.0993941645644787	Kocak	bootstrap	449.0
	0.31993621856613785	Kocak	bootstrap	450.0
	0.29381329838511316	Kocak	bootstrap	451.0
	0.14388716508427102	Kocak	bootstrap	452.0
	0.2815787758442836	Kocak	bootstrap	453.0
	0.08902313369613868	Kocak	bootstrap	454.0
	0.14201190219936954	Kocak	bootstrap	455.0
	0.19199576636065085	Kocak	bootstrap	456.0
	0.1999053444873642	Kocak	bootstrap	457.0
	0.19884916283958454	Kocak	bootstrap	458.0
	0.11899543739791785	Kocak	bootstrap	459.0
	0.3080900879585702	Kocak	bootstrap	460.0
	0.10687155388031133	Kocak	bootstrap	461.0
	0.3330435911074847	Kocak	bootstrap	462.0
	0.3540315687535589	Kocak	bootstrap	463.0
	0.14204717069229655	Kocak	bootstrap	464.0
	0.16307786230009125	Kocak	bootstrap	465.0
	0.19888685576560405	Kocak	bootstrap	466.0
	0.22316325089238287	Kocak	bootstrap	467.0
	0.09563919569321921	Kocak	bootstrap	468.0
	0.251716198208606	Kocak	bootstrap	469.0
	0.2200049720055386	Kocak	bootstrap	470.0
	0.12248722074792706	Kocak	bootstrap	471.0
	0.1720971816399013	Kocak	bootstrap	472.0
	0.22412286404111192	Kocak	bootstrap	473.0
	0.2329404269260209	Kocak	bootstrap	474.0
	0.3240827861581028	Kocak	bootstrap	475.0
	0.3283657672633664	Kocak	bootstrap	476.0
	0.25736749693404626	Kocak	bootstrap	477.0
	0.2836249291261188	Kocak	bootstrap	478.0
	0.2365670605350907	Kocak	bootstrap	479.0
	0.026580705114186642	Kocak	bootstrap	480.0
	0.09890990828401414	Kocak	bootstrap	481.0
	0.3604294093928475	Kocak	bootstrap	482.0
	0.3881524939548875	Kocak	bootstrap	483.0
	0.08764320865267905	Kocak	bootstrap	484.0
	0.2533967332334237	Kocak	bootstrap	485.0
	0.24139648065794894	Kocak	bootstrap	486.0
	0.3153467616362553	Kocak	bootstrap	487.0
	0.29890086028632457	Kocak	bootstrap	488.0
	0.23080131183691588	Kocak	bootstrap	489.0
	0.19612265931692097	Kocak	bootstrap	490.0
	0.20611699509456471	Kocak	bootstrap	491.0
	0.2647168248412042	Kocak	bootstrap	492.0
	0.23155891638693138	Kocak	bootstrap	493.0
	0.0847430476645119	Kocak	bootstrap	494.0
	0.33793117022920693	Kocak	bootstrap	495.0
	0.3001713223477003	Kocak	bootstrap	496.0
	0.1931037259857682	Kocak	bootstrap	497.0
	0.2366117848672662	Kocak	bootstrap	498.0
	0.17876821072310456	Kocak	bootstrap	499.0
	0.1311773105707994	Kocak	bootstrap	500.0
	0.25430159022310495	Kocak	bootstrap	501.0
	0.45721041696531994	Kocak	bootstrap	502.0
	0.29816728784781876	Kocak	bootstrap	503.0
	0.20871455692902519	Kocak	bootstrap	504.0
	0.3275441423642791	Kocak	bootstrap	505.0
	0.3708107321403613	Kocak	bootstrap	506.0
	0.15434587778913045	Kocak	bootstrap	507.0
	0.051789134608460685	Kocak	bootstrap	508.0
	0.11389077747668885	Kocak	bootstrap	509.0
	0.02554599469317509	Kocak	bootstrap	510.0
	0.34767426606065754	Kocak	bootstrap	511.0
	0.1576927527948362	Kocak	bootstrap	512.0
	0.15725148905861452	Kocak	bootstrap	513.0
	0.20381538271295163	Kocak	bootstrap	514.0
	0.2342829423654882	Kocak	bootstrap	515.0
	0.3567579892469901	Kocak	bootstrap	516.0
	0.09718289100766064	Kocak	bootstrap	517.0
	0.15995169670054654	Kocak	bootstrap	518.0
	0.20912099380765525	Kocak	bootstrap	519.0
	0.13477308875410365	Kocak	bootstrap	520.0
	0.22846588719240124	Kocak	bootstrap	521.0
	0.3579350600124407	Kocak	bootstrap	522.0
	0.11773368117195648	Kocak	bootstrap	523.0
	0.16650202961934468	Kocak	bootstrap	524.0
	0.0629169831627685	Kocak	bootstrap	525.0
	-0.11351674442915982	Kocak	bootstrap	526.0
	0.33483330904728703	Kocak	bootstrap	527.0
	0.3148661056071713	Kocak	bootstrap	528.0
	0.2620669997273888	Kocak	bootstrap	529.0
	0.21596200164177493	Kocak	bootstrap	530.0
	0.21690678610262637	Kocak	bootstrap	531.0
	0.12432836733602404	Kocak	bootstrap	532.0
	0.24663591157470233	Kocak	bootstrap	533.0
	0.15769227977246913	Kocak	bootstrap	534.0
	0.07768968786189046	Kocak	bootstrap	535.0
	0.2561086295777235	Kocak	bootstrap	536.0
	0.1829784147328306	Kocak	bootstrap	537.0
	0.10374079648915302	Kocak	bootstrap	538.0
	0.1569764710288002	Kocak	bootstrap	539.0
	0.15558499054337638	Kocak	bootstrap	540.0
	0.1684652004533449	Kocak	bootstrap	541.0
	-0.023246296962597945	Kocak	bootstrap	542.0
	0.5427711378377804	Kocak	bootstrap	543.0
	0.29563949260664746	Kocak	bootstrap	544.0
	0.13143593900409023	Kocak	bootstrap	545.0
	0.27711558282586246	Kocak	bootstrap	546.0
	0.2642502426703519	Kocak	bootstrap	547.0
	0.257345482427632	Kocak	bootstrap	548.0
	0.0380017181496779	Kocak	bootstrap	549.0
	0.12764561940636288	Kocak	bootstrap	550.0
	0.12425702085668267	Kocak	bootstrap	551.0
	0.1683291787804171	Kocak	bootstrap	552.0
	0.2724619030093942	Kocak	bootstrap	553.0
	0.2559016399956784	Kocak	bootstrap	554.0
	0.20950234883474916	Kocak	bootstrap	555.0
	0.24409686432060873	Kocak	bootstrap	556.0
	0.07888691040789286	Kocak	bootstrap	557.0
	0.2668405050994309	Kocak	bootstrap	558.0
	0.11760094818012856	Kocak	bootstrap	559.0
	0.2447094111984356	Kocak	bootstrap	560.0
	0.2699265559025372	Kocak	bootstrap	561.0
	0.13507309035684933	Kocak	bootstrap	562.0
	0.18644893622677294	Kocak	bootstrap	563.0
	0.24973651889612736	Kocak	bootstrap	564.0
	0.12785513434919427	Kocak	bootstrap	565.0
	0.20258118720035156	Kocak	bootstrap	566.0
	0.20300276556015628	Kocak	bootstrap	567.0
	0.19725153028881692	Kocak	bootstrap	568.0
	0.3585435797242642	Kocak	bootstrap	569.0
	0.24057140888636042	Kocak	bootstrap	570.0
	0.14300781150619102	Kocak	bootstrap	571.0
	0.1775103817612509	Kocak	bootstrap	572.0
	0.27573966219653556	Kocak	bootstrap	573.0
	0.12133024203960208	Kocak	bootstrap	574.0
	0.08218313934926513	Kocak	bootstrap	575.0
	0.2097861945574815	Kocak	bootstrap	576.0
	0.3998578739365044	Kocak	bootstrap	577.0
	0.36444709968939026	Kocak	bootstrap	578.0
	0.1463414054943133	Kocak	bootstrap	579.0
	0.30793547161876056	Kocak	bootstrap	580.0
	0.1510414007287748	Kocak	bootstrap	581.0
	0.32735947012777267	Kocak	bootstrap	582.0
	0.31553634490316185	Kocak	bootstrap	583.0
	0.25122779020309327	Kocak	bootstrap	584.0
	0.3449023850956259	Kocak	bootstrap	585.0
	0.3391298787698549	Kocak	bootstrap	586.0
	0.2142248204580275	Kocak	bootstrap	587.0
	0.2270369659841336	Kocak	bootstrap	588.0
	0.29396801931022853	Kocak	bootstrap	589.0
	0.1646467915668035	Kocak	bootstrap	590.0
	0.2708478990512644	Kocak	bootstrap	591.0
	0.2127050878948662	Kocak	bootstrap	592.0
	0.27114479672534575	Kocak	bootstrap	593.0
	0.3336130732827485	Kocak	bootstrap	594.0
	0.030069593586715015	Kocak	bootstrap	595.0
	0.3509496443092335	Kocak	bootstrap	596.0
	0.39295729654538647	Kocak	bootstrap	597.0
	0.06639281781422834	Kocak	bootstrap	598.0
	0.24934520196486876	Kocak	bootstrap	599.0
	0.18813996043355097	Kocak	bootstrap	600.0
	0.3683320262816867	Kocak	bootstrap	601.0
	0.37794846603656485	Kocak	bootstrap	602.0
	0.25039480444722706	Kocak	bootstrap	603.0
	0.1734443192562214	Kocak	bootstrap	604.0
	0.15766122275921557	Kocak	bootstrap	605.0
	0.5041178442262622	Kocak	bootstrap	606.0
	0.187267507942531	Kocak	bootstrap	607.0
	0.38531960971245915	Kocak	bootstrap	608.0
	0.05705668712129608	Kocak	bootstrap	609.0
	0.2988185541449928	Kocak	bootstrap	610.0
	0.3748329722677637	Kocak	bootstrap	611.0
	0.2198317196483055	Kocak	bootstrap	612.0
	0.31079412724040356	Kocak	bootstrap	613.0
	0.2432895376703419	Kocak	bootstrap	614.0
	0.14882904242275607	Kocak	bootstrap	615.0
	0.2668504387385182	Kocak	bootstrap	616.0
	0.11210719176201778	Kocak	bootstrap	617.0
	0.259615853348242	Kocak	bootstrap	618.0
	0.11326142107886916	Kocak	bootstrap	619.0
	0.29918597600440755	Kocak	bootstrap	620.0
	0.24276580024570915	Kocak	bootstrap	621.0
	0.2088092291740402	Kocak	bootstrap	622.0
	0.09662041387756304	Kocak	bootstrap	623.0
	0.3529133297927469	Kocak	bootstrap	624.0
	0.32498282285338753	Kocak	bootstrap	625.0
	0.23645783939438836	Kocak	bootstrap	626.0
	0.11950530392855185	Kocak	bootstrap	627.0
	-0.05810588487558732	Kocak	bootstrap	628.0
	0.311267417213827	Kocak	bootstrap	629.0
	0.27214776006393127	Kocak	bootstrap	630.0
	0.29819740427362706	Kocak	bootstrap	631.0
	0.26631534918152155	Kocak	bootstrap	632.0
	0.07224645563575649	Kocak	bootstrap	633.0
	0.36280128653480226	Kocak	bootstrap	634.0
	0.11567317322047099	Kocak	bootstrap	635.0
	0.574120324389404	Kocak	bootstrap	636.0
	0.03215357826291676	Kocak	bootstrap	637.0
	0.2998622104521278	Kocak	bootstrap	638.0
	0.14195926293928984	Kocak	bootstrap	639.0
	0.2237275782351329	Kocak	bootstrap	640.0
	0.08338333337204862	Kocak	bootstrap	641.0
	0.10413656736509846	Kocak	bootstrap	642.0
	0.1409607004782183	Kocak	bootstrap	643.0
	0.38071180695856555	Kocak	bootstrap	644.0
	0.10622846551394272	Kocak	bootstrap	645.0
	0.11742892831190233	Kocak	bootstrap	646.0
	0.1954727787685293	Kocak	bootstrap	647.0
	0.13784547391135682	Kocak	bootstrap	648.0
	0.336030404097893	Kocak	bootstrap	649.0
	0.30768030384868617	Kocak	bootstrap	650.0
	0.2655763360733463	Kocak	bootstrap	651.0
	0.1647847060664347	Kocak	bootstrap	652.0
	0.40024087960006494	Kocak	bootstrap	653.0
	0.1157645286647293	Kocak	bootstrap	654.0
	0.12261819419960851	Kocak	bootstrap	655.0
	0.26410473152390423	Kocak	bootstrap	656.0
	0.34237146412336816	Kocak	bootstrap	657.0
	0.140507246132052	Kocak	bootstrap	658.0
	0.07017859445481012	Kocak	bootstrap	659.0
	-0.004443554394037541	Kocak	bootstrap	660.0
	0.19319918424739946	Kocak	bootstrap	661.0
	0.18525507279646547	Kocak	bootstrap	662.0
	0.3249767017870928	Kocak	bootstrap	663.0
	0.22599400758454813	Kocak	bootstrap	664.0
	0.09874549659025167	Kocak	bootstrap	665.0
	0.14297026583081607	Kocak	bootstrap	666.0
	0.3603397999505491	Kocak	bootstrap	667.0
	0.34501133463930067	Kocak	bootstrap	668.0
	0.3060673973515673	Kocak	bootstrap	669.0
	0.3190086062442976	Kocak	bootstrap	670.0
	0.2700635889349803	Kocak	bootstrap	671.0
	0.24196958767084098	Kocak	bootstrap	672.0
	0.08044034354984486	Kocak	bootstrap	673.0
	0.10916482912109249	Kocak	bootstrap	674.0
	0.01897483701303848	Kocak	bootstrap	675.0
	0.12892652242960878	Kocak	bootstrap	676.0
	0.3130049256628995	Kocak	bootstrap	677.0
	0.2595065404654209	Kocak	bootstrap	678.0
	0.37443451338679434	Kocak	bootstrap	679.0
	0.22324719252962844	Kocak	bootstrap	680.0
	0.22435346109428433	Kocak	bootstrap	681.0
	0.2386902020525925	Kocak	bootstrap	682.0
	0.28890596165228377	Kocak	bootstrap	683.0
	0.3939603488875427	Kocak	bootstrap	684.0
	0.021948127884151347	Kocak	bootstrap	685.0
	0.1887434194434201	Kocak	bootstrap	686.0
	0.23623689215280574	Kocak	bootstrap	687.0
	0.08240018515061731	Kocak	bootstrap	688.0
	0.37464938700111894	Kocak	bootstrap	689.0
	0.23865975893009583	Kocak	bootstrap	690.0
	0.4118544014352086	Kocak	bootstrap	691.0
	0.24567847292795175	Kocak	bootstrap	692.0
	0.2671619728374015	Kocak	bootstrap	693.0
	0.1943866769252729	Kocak	bootstrap	694.0
	0.24366708369512846	Kocak	bootstrap	695.0
	0.31830362796485634	Kocak	bootstrap	696.0
	0.3134689069174934	Kocak	bootstrap	697.0
	0.14793579751792585	Kocak	bootstrap	698.0
	0.18311291909358385	Kocak	bootstrap	699.0
	0.09055909653321237	Kocak	bootstrap	700.0
	0.31927498207151217	Kocak	bootstrap	701.0
	0.3358582150731717	Kocak	bootstrap	702.0
	0.2073833462064414	Kocak	bootstrap	703.0
	0.15804746017645588	Kocak	bootstrap	704.0
	0.07116064793264698	Kocak	bootstrap	705.0
	0.3564237212454078	Kocak	bootstrap	706.0
	0.28257579914869435	Kocak	bootstrap	707.0
	0.2544414594876798	Kocak	bootstrap	708.0
	0.10136391986611937	Kocak	bootstrap	709.0
	0.3792794818593661	Kocak	bootstrap	710.0
	0.31878241864724277	Kocak	bootstrap	711.0
	0.28541086481134315	Kocak	bootstrap	712.0
	0.2678015447417703	Kocak	bootstrap	713.0
	0.19833126306068127	Kocak	bootstrap	714.0
	0.15815919475433393	Kocak	bootstrap	715.0
	0.2990997398437605	Kocak	bootstrap	716.0
	0.2750701403852869	Kocak	bootstrap	717.0
	0.13963288742001723	Kocak	bootstrap	718.0
	0.3304750281589044	Kocak	bootstrap	719.0
	0.3462702976722314	Kocak	bootstrap	720.0
	0.2141799480922968	Kocak	bootstrap	721.0
	0.23722437138583619	Kocak	bootstrap	722.0
	0.02289109672526113	Kocak	bootstrap	723.0
	0.3208636653123147	Kocak	bootstrap	724.0
	0.439029643232546	Kocak	bootstrap	725.0
	0.14104154478796627	Kocak	bootstrap	726.0
	0.31250698966797774	Kocak	bootstrap	727.0
	0.12879255711430382	Kocak	bootstrap	728.0
	0.10895386344320812	Kocak	bootstrap	729.0
	0.1724184686242669	Kocak	bootstrap	730.0
	-0.00953399250362974	Kocak	bootstrap	731.0
	0.32401237351534107	Kocak	bootstrap	732.0
	0.24191501567585938	Kocak	bootstrap	733.0
	0.2973193183757248	Kocak	bootstrap	734.0
	0.36254408291768403	Kocak	bootstrap	735.0
	0.1524512828151492	Kocak	bootstrap	736.0
	0.38574408468269894	Kocak	bootstrap	737.0
	0.2665620156225552	Kocak	bootstrap	738.0
	0.2777989715439766	Kocak	bootstrap	739.0
	0.1926459805681242	Kocak	bootstrap	740.0
	0.20538661221515397	Kocak	bootstrap	741.0
	0.2720745146408152	Kocak	bootstrap	742.0
	0.2662519479264054	Kocak	bootstrap	743.0
	0.17948514858120124	Kocak	bootstrap	744.0
	0.23009563511823838	Kocak	bootstrap	745.0
	0.3383292596021201	Kocak	bootstrap	746.0
	0.11119532017453704	Kocak	bootstrap	747.0
	0.13198479385703976	Kocak	bootstrap	748.0
	0.1245652118702143	Kocak	bootstrap	749.0
	0.1708370855675403	Kocak	bootstrap	750.0
	0.18870421443939644	Kocak	bootstrap	751.0
	0.2291141417884468	Kocak	bootstrap	752.0
	0.1803147320910492	Kocak	bootstrap	753.0
	0.2078620662287074	Kocak	bootstrap	754.0
	-0.0238235127576214	Kocak	bootstrap	755.0
	0.40809137682035157	Kocak	bootstrap	756.0
	0.40598985915230923	Kocak	bootstrap	757.0
	0.2207991782778045	Kocak	bootstrap	758.0
	0.18219917678379982	Kocak	bootstrap	759.0
	0.2716534932674577	Kocak	bootstrap	760.0
	0.039329924156469076	Kocak	bootstrap	761.0
	0.007536543902837423	Kocak	bootstrap	762.0
	0.5008393105614823	Kocak	bootstrap	763.0
	0.19108576744673833	Kocak	bootstrap	764.0
	0.26637368101300485	Kocak	bootstrap	765.0
	0.44224222699964333	Kocak	bootstrap	766.0
	0.16290448857825535	Kocak	bootstrap	767.0
	0.24920042490556416	Kocak	bootstrap	768.0
	0.13485038085575685	Kocak	bootstrap	769.0
	0.17954562836808474	Kocak	bootstrap	770.0
	0.12624947096191974	Kocak	bootstrap	771.0
	0.3779196731327996	Kocak	bootstrap	772.0
	0.15453334906037153	Kocak	bootstrap	773.0
	0.27625548353416995	Kocak	bootstrap	774.0
	0.3090010459889756	Kocak	bootstrap	775.0
	0.12456926503644628	Kocak	bootstrap	776.0
	0.24905307332637072	Kocak	bootstrap	777.0
	0.24963122729597398	Kocak	bootstrap	778.0
	0.25749219179295046	Kocak	bootstrap	779.0
	0.15919075907339586	Kocak	bootstrap	780.0
	0.11985980128538642	Kocak	bootstrap	781.0
	0.20788957711834755	Kocak	bootstrap	782.0
	0.2712889968534622	Kocak	bootstrap	783.0
	0.3151924562753319	Kocak	bootstrap	784.0
	0.13221389514704818	Kocak	bootstrap	785.0
	0.2952646821993108	Kocak	bootstrap	786.0
	0.23354503177008024	Kocak	bootstrap	787.0
	0.30323063316511334	Kocak	bootstrap	788.0
	0.22886788931075586	Kocak	bootstrap	789.0
	0.29618210401684486	Kocak	bootstrap	790.0
	0.20074783709222022	Kocak	bootstrap	791.0
	0.2722802162225193	Kocak	bootstrap	792.0
	0.3952862867929152	Kocak	bootstrap	793.0
	0.24692730946649366	Kocak	bootstrap	794.0
	0.11169598164792927	Kocak	bootstrap	795.0
	0.19181157068811228	Kocak	bootstrap	796.0
	0.11103328985385907	Kocak	bootstrap	797.0
	0.35512207975301013	Kocak	bootstrap	798.0
	-0.021701895343166022	Kocak	bootstrap	799.0
	0.28258794254919817	Kocak	bootstrap	800.0
	0.40362064496333794	Kocak	bootstrap	801.0
	0.20852556763063834	Kocak	bootstrap	802.0
	0.03990511851334411	Kocak	bootstrap	803.0
	0.15067787070414784	Kocak	bootstrap	804.0
	0.1304891438123459	Kocak	bootstrap	805.0
	0.23185481676337183	Kocak	bootstrap	806.0
	0.19963460665262822	Kocak	bootstrap	807.0
	0.24995973168683605	Kocak	bootstrap	808.0
	0.13235596220232537	Kocak	bootstrap	809.0
	0.27188305858787754	Kocak	bootstrap	810.0
	0.3957330386525495	Kocak	bootstrap	811.0
	0.0782166289224433	Kocak	bootstrap	812.0
	0.33570951734617793	Kocak	bootstrap	813.0
	0.15296495694163692	Kocak	bootstrap	814.0
	0.26476369489049567	Kocak	bootstrap	815.0
	0.10340475453498499	Kocak	bootstrap	816.0
	0.20787945600574087	Kocak	bootstrap	817.0
	0.20419082396128108	Kocak	bootstrap	818.0
	0.25491270352537754	Kocak	bootstrap	819.0
	0.3507194193328287	Kocak	bootstrap	820.0
	0.4065840248731112	Kocak	bootstrap	821.0
	0.28987068876640887	Kocak	bootstrap	822.0
	0.32591781256273133	Kocak	bootstrap	823.0
	0.1010637892306363	Kocak	bootstrap	824.0
	0.12833185467011354	Kocak	bootstrap	825.0
	0.19726066115209484	Kocak	bootstrap	826.0
	0.09676872636117384	Kocak	bootstrap	827.0
	0.2303311515218356	Kocak	bootstrap	828.0
	0.29105092695610324	Kocak	bootstrap	829.0
	0.11217963453145341	Kocak	bootstrap	830.0
	0.43520680970036274	Kocak	bootstrap	831.0
	0.0918509449799858	Kocak	bootstrap	832.0
	0.32586800543778427	Kocak	bootstrap	833.0
	0.41015992897389264	Kocak	bootstrap	834.0
	0.3007500067190625	Kocak	bootstrap	835.0
	0.2026172427515096	Kocak	bootstrap	836.0
	0.2011436392247461	Kocak	bootstrap	837.0
	0.34873574083927217	Kocak	bootstrap	838.0
	0.0455355570458158	Kocak	bootstrap	839.0
	0.35589541688932513	Kocak	bootstrap	840.0
	0.3355907829831999	Kocak	bootstrap	841.0
	0.25432253832670515	Kocak	bootstrap	842.0
	0.18457812224339154	Kocak	bootstrap	843.0
	0.22125452888325903	Kocak	bootstrap	844.0
	0.4541465384468779	Kocak	bootstrap	845.0
	0.2322824164493742	Kocak	bootstrap	846.0
	0.24082532415412938	Kocak	bootstrap	847.0
	0.13037846425545396	Kocak	bootstrap	848.0
	0.28146725910420045	Kocak	bootstrap	849.0
	0.07967350671168294	Kocak	bootstrap	850.0
	0.1020993604858722	Kocak	bootstrap	851.0
	0.2555245646906972	Kocak	bootstrap	852.0
	0.42347294019054793	Kocak	bootstrap	853.0
	0.1599124472698552	Kocak	bootstrap	854.0
	0.06529647874999345	Kocak	bootstrap	855.0
	0.31200303706141064	Kocak	bootstrap	856.0
	0.05671238196717532	Kocak	bootstrap	857.0
	0.06339149535877908	Kocak	bootstrap	858.0
	0.4607782967035705	Kocak	bootstrap	859.0
	0.3229449438936731	Kocak	bootstrap	860.0
	0.23945512964263038	Kocak	bootstrap	861.0
	0.25867279211865046	Kocak	bootstrap	862.0
	0.19754737994796567	Kocak	bootstrap	863.0
	0.10649058850840021	Kocak	bootstrap	864.0
	0.18564319925571215	Kocak	bootstrap	865.0
	0.24516604644713702	Kocak	bootstrap	866.0
	-0.038467693566750505	Kocak	bootstrap	867.0
	0.3234957474757234	Kocak	bootstrap	868.0
	0.2282367246519339	Kocak	bootstrap	869.0
	0.16558660124488167	Kocak	bootstrap	870.0
	0.4258983944941095	Kocak	bootstrap	871.0
	0.2289688658392608	Kocak	bootstrap	872.0
	0.28420210687569814	Kocak	bootstrap	873.0
	0.2468856397995598	Kocak	bootstrap	874.0
	0.33007502451052506	Kocak	bootstrap	875.0
	0.19294988378619582	Kocak	bootstrap	876.0
	0.16142624900217584	Kocak	bootstrap	877.0
	0.2152188187571662	Kocak	bootstrap	878.0
	0.23590292056818107	Kocak	bootstrap	879.0
	0.2243828949414981	Kocak	bootstrap	880.0
	0.17845105469984812	Kocak	bootstrap	881.0
	0.20784770923410623	Kocak	bootstrap	882.0
	0.31374970062431107	Kocak	bootstrap	883.0
	0.20696694360274126	Kocak	bootstrap	884.0
	0.19633890822568834	Kocak	bootstrap	885.0
	0.16116130014561936	Kocak	bootstrap	886.0
	0.30720164785175097	Kocak	bootstrap	887.0
	0.18512246399684162	Kocak	bootstrap	888.0
	0.13308303283335743	Kocak	bootstrap	889.0
	0.13456116581533095	Kocak	bootstrap	890.0
	0.31452082417180893	Kocak	bootstrap	891.0
	0.15463662638225095	Kocak	bootstrap	892.0
	0.03506659889445363	Kocak	bootstrap	893.0
	0.36012613424631024	Kocak	bootstrap	894.0
	0.37972870748564436	Kocak	bootstrap	895.0
	0.12330382732185274	Kocak	bootstrap	896.0
	0.22243937646510492	Kocak	bootstrap	897.0
	0.058713023835643696	Kocak	bootstrap	898.0
	0.3302973415514785	Kocak	bootstrap	899.0
	0.0629888627175772	Kocak	bootstrap	900.0
	0.2646399948240514	Kocak	bootstrap	901.0
	0.25294134771463117	Kocak	bootstrap	902.0
	0.4232555728857257	Kocak	bootstrap	903.0
	0.15029621110529945	Kocak	bootstrap	904.0
	0.20884447337849732	Kocak	bootstrap	905.0
	0.2579086340021899	Kocak	bootstrap	906.0
	0.04928081195134926	Kocak	bootstrap	907.0
	0.2694684706850836	Kocak	bootstrap	908.0
	0.10112491989194972	Kocak	bootstrap	909.0
	0.3105649739952865	Kocak	bootstrap	910.0
	0.07548403653267766	Kocak	bootstrap	911.0
	0.17838531110594413	Kocak	bootstrap	912.0
	0.19109051034326363	Kocak	bootstrap	913.0
	0.12888944268413383	Kocak	bootstrap	914.0
	0.3820180542699694	Kocak	bootstrap	915.0
	0.3252414305032758	Kocak	bootstrap	916.0
	0.2446768061068072	Kocak	bootstrap	917.0
	0.24784365085140525	Kocak	bootstrap	918.0
	0.39569515605466066	Kocak	bootstrap	919.0
	0.25896270772629304	Kocak	bootstrap	920.0
	0.33192458249337786	Kocak	bootstrap	921.0
	0.2343715351806459	Kocak	bootstrap	922.0
	0.28978727851826314	Kocak	bootstrap	923.0
	0.21476938244383792	Kocak	bootstrap	924.0
	0.3941869093046755	Kocak	bootstrap	925.0
	0.35464661151448684	Kocak	bootstrap	926.0
	0.24598283471863258	Kocak	bootstrap	927.0
	0.4133818165468641	Kocak	bootstrap	928.0
	0.20891227305082438	Kocak	bootstrap	929.0
	0.32880986245246735	Kocak	bootstrap	930.0
	0.11062635356931061	Kocak	bootstrap	931.0
	0.40916375281720896	Kocak	bootstrap	932.0
	0.10354706579991291	Kocak	bootstrap	933.0
	0.2292527570152254	Kocak	bootstrap	934.0
	0.2738934769446022	Kocak	bootstrap	935.0
	0.18111203329401881	Kocak	bootstrap	936.0
	0.22164448433743633	Kocak	bootstrap	937.0
	0.20005129207070738	Kocak	bootstrap	938.0
	-0.03096909719205332	Kocak	bootstrap	939.0
	0.26774077254464945	Kocak	bootstrap	940.0
	0.2039578690021937	Kocak	bootstrap	941.0
	0.2562711754266571	Kocak	bootstrap	942.0
	0.11949841961385932	Kocak	bootstrap	943.0
	0.3607651184459959	Kocak	bootstrap	944.0
	0.2938083391405346	Kocak	bootstrap	945.0
	0.23264373907313463	Kocak	bootstrap	946.0
	0.2965783360316925	Kocak	bootstrap	947.0
	0.10785826839599277	Kocak	bootstrap	948.0
	0.15943204586821214	Kocak	bootstrap	949.0
	0.20552830182038573	Kocak	bootstrap	950.0
	0.33366667142488105	Kocak	bootstrap	951.0
	0.09640339494918848	Kocak	bootstrap	952.0
	0.24799891442678934	Kocak	bootstrap	953.0
	0.2682498002287028	Kocak	bootstrap	954.0
	0.4321595006587806	Kocak	bootstrap	955.0
	0.24892724145935663	Kocak	bootstrap	956.0
	0.18555534067139945	Kocak	bootstrap	957.0
	0.1693380219121572	Kocak	bootstrap	958.0
	0.17412787038925615	Kocak	bootstrap	959.0
	0.4047165944719575	Kocak	bootstrap	960.0
	0.1959698378581285	Kocak	bootstrap	961.0
	0.12514842947316485	Kocak	bootstrap	962.0
	0.36416030410214706	Kocak	bootstrap	963.0
	0.18190022791786742	Kocak	bootstrap	964.0
	0.051566528400794454	Kocak	bootstrap	965.0
	0.23121103515043462	Kocak	bootstrap	966.0
	0.13656240848533763	Kocak	bootstrap	967.0
	0.2036696668251654	Kocak	bootstrap	968.0
	0.29630034142501316	Kocak	bootstrap	969.0
	0.1126021853161161	Kocak	bootstrap	970.0
	0.28685851279603725	Kocak	bootstrap	971.0
	0.3283905595480352	Kocak	bootstrap	972.0
	0.00022175248980005335	Kocak	bootstrap	973.0
	0.3151853603022765	Kocak	bootstrap	974.0
	0.3222807833581385	Kocak	bootstrap	975.0
	0.014152158149721927	Kocak	bootstrap	976.0
	0.2675477925228389	Kocak	bootstrap	977.0
	0.21545918875336945	Kocak	bootstrap	978.0
	0.30774650028120387	Kocak	bootstrap	979.0
	0.25998750943525994	Kocak	bootstrap	980.0
	0.06261363761102601	Kocak	bootstrap	981.0
	0.12891606793618404	Kocak	bootstrap	982.0
	0.3334019506867554	Kocak	bootstrap	983.0
	0.3750178222422358	Kocak	bootstrap	984.0
	0.16050474157515815	Kocak	bootstrap	985.0
	0.18571025002455066	Kocak	bootstrap	986.0
	0.2869774584031264	Kocak	bootstrap	987.0
	0.07057719370085724	Kocak	bootstrap	988.0
	0.23785993104187853	Kocak	bootstrap	989.0
	0.18342027609505696	Kocak	bootstrap	990.0
	0.20689105447673128	Kocak	bootstrap	991.0
	0.26143128154755324	Kocak	bootstrap	992.0
	0.23883010561931606	Kocak	bootstrap	993.0
	0.31355584029910055	Kocak	bootstrap	994.0
	0.18417149994180093	Kocak	bootstrap	995.0
	0.23100329057474767	Kocak	bootstrap	996.0
	0.30833063137509953	Kocak	bootstrap	997.0
	0.18434100856060986	Kocak	bootstrap	998.0
	0.23222650737150907	Kocak	bootstrap	999.0
	0.10636298968733193	Kocak	bootstrap	1000.0
	0.2992344966452096	Kocak	bootstrap	1001.0
	0.2805639250358114	Kocak	bootstrap	1002.0
	0.1746720643409887	Kocak	bootstrap	1003.0
	0.04629367966570186	Kocak	bootstrap	1004.0
	0.24514424561882642	Kocak	bootstrap	1005.0
	0.22269840664790852	Kocak	bootstrap	1006.0
	0.0559991461425442	Kocak	bootstrap	1007.0
	-0.048297038109018864	Kocak	bootstrap	1008.0
	0.06077366720392785	Kocak	bootstrap	1009.0
	0.264205253840494	Kocak	bootstrap	1010.0
	-0.06440253673659058	Kocak	bootstrap	1011.0
	0.2845037080215853	Kocak	bootstrap	1012.0
	0.167594447325631	Kocak	bootstrap	1013.0
	0.2007432345828466	Kocak	bootstrap	1014.0
	0.17748643497279382	Kocak	bootstrap	1015.0
	0.2131043558629333	Kocak	bootstrap	1016.0
	0.22994051838062024	Kocak	bootstrap	1017.0
	0.013996854841396456	Kocak	bootstrap	1018.0
	0.05180656092955438	Kocak	bootstrap	1019.0
	0.3146685358501653	Kocak	bootstrap	1020.0
	0.22732867527008693	Kocak	bootstrap	1021.0
	0.2383785816336923	Kocak	bootstrap	1022.0
	0.217041856680793	Kocak	bootstrap	1023.0
	0.31653036366343734	Kocak	bootstrap	1024.0
	0.2883270484514382	Kocak	bootstrap	1025.0
	0.40194675357359966	Kocak	bootstrap	1026.0
	0.29659681772888646	Kocak	bootstrap	1027.0
	0.26822380129805357	Kocak	bootstrap	1028.0
	0.2090242968925322	Kocak	bootstrap	1029.0
	0.13799290088880412	Kocak	bootstrap	1030.0
	0.3021377772819793	Kocak	bootstrap	1031.0
	0.10870917289825943	Kocak	bootstrap	1032.0
	0.14983686883954306	Kocak	bootstrap	1033.0
	0.26218095469199554	Kocak	bootstrap	1034.0
	0.116207599318499	Kocak	bootstrap	1035.0
	0.28281478671550264	Kocak	bootstrap	1036.0
	0.2306418018136842	Kocak	bootstrap	1037.0
	0.1773145884899474	Kocak	bootstrap	1038.0
	0.2225280654994526	Kocak	bootstrap	1039.0
	0.2178661452595243	Kocak	bootstrap	1040.0
	0.31860760464393234	Kocak	bootstrap	1041.0
	-0.007855408878522319	Kocak	bootstrap	1042.0
	0.023664952187592903	Kocak	bootstrap	1043.0
	0.2197058804308316	Kocak	bootstrap	1044.0
	0.27799154315764163	Kocak	bootstrap	1045.0
	0.23045554062486762	Kocak	bootstrap	1046.0
	0.19472853241701493	Kocak	bootstrap	1047.0
	0.32221390451317955	Kocak	bootstrap	1048.0
	0.22431858844370733	Kocak	bootstrap	1049.0
	0.10016041657345998	Kocak	bootstrap	1050.0
	0.16423448067637025	Kocak	bootstrap	1051.0
	0.27514857339820775	Kocak	bootstrap	1052.0
	0.09229492454978505	Kocak	bootstrap	1053.0
	0.05993067970897048	Kocak	bootstrap	1054.0
	0.40458864855691434	Kocak	bootstrap	1055.0
	0.21179259177346665	Kocak	bootstrap	1056.0
	0.19143152858079482	Kocak	bootstrap	1057.0
	0.34126391352353647	Kocak	bootstrap	1058.0
	0.33208907804296217	Kocak	bootstrap	1059.0
	0.3348402454369861	Kocak	bootstrap	1060.0
	0.20563806926544004	Kocak	bootstrap	1061.0
	0.14558592881178978	Kocak	bootstrap	1062.0
	0.21024105894953937	Kocak	bootstrap	1063.0
	0.254286798570992	Kocak	bootstrap	1064.0
	0.25001639453340907	Kocak	bootstrap	1065.0
	0.37820685938127774	Kocak	bootstrap	1066.0
	0.10333571392292473	Kocak	bootstrap	1067.0
	0.17487166519236297	Kocak	bootstrap	1068.0
	0.22176496757896658	Kocak	bootstrap	1069.0
	0.047727753492949	Kocak	bootstrap	1070.0
	0.15516061608916498	Kocak	bootstrap	1071.0
	0.2587221881462245	Kocak	bootstrap	1072.0
	0.3022513709302119	Kocak	bootstrap	1073.0
	0.2811197247531174	Kocak	bootstrap	1074.0
	0.2559795470295789	Kocak	bootstrap	1075.0
	0.32470713188148803	Kocak	bootstrap	1076.0
	0.3268331577252672	Kocak	bootstrap	1077.0
	0.20103038526480344	Kocak	bootstrap	1078.0
	0.13144097561277324	Kocak	bootstrap	1079.0
	0.3124308731501202	Kocak	bootstrap	1080.0
	0.34141361961107375	Kocak	bootstrap	1081.0
	0.1991332086616895	Kocak	bootstrap	1082.0
	0.11411864790273007	Kocak	bootstrap	1083.0
	0.10538711258711153	Kocak	bootstrap	1084.0
	0.14178308867824185	Kocak	bootstrap	1085.0
	0.2525429780630768	Kocak	bootstrap	1086.0
	0.03815845310072774	Kocak	bootstrap	1087.0
	0.3894521306763403	Kocak	bootstrap	1088.0
	0.23632636054399292	Kocak	bootstrap	1089.0
	0.3903358516185369	Kocak	bootstrap	1090.0
	0.17184794504494239	Kocak	bootstrap	1091.0
	0.08504330756163636	Kocak	bootstrap	1092.0
	0.12215291197161715	Kocak	bootstrap	1093.0
	0.31417160156501467	Kocak	bootstrap	1094.0
	0.22018327448327124	Kocak	bootstrap	1095.0
	0.20602718087618754	Kocak	bootstrap	1096.0
	0.2132117934131159	Kocak	bootstrap	1097.0
	0.04751137330354016	Kocak	bootstrap	1098.0
	0.1908483567494157	Kocak	bootstrap	1099.0
	0.25721615544310605	Kocak	bootstrap	1100.0
	0.16996841770496118	Kocak	bootstrap	1101.0
	0.2555767346807114	Kocak	bootstrap	1102.0
	0.25323718124102435	Kocak	bootstrap	1103.0
	0.32124166125028264	Kocak	bootstrap	1104.0
	0.25587778506231107	Kocak	bootstrap	1105.0
	0.49642319541787483	Kocak	bootstrap	1106.0
	0.3010319719737584	Kocak	bootstrap	1107.0
	0.1964466331006509	Kocak	bootstrap	1108.0
	0.14813357476181643	Kocak	bootstrap	1109.0
	0.11654106411442644	Kocak	bootstrap	1110.0
	0.33384423408413877	Kocak	bootstrap	1111.0
	0.19950245500914754	Kocak	bootstrap	1112.0
	0.2738672759405114	Kocak	bootstrap	1113.0
	0.25774841102522394	Kocak	bootstrap	1114.0
	-0.0674623060306958	Kocak	bootstrap	1115.0
	0.2830140006118782	Kocak	bootstrap	1116.0
	0.18113653383612593	Kocak	bootstrap	1117.0
	0.17732802160338146	Kocak	bootstrap	1118.0
	0.30017805550154897	Kocak	bootstrap	1119.0
	0.3722379671461944	Kocak	bootstrap	1120.0
	0.23789845359251416	Kocak	bootstrap	1121.0
	0.21826515740937147	Kocak	bootstrap	1122.0
	0.2870455102001044	Kocak	bootstrap	1123.0
	0.23669313284390725	Kocak	bootstrap	1124.0
	0.16597663760992187	Kocak	bootstrap	1125.0
	0.16975558625486453	Kocak	bootstrap	1126.0
	0.270308219821616	Kocak	bootstrap	1127.0
	0.22391772946083233	Kocak	bootstrap	1128.0
	0.2109469291661501	Kocak	bootstrap	1129.0
	0.2501230477036325	Kocak	bootstrap	1130.0
	0.2949690319839595	Kocak	bootstrap	1131.0
	0.2139399824718593	Kocak	bootstrap	1132.0
	0.3763480114154403	Kocak	bootstrap	1133.0
	0.33338866671260625	Kocak	bootstrap	1134.0
	0.35125072619251974	Kocak	bootstrap	1135.0
	0.09813131161845501	Kocak	bootstrap	1136.0
	0.16946469680773646	Kocak	bootstrap	1137.0
	0.32709909020460426	Kocak	bootstrap	1138.0
	0.33094211303341403	Kocak	bootstrap	1139.0
	0.23687749377995537	Kocak	bootstrap	1140.0
	0.2008048100264901	Kocak	bootstrap	1141.0
	0.29588201988956087	Kocak	bootstrap	1142.0
	0.21522848298585728	Kocak	bootstrap	1143.0
	0.013800153290153716	Kocak	bootstrap	1144.0
	0.40717888305290995	Kocak	bootstrap	1145.0
	0.2579793339712957	Kocak	bootstrap	1146.0
	0.1751341385176559	Kocak	bootstrap	1147.0
	0.12649566725625316	Kocak	bootstrap	1148.0
	0.10240457804673664	Kocak	bootstrap	1149.0
	0.32567799625052807	Kocak	bootstrap	1150.0
	0.17757797585017077	Kocak	bootstrap	1151.0
	0.09657765256220596	Kocak	bootstrap	1152.0
	0.3522354705876207	Kocak	bootstrap	1153.0
	0.3241174350522069	Kocak	bootstrap	1154.0
	0.3058084968221939	Kocak	bootstrap	1155.0
	0.11186248204105809	Kocak	bootstrap	1156.0
	0.18698101123635613	Kocak	bootstrap	1157.0
	0.2551220342929055	Kocak	bootstrap	1158.0
	0.3442424097920087	Kocak	bootstrap	1159.0
	0.1595868294314915	Kocak	bootstrap	1160.0
	0.24118602082614515	Kocak	bootstrap	1161.0
	0.28883879966420967	Kocak	bootstrap	1162.0
	0.2788387842640221	Kocak	bootstrap	1163.0
	0.04810761356811444	Kocak	bootstrap	1164.0
	0.18781282910345531	Kocak	bootstrap	1165.0
	0.07421545239729621	Kocak	bootstrap	1166.0
	0.3597928595390947	Kocak	bootstrap	1167.0
	0.28557229531747197	Kocak	bootstrap	1168.0
	0.10843249947177114	Kocak	bootstrap	1169.0
	0.25200017302431554	Kocak	bootstrap	1170.0
	0.37538796945857467	Kocak	bootstrap	1171.0
	0.33269105035803204	Kocak	bootstrap	1172.0
	0.22423647122324653	Kocak	bootstrap	1173.0
	0.3552917931135129	Kocak	bootstrap	1174.0
	0.33141158874054	Kocak	bootstrap	1175.0
	0.22114833724553584	Kocak	bootstrap	1176.0
	0.12387305564377815	Kocak	bootstrap	1177.0
	0.26603047502680344	Kocak	bootstrap	1178.0
	0.21273353598187672	Kocak	bootstrap	1179.0
	0.19207475854619283	Kocak	bootstrap	1180.0
	0.18807351316367882	Kocak	bootstrap	1181.0
	0.12859030936694005	Kocak	bootstrap	1182.0
	0.37167193282780353	Kocak	bootstrap	1183.0
	0.17835769990667583	Kocak	bootstrap	1184.0
	0.36251145512132066	Kocak	bootstrap	1185.0
	0.20097637658708933	Kocak	bootstrap	1186.0
	0.22148074408394258	Kocak	bootstrap	1187.0
	0.30586558679371745	Kocak	bootstrap	1188.0
	0.034073825766290256	Kocak	bootstrap	1189.0
	0.2535357246788461	Kocak	bootstrap	1190.0
	0.12768327555703696	Kocak	bootstrap	1191.0
	0.18677670695799975	Kocak	bootstrap	1192.0
	0.31166791415097794	Kocak	bootstrap	1193.0
	0.16139952679695124	Kocak	bootstrap	1194.0
	0.38881625219085336	Kocak	bootstrap	1195.0
	0.372728467831581	Kocak	bootstrap	1196.0
	0.21182101206658377	Kocak	bootstrap	1197.0
	0.17104369128945507	Kocak	bootstrap	1198.0
	0.16366440917844916	Kocak	bootstrap	1199.0
	0.30652627169765534	Kocak	bootstrap	1200.0
	0.12152128759015302	Kocak	bootstrap	1201.0
	0.16744705804185323	Kocak	bootstrap	1202.0
	0.24732624049277963	Kocak	bootstrap	1203.0
	0.23357712951204057	Kocak	bootstrap	1204.0
	0.24450652046509092	Kocak	bootstrap	1205.0
	0.2651611685210904	Kocak	bootstrap	1206.0
	0.01822995588947851	Kocak	bootstrap	1207.0
	0.22617218865981403	Kocak	bootstrap	1208.0
	0.16692549207858853	Kocak	bootstrap	1209.0
	0.18626718818170218	Kocak	bootstrap	1210.0
	0.1449308256773323	Kocak	bootstrap	1211.0
	0.2908933856427067	Kocak	bootstrap	1212.0
	0.2525629547315704	Kocak	bootstrap	1213.0
	0.2710685032479603	Kocak	bootstrap	1214.0
	0.36708807561877954	Kocak	bootstrap	1215.0
	0.18992911699329795	Kocak	bootstrap	1216.0
	0.21847648047585544	Kocak	bootstrap	1217.0
	0.17321136644476098	Kocak	bootstrap	1218.0
	0.33782469575262297	Kocak	bootstrap	1219.0
	0.16055541931419537	Kocak	bootstrap	1220.0
	0.24013214573956532	Kocak	bootstrap	1221.0
	0.2702783154149424	Kocak	bootstrap	1222.0
	0.41804460229309637	Kocak	bootstrap	1223.0
	0.4292448505557127	Kocak	bootstrap	1224.0
	0.2495178256206092	Kocak	bootstrap	1225.0
	0.22798396814023913	Kocak	bootstrap	1226.0
	0.3542509865658916	Kocak	bootstrap	1227.0
	0.09725396915744788	Kocak	bootstrap	1228.0
	0.1766190176756668	Kocak	bootstrap	1229.0
	0.19970725208266682	Kocak	bootstrap	1230.0
	0.1837744039560345	Kocak	bootstrap	1231.0
	0.24979265731200595	Kocak	bootstrap	1232.0
	0.2967738474405177	Kocak	bootstrap	1233.0
	0.20824714845294157	Kocak	bootstrap	1234.0
	0.25223070197063446	Kocak	bootstrap	1235.0
	0.09943872082750094	Kocak	bootstrap	1236.0
	0.2934539171882298	Kocak	bootstrap	1237.0
	-0.004514309278248696	Kocak	bootstrap	1238.0
	0.3172607752735743	Kocak	bootstrap	1239.0
	0.10369588753576142	Kocak	bootstrap	1240.0
	0.3434764386023801	Kocak	bootstrap	1241.0
	0.11696850901227496	Kocak	bootstrap	1242.0
	0.10138505564452505	Kocak	bootstrap	1243.0
	0.2336982619186836	Kocak	bootstrap	1244.0
	0.05470445237256616	Kocak	bootstrap	1245.0
	0.20208788205903971	Kocak	bootstrap	1246.0
	0.2310778240974285	Kocak	bootstrap	1247.0
	0.20368461885804656	Kocak	bootstrap	1248.0
	0.07250548811806823	Kocak	bootstrap	1249.0
	0.32916774146686834	Kocak	bootstrap	1250.0
	0.36511472671911793	Kocak	bootstrap	1251.0
	0.189590010833542	Kocak	bootstrap	1252.0
	0.2713836902585074	Kocak	bootstrap	1253.0
	0.16212335429748403	Kocak	bootstrap	1254.0
	0.3706388457410954	Kocak	bootstrap	1255.0
	0.4242837814060296	Kocak	bootstrap	1256.0
	0.1467746295952015	Kocak	bootstrap	1257.0
	0.3311784514439262	Kocak	bootstrap	1258.0
	0.2714504956005417	Kocak	bootstrap	1259.0
	0.19501265423056413	Kocak	bootstrap	1260.0
	0.16260106736751379	Kocak	bootstrap	1261.0
	0.26132788860145517	Kocak	bootstrap	1262.0
	0.1575615565085382	Kocak	bootstrap	1263.0
	0.13833811438007082	Kocak	bootstrap	1264.0
	0.11627047490617404	Kocak	bootstrap	1265.0
	0.27393963845132774	Kocak	bootstrap	1266.0
	0.4069732164203721	Kocak	bootstrap	1267.0
	0.005114746407498316	Kocak	bootstrap	1268.0
	-0.07661181749758761	Kocak	bootstrap	1269.0
	0.4447078098391941	Kocak	bootstrap	1270.0
	0.38342254832435874	Kocak	bootstrap	1271.0
	0.15761462075058308	Kocak	bootstrap	1272.0
	0.3053844366580485	Kocak	bootstrap	1273.0
	0.2008868698754087	Kocak	bootstrap	1274.0
	0.2783387290851316	Kocak	bootstrap	1275.0
	0.16584031312304504	Kocak	bootstrap	1276.0
	0.2901534748958188	Kocak	bootstrap	1277.0
	0.31231463107629676	Kocak	bootstrap	1278.0
	0.3382359232062697	Kocak	bootstrap	1279.0
	0.25161650652524337	Kocak	bootstrap	1280.0
	0.21851168988304792	Kocak	bootstrap	1281.0
	0.19794720856955728	Kocak	bootstrap	1282.0
	0.4007530634523562	Kocak	bootstrap	1283.0
	0.28999084734656133	Kocak	bootstrap	1284.0
	0.2623449172815606	Kocak	bootstrap	1285.0
	0.4357343668892266	Kocak	bootstrap	1286.0
	0.3438278223569835	Kocak	bootstrap	1287.0
	0.12692236194125162	Kocak	bootstrap	1288.0
	0.5433355657640258	Kocak	bootstrap	1289.0
	0.04383019129575505	Kocak	bootstrap	1290.0
	0.25659624024379735	Kocak	bootstrap	1291.0
	0.27387028507108724	Kocak	bootstrap	1292.0
	0.21561767079071625	Kocak	bootstrap	1293.0
	0.2664640117571837	Kocak	bootstrap	1294.0
	0.2474841005303272	Kocak	bootstrap	1295.0
	0.3014625266417914	Kocak	bootstrap	1296.0
	0.2161967162419085	Kocak	bootstrap	1297.0
	0.09691469054807822	Kocak	bootstrap	1298.0
	0.3767039788100961	Kocak	bootstrap	1299.0
	-0.03582308641199017	Kocak	bootstrap	1300.0
	0.300761235383602	Kocak	bootstrap	1301.0
	0.30422932761604926	Kocak	bootstrap	1302.0
	0.14491394105162225	Kocak	bootstrap	1303.0
	0.29069714522675927	Kocak	bootstrap	1304.0
	0.2773671100207533	Kocak	bootstrap	1305.0
	0.24464329750103175	Kocak	bootstrap	1306.0
	0.10423694189255261	Kocak	bootstrap	1307.0
	0.493076133138862	Kocak	bootstrap	1308.0
	0.2431156817817417	Kocak	bootstrap	1309.0
	0.014699577431029454	Kocak	bootstrap	1310.0
	0.06031582117422918	Kocak	bootstrap	1311.0
	0.22506636751227926	Kocak	bootstrap	1312.0
	0.3089269537247521	Kocak	bootstrap	1313.0
	0.14255701642163476	Kocak	bootstrap	1314.0
	0.1639660967493759	Kocak	bootstrap	1315.0
	0.20562855333238073	Kocak	bootstrap	1316.0
	0.41806410724398724	Kocak	bootstrap	1317.0
	0.2856737527259554	Kocak	bootstrap	1318.0
	0.23841411644863886	Kocak	bootstrap	1319.0
	0.3543332112108235	Kocak	bootstrap	1320.0
	0.08928756092741175	Kocak	bootstrap	1321.0
	0.3094399132224952	Kocak	bootstrap	1322.0
	0.0891930821451723	Kocak	bootstrap	1323.0
	0.3068487429925577	Kocak	bootstrap	1324.0
	0.16992027018177946	Kocak	bootstrap	1325.0
	0.11456983003677834	Kocak	bootstrap	1326.0
	0.17353515779311568	Kocak	bootstrap	1327.0
	0.33950366305508783	Kocak	bootstrap	1328.0
	0.3006945283770719	Kocak	bootstrap	1329.0
	0.2641929396005427	Kocak	bootstrap	1330.0
	0.3410983406328185	Kocak	bootstrap	1331.0
	0.37997082008318817	Kocak	bootstrap	1332.0
	0.10840016079182746	Kocak	bootstrap	1333.0
	0.07804644706263897	Kocak	bootstrap	1334.0
	0.0955787275842912	Kocak	bootstrap	1335.0
	0.13247152435165077	Kocak	bootstrap	1336.0
	0.21591973465246017	Kocak	bootstrap	1337.0
	0.3361474285046482	Kocak	bootstrap	1338.0
	0.19363046169334996	Kocak	bootstrap	1339.0
	0.01953291949752245	Kocak	bootstrap	1340.0
	0.3118834516308482	Kocak	bootstrap	1341.0
	-0.03137838300230911	Kocak	bootstrap	1342.0
	0.19762598086639027	Kocak	bootstrap	1343.0
	0.13078423646438786	Kocak	bootstrap	1344.0
	0.29240245283480437	Kocak	bootstrap	1345.0
	0.1770467694194391	Kocak	bootstrap	1346.0
	0.2661508242949644	Kocak	bootstrap	1347.0
	0.04367990546495726	Kocak	bootstrap	1348.0
	0.304624008521869	Kocak	bootstrap	1349.0
	0.19072660474317882	Kocak	bootstrap	1350.0
	0.2055328849921576	Kocak	bootstrap	1351.0
	0.14203076197326148	Kocak	bootstrap	1352.0
	0.36511591724027515	Kocak	bootstrap	1353.0
	0.0693189344473355	Kocak	bootstrap	1354.0
	0.23044081710269904	Kocak	bootstrap	1355.0
	0.2890412511354086	Kocak	bootstrap	1356.0
	0.07344306946021906	Kocak	bootstrap	1357.0
	0.20017156210744425	Kocak	bootstrap	1358.0
	0.0018212569612572338	Kocak	bootstrap	1359.0
	0.1382517468312523	Kocak	bootstrap	1360.0
	0.24083030361111124	Kocak	bootstrap	1361.0
	0.22838945692911228	Kocak	bootstrap	1362.0
	0.3454626897696178	Kocak	bootstrap	1363.0
	0.04415896944854136	Kocak	bootstrap	1364.0
	0.1979393211845073	Kocak	bootstrap	1365.0
	0.31252633022117937	Kocak	bootstrap	1366.0
	0.2690245903070343	Kocak	bootstrap	1367.0
	0.14568573739433255	Kocak	bootstrap	1368.0
	0.31898292882632795	Kocak	bootstrap	1369.0
	0.401252964138588	Kocak	bootstrap	1370.0
	0.2740842892493651	Kocak	bootstrap	1371.0
	0.24028301068506863	Kocak	bootstrap	1372.0
	0.22852683225264236	Kocak	bootstrap	1373.0
	0.16504761068526186	Kocak	bootstrap	1374.0
	0.002682047202395843	Kocak	bootstrap	1375.0
	0.11557896857266492	Kocak	bootstrap	1376.0
	0.2933134081569415	Kocak	bootstrap	1377.0
	0.2805601839338596	Kocak	bootstrap	1378.0
	0.0842047829975785	Kocak	bootstrap	1379.0
	0.09370826729778159	Kocak	bootstrap	1380.0
	0.34246611685021566	Kocak	bootstrap	1381.0
	0.1735544280699397	Kocak	bootstrap	1382.0
	0.1661130514467013	Kocak	bootstrap	1383.0
	0.31380182995234485	Kocak	bootstrap	1384.0
	0.18738060943273194	Kocak	bootstrap	1385.0
	0.15443662675856373	Kocak	bootstrap	1386.0
	0.15032633040165688	Kocak	bootstrap	1387.0
	0.33123899578772864	Kocak	bootstrap	1388.0
	0.24376581775412198	Kocak	bootstrap	1389.0
	0.25097469495180036	Kocak	bootstrap	1390.0
	0.3624864106035295	Kocak	bootstrap	1391.0
	0.059937654374556004	Kocak	bootstrap	1392.0
	0.29115058452637577	Kocak	bootstrap	1393.0
	0.17257347328139616	Kocak	bootstrap	1394.0
	0.11084864715095755	Kocak	bootstrap	1395.0
	0.29065407046029623	Kocak	bootstrap	1396.0
	0.29343504417302047	Kocak	bootstrap	1397.0
	0.2599227611716497	Kocak	bootstrap	1398.0
	0.3122272187308184	Kocak	bootstrap	1399.0
	0.06989047618844868	Kocak	bootstrap	1400.0
	0.21072050092716577	Kocak	bootstrap	1401.0
	0.22738220611825266	Kocak	bootstrap	1402.0
	0.173723756216706	Kocak	bootstrap	1403.0
	0.25046714078970567	Kocak	bootstrap	1404.0
	0.3242748287649837	Kocak	bootstrap	1405.0
	0.28928478361160437	Kocak	bootstrap	1406.0
	0.30474640087317084	Kocak	bootstrap	1407.0
	0.4603886814186229	Kocak	bootstrap	1408.0
	0.23244965641684256	Kocak	bootstrap	1409.0
	0.30752431600056607	Kocak	bootstrap	1410.0
	0.13927135028533044	Kocak	bootstrap	1411.0
	0.16379582246310243	Kocak	bootstrap	1412.0
	0.15256872755443052	Kocak	bootstrap	1413.0
	0.4293133945772736	Kocak	bootstrap	1414.0
	0.10550431310065989	Kocak	bootstrap	1415.0
	0.18790348653785838	Kocak	bootstrap	1416.0
	0.33563765537738366	Kocak	bootstrap	1417.0
	0.14208843536890825	Kocak	bootstrap	1418.0
	0.360053188370407	Kocak	bootstrap	1419.0
	0.280243436180057	Kocak	bootstrap	1420.0
	0.36163735590398005	Kocak	bootstrap	1421.0
	0.3200540362676678	Kocak	bootstrap	1422.0
	0.27863780969072494	Kocak	bootstrap	1423.0
	0.3267910925310069	Kocak	bootstrap	1424.0
	0.4173697575450692	Kocak	bootstrap	1425.0
	0.10193505470594744	Kocak	bootstrap	1426.0
	0.12048543162021286	Kocak	bootstrap	1427.0
	0.08281696347154721	Kocak	bootstrap	1428.0
	0.2531887003083524	Kocak	bootstrap	1429.0
	0.21883726174896445	Kocak	bootstrap	1430.0
	0.2129070800995274	Kocak	bootstrap	1431.0
	0.23549835782416917	Kocak	bootstrap	1432.0
	0.1644422089100095	Kocak	bootstrap	1433.0
	0.248021073956731	Kocak	bootstrap	1434.0
	0.28320796002005455	Kocak	bootstrap	1435.0
	0.17207572213894373	Kocak	bootstrap	1436.0
	-0.010106378524813664	Kocak	bootstrap	1437.0
	0.2181862441428324	Kocak	bootstrap	1438.0
	0.2662966992404199	Kocak	bootstrap	1439.0
	0.29050906824415	Kocak	bootstrap	1440.0
	0.4076800173160011	Kocak	bootstrap	1441.0
	0.17294736468142347	Kocak	bootstrap	1442.0
	0.14981353029541733	Kocak	bootstrap	1443.0
	0.11348859833515945	Kocak	bootstrap	1444.0
	0.17846777679425507	Kocak	bootstrap	1445.0
	0.08537789245239935	Kocak	bootstrap	1446.0
	0.24574215445165315	Kocak	bootstrap	1447.0
	0.16856402471610732	Kocak	bootstrap	1448.0
	0.3134269387485382	Kocak	bootstrap	1449.0
	0.24032418401156352	Kocak	bootstrap	1450.0
	-0.003554287808881895	Kocak	bootstrap	1451.0
	0.0964317199862057	Kocak	bootstrap	1452.0
	0.30690880387123975	Kocak	bootstrap	1453.0
	0.18297303787530428	Kocak	bootstrap	1454.0
	0.36294742881937836	Kocak	bootstrap	1455.0
	0.07935343573711329	Kocak	bootstrap	1456.0
	0.2657599219647979	Kocak	bootstrap	1457.0
	0.1001916513946437	Kocak	bootstrap	1458.0
	0.34117365828062596	Kocak	bootstrap	1459.0
	0.2932036097235251	Kocak	bootstrap	1460.0
	0.1358616969634321	Kocak	bootstrap	1461.0
	0.27288690029619467	Kocak	bootstrap	1462.0
	0.16448705660138785	Kocak	bootstrap	1463.0
	0.2262419782198819	Kocak	bootstrap	1464.0
	0.2684228970510114	Kocak	bootstrap	1465.0
	0.46104428035403977	Kocak	bootstrap	1466.0
	0.12838179319002663	Kocak	bootstrap	1467.0
	0.24974106962076092	Kocak	bootstrap	1468.0
	0.21674413119176794	Kocak	bootstrap	1469.0
	0.1351792600191084	Kocak	bootstrap	1470.0
	0.026477127362362296	Kocak	bootstrap	1471.0
	0.11568112748145598	Kocak	bootstrap	1472.0
	0.20158014620008746	Kocak	bootstrap	1473.0
	0.296825292116746	Kocak	bootstrap	1474.0
	0.3765412131060293	Kocak	bootstrap	1475.0
	0.2511248629517171	Kocak	bootstrap	1476.0
	0.2557715097650597	Kocak	bootstrap	1477.0
	0.25806903328498354	Kocak	bootstrap	1478.0
	0.06135958119229912	Kocak	bootstrap	1479.0
	0.33177004299098733	Kocak	bootstrap	1480.0
	0.26476823434203833	Kocak	bootstrap	1481.0
	0.08437997811765552	Kocak	bootstrap	1482.0
	0.3009366761557759	Kocak	bootstrap	1483.0
	0.2937869660465289	Kocak	bootstrap	1484.0
	0.2524321103829479	Kocak	bootstrap	1485.0
	0.41711252188007464	Kocak	bootstrap	1486.0
	0.27930090068710633	Kocak	bootstrap	1487.0
	0.3255599472155746	Kocak	bootstrap	1488.0
	0.25500403390343074	Kocak	bootstrap	1489.0
	0.21685285956579836	Kocak	bootstrap	1490.0
	0.09118563143925762	Kocak	bootstrap	1491.0
	0.2011942720785962	Kocak	bootstrap	1492.0
	0.3632543909715844	Kocak	bootstrap	1493.0
	0.36024926630241616	Kocak	bootstrap	1494.0
	0.18179828810775955	Kocak	bootstrap	1495.0
	0.1351955780471501	Kocak	bootstrap	1496.0
	0.19705924700450428	Kocak	bootstrap	1497.0
	0.01723642910618306	Kocak	bootstrap	1498.0
	0.19305053357322688	Kocak	bootstrap	1499.0
	0.3348242852940837	Kocak	bootstrap	1500.0
	0.26509365593857215	Kocak	bootstrap	1501.0
	0.14902098010134956	Kocak	bootstrap	1502.0
	0.29086014775580527	Kocak	bootstrap	1503.0
	0.2710470124623505	Kocak	bootstrap	1504.0
	0.2767669726763442	Kocak	bootstrap	1505.0
	0.3210646921909728	Kocak	bootstrap	1506.0
	0.3497336698827116	Kocak	bootstrap	1507.0
	0.35729343565876004	Kocak	bootstrap	1508.0
	0.3043505390281869	Kocak	bootstrap	1509.0
	0.15727758231857347	Kocak	bootstrap	1510.0
	0.07801652308166318	Kocak	bootstrap	1511.0
	0.1793370578378397	Kocak	bootstrap	1512.0
	0.2353349139568186	Kocak	bootstrap	1513.0
	0.38240020113429374	Kocak	bootstrap	1514.0
	0.11364925980197427	Kocak	bootstrap	1515.0
	0.22886350433045877	Kocak	bootstrap	1516.0
	0.2190988037536341	Kocak	bootstrap	1517.0
	0.3721232362867761	Kocak	bootstrap	1518.0
	0.3628527243798585	Kocak	bootstrap	1519.0
	0.2791164453210673	Kocak	bootstrap	1520.0
	0.08487627429953726	Kocak	bootstrap	1521.0
	0.2306567250962459	Kocak	bootstrap	1522.0
	0.3783572160508788	Kocak	bootstrap	1523.0
	0.12058293259786979	Kocak	bootstrap	1524.0
	0.3157940783411881	Kocak	bootstrap	1525.0
	0.30550714406331636	Kocak	bootstrap	1526.0
	0.18609156308751196	Kocak	bootstrap	1527.0
	0.2615786331872991	Kocak	bootstrap	1528.0
	0.341472034836376	Kocak	bootstrap	1529.0
	0.20973773242278337	Kocak	bootstrap	1530.0
	0.29635301695351934	Kocak	bootstrap	1531.0
	0.30541150210834633	Kocak	bootstrap	1532.0
	0.17376259121789772	Kocak	bootstrap	1533.0
	0.1282551011915425	Kocak	bootstrap	1534.0
	0.12909114542949762	Kocak	bootstrap	1535.0
	0.32331192872146897	Kocak	bootstrap	1536.0
	0.14250614789270788	Kocak	bootstrap	1537.0
	0.16299234554828423	Kocak	bootstrap	1538.0
	0.2349511825126518	Kocak	bootstrap	1539.0
	0.05584599114552358	Kocak	bootstrap	1540.0
	0.3119156353331958	Kocak	bootstrap	1541.0
	0.2978477121287284	Kocak	bootstrap	1542.0
	0.19648327477197824	Kocak	bootstrap	1543.0
	0.4051774664224883	Kocak	bootstrap	1544.0
	0.1762079574161639	Kocak	bootstrap	1545.0
	0.3603929150364289	Kocak	bootstrap	1546.0
	0.15307454249090569	Kocak	bootstrap	1547.0
	0.23044674023380463	Kocak	bootstrap	1548.0
	0.3095426756670996	Kocak	bootstrap	1549.0
	0.06505479404487868	Kocak	bootstrap	1550.0
	0.26136197966726815	Kocak	bootstrap	1551.0
	0.26434510364795294	Kocak	bootstrap	1552.0
	0.11217904474396612	Kocak	bootstrap	1553.0
	0.3157815794031036	Kocak	bootstrap	1554.0
	0.3707148033867993	Kocak	bootstrap	1555.0
	0.2695298929093699	Kocak	bootstrap	1556.0
	0.2442920977225942	Kocak	bootstrap	1557.0
	0.13107240644597695	Kocak	bootstrap	1558.0
	0.15938433798061258	Kocak	bootstrap	1559.0
	0.1531679788989031	Kocak	bootstrap	1560.0
	0.09374273500362484	Kocak	bootstrap	1561.0
	0.2552301595685478	Kocak	bootstrap	1562.0
	0.5153385027302777	Kocak	bootstrap	1563.0
	0.18517787096072702	Kocak	bootstrap	1564.0
	0.14505796287980388	Kocak	bootstrap	1565.0
	0.04468234574170182	Kocak	bootstrap	1566.0
	0.11379484833436226	Kocak	bootstrap	1567.0
	0.15015302212222448	Kocak	bootstrap	1568.0
	0.2925835810566966	Kocak	bootstrap	1569.0
	0.2626601832541908	Kocak	bootstrap	1570.0
	0.12485825035923881	Kocak	bootstrap	1571.0
	-0.057940294464741804	Kocak	bootstrap	1572.0
	0.20737932634308986	Kocak	bootstrap	1573.0
	0.28527017245073694	Kocak	bootstrap	1574.0
	0.1768220191246579	Kocak	bootstrap	1575.0
	0.13138719568024815	Kocak	bootstrap	1576.0
	0.16328777859585664	Kocak	bootstrap	1577.0
	0.060901310007769105	Kocak	bootstrap	1578.0
	0.24321958980003888	Kocak	bootstrap	1579.0
	0.20335624042478972	Kocak	bootstrap	1580.0
	0.023018257456893565	Kocak	bootstrap	1581.0
	0.35818171029880475	Kocak	bootstrap	1582.0
	0.36680085852609157	Kocak	bootstrap	1583.0
	0.012615204603097396	Kocak	bootstrap	1584.0
	0.19522709766551483	Kocak	bootstrap	1585.0
	0.2066925534650057	Kocak	bootstrap	1586.0
	0.16945488491936977	Kocak	bootstrap	1587.0
	0.3074944615337092	Kocak	bootstrap	1588.0
	0.2800318965809572	Kocak	bootstrap	1589.0
	0.18381845426297883	Kocak	bootstrap	1590.0
	0.265223492644842	Kocak	bootstrap	1591.0
	0.37696594972809905	Kocak	bootstrap	1592.0
	0.23213650460054058	Kocak	bootstrap	1593.0
	0.29306443616455535	Kocak	bootstrap	1594.0
	0.08475669985222645	Kocak	bootstrap	1595.0
	0.2461022363472658	Kocak	bootstrap	1596.0
	0.3682716221001794	Kocak	bootstrap	1597.0
	0.258511548739059	Kocak	bootstrap	1598.0
	-0.0261337152679042	Kocak	bootstrap	1599.0
	0.36645554216248577	Kocak	bootstrap	1600.0
	0.19882896009214157	Kocak	bootstrap	1601.0
	0.2931416643511371	Kocak	bootstrap	1602.0
	0.39501292320976944	Kocak	bootstrap	1603.0
	0.22862237300537736	Kocak	bootstrap	1604.0
	0.3203063897231022	Kocak	bootstrap	1605.0
	0.26880336358365486	Kocak	bootstrap	1606.0
	0.26606095013285724	Kocak	bootstrap	1607.0
	0.17700458025461607	Kocak	bootstrap	1608.0
	0.08620948320917421	Kocak	bootstrap	1609.0
	0.11651511150351457	Kocak	bootstrap	1610.0
	0.24317354858985674	Kocak	bootstrap	1611.0
	0.20580511061323037	Kocak	bootstrap	1612.0
	0.19639712448716296	Kocak	bootstrap	1613.0
	0.23400182999508345	Kocak	bootstrap	1614.0
	0.13653214899631738	Kocak	bootstrap	1615.0
	0.0630132569609092	Kocak	bootstrap	1616.0
	0.29671537014897265	Kocak	bootstrap	1617.0
	0.17796582959312346	Kocak	bootstrap	1618.0
	0.2493934557854498	Kocak	bootstrap	1619.0
	0.17570970102893835	Kocak	bootstrap	1620.0
	0.2070497074881894	Kocak	bootstrap	1621.0
	0.23493018819564337	Kocak	bootstrap	1622.0
	0.012724274262626345	Kocak	bootstrap	1623.0
	0.07578543026577034	Kocak	bootstrap	1624.0
	0.3321689914442665	Kocak	bootstrap	1625.0
	0.28612980145480726	Kocak	bootstrap	1626.0
	0.17388028822773638	Kocak	bootstrap	1627.0
	0.16258159928199056	Kocak	bootstrap	1628.0
	0.1564257932670703	Kocak	bootstrap	1629.0
	0.15207986500328463	Kocak	bootstrap	1630.0
	0.364867205996962	Kocak	bootstrap	1631.0
	0.1937547448859549	Kocak	bootstrap	1632.0
	0.19496597758125755	Kocak	bootstrap	1633.0
	0.1786773075035919	Kocak	bootstrap	1634.0
	0.03682881606988886	Kocak	bootstrap	1635.0
	0.12846847273815865	Kocak	bootstrap	1636.0
	0.12102942229256275	Kocak	bootstrap	1637.0
	0.326870381931581	Kocak	bootstrap	1638.0
	0.2296116056296631	Kocak	bootstrap	1639.0
	0.13750236746771627	Kocak	bootstrap	1640.0
	0.24026119112032251	Kocak	bootstrap	1641.0
	0.2051607776721287	Kocak	bootstrap	1642.0
	0.26705292605085607	Kocak	bootstrap	1643.0
	0.1395532458903599	Kocak	bootstrap	1644.0
	0.3478219087859058	Kocak	bootstrap	1645.0
	-0.002358124700502451	Kocak	bootstrap	1646.0
	0.2891581639122309	Kocak	bootstrap	1647.0
	0.43281713700622415	Kocak	bootstrap	1648.0
	0.12998096813717908	Kocak	bootstrap	1649.0
	0.14741058061284917	Kocak	bootstrap	1650.0
	0.19216578989982924	Kocak	bootstrap	1651.0
	0.27217654927213086	Kocak	bootstrap	1652.0
	0.2115658432887475	Kocak	bootstrap	1653.0
	0.21368390727131104	Kocak	bootstrap	1654.0
	0.07150360212272844	Kocak	bootstrap	1655.0
	0.2355090543037628	Kocak	bootstrap	1656.0
	0.2707364858999357	Kocak	bootstrap	1657.0
	0.10733406642106047	Kocak	bootstrap	1658.0
	0.35851223906706053	Kocak	bootstrap	1659.0
	0.3060559049291198	Kocak	bootstrap	1660.0
	0.3429017182474796	Kocak	bootstrap	1661.0
	0.1983478136681205	Kocak	bootstrap	1662.0
	0.35492153263002724	Kocak	bootstrap	1663.0
	0.249166122966054	Kocak	bootstrap	1664.0
	0.045851909791150725	Kocak	bootstrap	1665.0
	0.10958147671852636	Kocak	bootstrap	1666.0
	0.16711586227733122	Kocak	bootstrap	1667.0
	0.10966195616227203	Kocak	bootstrap	1668.0
	0.2719274116183783	Kocak	bootstrap	1669.0
	0.3197095199392965	Kocak	bootstrap	1670.0
	0.38473010331930446	Kocak	bootstrap	1671.0
	0.2508862568865471	Kocak	bootstrap	1672.0
	0.18729901256391113	Kocak	bootstrap	1673.0
	0.18948243702632617	Kocak	bootstrap	1674.0
	0.24188192462454428	Kocak	bootstrap	1675.0
	0.3262421225588943	Kocak	bootstrap	1676.0
	0.2019284235061516	Kocak	bootstrap	1677.0
	0.1311908122926253	Kocak	bootstrap	1678.0
	0.45277237212501653	Kocak	bootstrap	1679.0
	0.1802908581019924	Kocak	bootstrap	1680.0
	0.20683542879088357	Kocak	bootstrap	1681.0
	0.12225202256447076	Kocak	bootstrap	1682.0
	0.3002822005988808	Kocak	bootstrap	1683.0
	0.12895121858572356	Kocak	bootstrap	1684.0
	0.11763164702135498	Kocak	bootstrap	1685.0
	0.03533419074958832	Kocak	bootstrap	1686.0
	0.3272741551578138	Kocak	bootstrap	1687.0
	0.3121665916487517	Kocak	bootstrap	1688.0
	0.22328400423471528	Kocak	bootstrap	1689.0
	0.279767603592437	Kocak	bootstrap	1690.0
	0.06777693438998522	Kocak	bootstrap	1691.0
	0.223220693894004	Kocak	bootstrap	1692.0
	0.2741982756833119	Kocak	bootstrap	1693.0
	0.1349493554169463	Kocak	bootstrap	1694.0
	0.2644472067890895	Kocak	bootstrap	1695.0
	0.23538258560905767	Kocak	bootstrap	1696.0
	0.2652990291064974	Kocak	bootstrap	1697.0
	0.07478479159797757	Kocak	bootstrap	1698.0
	0.13972679491866735	Kocak	bootstrap	1699.0
	0.4206884333630825	Kocak	bootstrap	1700.0
	0.19424176072988342	Kocak	bootstrap	1701.0
	0.21325607693017012	Kocak	bootstrap	1702.0
	0.15135396328502182	Kocak	bootstrap	1703.0
	0.11588666549632975	Kocak	bootstrap	1704.0
	0.3344644458051249	Kocak	bootstrap	1705.0
	0.2244750768409176	Kocak	bootstrap	1706.0
	0.37814331342831675	Kocak	bootstrap	1707.0
	0.35422534121580007	Kocak	bootstrap	1708.0
	0.12121814736694247	Kocak	bootstrap	1709.0
	0.03722488517453115	Kocak	bootstrap	1710.0
	0.3389052470603646	Kocak	bootstrap	1711.0
	0.1398677846806029	Kocak	bootstrap	1712.0
	0.3466812369298271	Kocak	bootstrap	1713.0
	0.2168572297374034	Kocak	bootstrap	1714.0
	0.11775390699375254	Kocak	bootstrap	1715.0
	0.21880864319887472	Kocak	bootstrap	1716.0
	0.47982661952936834	Kocak	bootstrap	1717.0
	0.2973184710852603	Kocak	bootstrap	1718.0
	0.2499487692031277	Kocak	bootstrap	1719.0
	0.19397538916841484	Kocak	bootstrap	1720.0
	0.09575705255785305	Kocak	bootstrap	1721.0
	0.06174015362822605	Kocak	bootstrap	1722.0
	0.2162380463339817	Kocak	bootstrap	1723.0
	0.1371841250660184	Kocak	bootstrap	1724.0
	-0.09497932346273341	Kocak	bootstrap	1725.0
	0.18366729863995968	Kocak	bootstrap	1726.0
	0.2070084200172877	Kocak	bootstrap	1727.0
	0.09573181254267471	Kocak	bootstrap	1728.0
	0.13076942517434897	Kocak	bootstrap	1729.0
	-0.07927037747271193	Kocak	bootstrap	1730.0
	0.15891757267881346	Kocak	bootstrap	1731.0
	0.26003637819953784	Kocak	bootstrap	1732.0
	0.3873591822852065	Kocak	bootstrap	1733.0
	0.2097723084183567	Kocak	bootstrap	1734.0
	0.36853755682767986	Kocak	bootstrap	1735.0
	0.1138277141688313	Kocak	bootstrap	1736.0
	0.13615124932959066	Kocak	bootstrap	1737.0
	0.1540756710215616	Kocak	bootstrap	1738.0
	0.20108690093416648	Kocak	bootstrap	1739.0
	0.3261979822192478	Kocak	bootstrap	1740.0
	0.058318418602759436	Kocak	bootstrap	1741.0
	0.3353864637262891	Kocak	bootstrap	1742.0
	0.25264423605567643	Kocak	bootstrap	1743.0
	0.33511071895801425	Kocak	bootstrap	1744.0
	0.17467502231615484	Kocak	bootstrap	1745.0
	0.38762149807204693	Kocak	bootstrap	1746.0
	0.08000976309533314	Kocak	bootstrap	1747.0
	0.3188617505324096	Kocak	bootstrap	1748.0
	0.08687567296425414	Kocak	bootstrap	1749.0
	0.1376359073659641	Kocak	bootstrap	1750.0
	0.1502258307882487	Kocak	bootstrap	1751.0
	0.13275235597707624	Kocak	bootstrap	1752.0
	0.24872058298677135	Kocak	bootstrap	1753.0
	0.10007850616867842	Kocak	bootstrap	1754.0
	0.060550215742274816	Kocak	bootstrap	1755.0
	0.337767513454061	Kocak	bootstrap	1756.0
	0.200191659032237	Kocak	bootstrap	1757.0
	0.10166295121419999	Kocak	bootstrap	1758.0
	0.21940746500044384	Kocak	bootstrap	1759.0
	0.2755722305759294	Kocak	bootstrap	1760.0
	0.194591894631718	Kocak	bootstrap	1761.0
	0.43899058510847855	Kocak	bootstrap	1762.0
	0.3188837135429736	Kocak	bootstrap	1763.0
	0.1326669514314931	Kocak	bootstrap	1764.0
	0.23065986377895875	Kocak	bootstrap	1765.0
	0.19075129966917004	Kocak	bootstrap	1766.0
	0.3532747395696729	Kocak	bootstrap	1767.0
	0.19435201397636792	Kocak	bootstrap	1768.0
	0.21947866167248264	Kocak	bootstrap	1769.0
	0.32063129860269335	Kocak	bootstrap	1770.0
	0.25516564326757685	Kocak	bootstrap	1771.0
	0.1536284711841711	Kocak	bootstrap	1772.0
	0.35167080498746284	Kocak	bootstrap	1773.0
	0.19612126999227808	Kocak	bootstrap	1774.0
	0.4576600112104705	Kocak	bootstrap	1775.0
	0.1600660434371628	Kocak	bootstrap	1776.0
	0.16973440665876183	Kocak	bootstrap	1777.0
	0.25277048533482205	Kocak	bootstrap	1778.0
	0.4135958474195762	Kocak	bootstrap	1779.0
	0.35546427692220384	Kocak	bootstrap	1780.0
	0.1427889264314608	Kocak	bootstrap	1781.0
	0.26737599508125864	Kocak	bootstrap	1782.0
	0.21798758320649725	Kocak	bootstrap	1783.0
	0.43277322984470956	Kocak	bootstrap	1784.0
	0.26495377412735355	Kocak	bootstrap	1785.0
	0.30592814919459155	Kocak	bootstrap	1786.0
	0.3121723653501922	Kocak	bootstrap	1787.0
	0.3642073752529935	Kocak	bootstrap	1788.0
	0.2121305012404644	Kocak	bootstrap	1789.0
	0.2636804785067106	Kocak	bootstrap	1790.0
	0.2857706002240281	Kocak	bootstrap	1791.0
	0.31886056522762285	Kocak	bootstrap	1792.0
	0.33389156889035565	Kocak	bootstrap	1793.0
	0.10682284342323367	Kocak	bootstrap	1794.0
	0.2765718999917457	Kocak	bootstrap	1795.0
	0.13635270237072206	Kocak	bootstrap	1796.0
	0.1981201592450077	Kocak	bootstrap	1797.0
	0.31442310077014923	Kocak	bootstrap	1798.0
	0.33452122083993086	Kocak	bootstrap	1799.0
	0.1582690960436448	Kocak	bootstrap	1800.0
	0.3666719734376045	Kocak	bootstrap	1801.0
	0.37933031560620556	Kocak	bootstrap	1802.0
	0.2584630843150819	Kocak	bootstrap	1803.0
	0.4864549905404427	Kocak	bootstrap	1804.0
	0.149666946504178	Kocak	bootstrap	1805.0
	0.15790350926541663	Kocak	bootstrap	1806.0
	0.33636734763741316	Kocak	bootstrap	1807.0
	0.10464828159347839	Kocak	bootstrap	1808.0
	0.27788833430028603	Kocak	bootstrap	1809.0
	0.2605615165058799	Kocak	bootstrap	1810.0
	0.2130118230659308	Kocak	bootstrap	1811.0
	0.19706270700858042	Kocak	bootstrap	1812.0
	0.20971437758281386	Kocak	bootstrap	1813.0
	0.26615199949402424	Kocak	bootstrap	1814.0
	0.3596690526768249	Kocak	bootstrap	1815.0
	0.13636507045107926	Kocak	bootstrap	1816.0
	0.0998039334505858	Kocak	bootstrap	1817.0
	0.3401716160176944	Kocak	bootstrap	1818.0
	0.16027918637382577	Kocak	bootstrap	1819.0
	0.45461057697606666	Kocak	bootstrap	1820.0
	0.20937466373221802	Kocak	bootstrap	1821.0
	0.4296661752855231	Kocak	bootstrap	1822.0
	0.33158400315297953	Kocak	bootstrap	1823.0
	0.1512456703545979	Kocak	bootstrap	1824.0
	0.1475739459697225	Kocak	bootstrap	1825.0
	0.3399520075938316	Kocak	bootstrap	1826.0
	0.285176462628165	Kocak	bootstrap	1827.0
	0.11831381987461587	Kocak	bootstrap	1828.0
	0.20820937400819606	Kocak	bootstrap	1829.0
	0.22177061721287838	Kocak	bootstrap	1830.0
	0.11415804180339073	Kocak	bootstrap	1831.0
	0.19016615133924475	Kocak	bootstrap	1832.0
	0.3066636931860449	Kocak	bootstrap	1833.0
	0.026258807031513953	Kocak	bootstrap	1834.0
	0.14041296422362048	Kocak	bootstrap	1835.0
	0.2162139881500389	Kocak	bootstrap	1836.0
	0.129031747954806	Kocak	bootstrap	1837.0
	0.1252853608186255	Kocak	bootstrap	1838.0
	0.014284951868596352	Kocak	bootstrap	1839.0
	0.13912181706889903	Kocak	bootstrap	1840.0
	0.234276905334875	Kocak	bootstrap	1841.0
	0.020835467863189905	Kocak	bootstrap	1842.0
	0.3217296452215681	Kocak	bootstrap	1843.0
	0.21767748494253158	Kocak	bootstrap	1844.0
	0.261669801758182	Kocak	bootstrap	1845.0
	0.06432657749157755	Kocak	bootstrap	1846.0
	0.39656700808428447	Kocak	bootstrap	1847.0
	0.25323870469738274	Kocak	bootstrap	1848.0
	0.4776480099262832	Kocak	bootstrap	1849.0
	0.1091874821970249	Kocak	bootstrap	1850.0
	-0.119713938334435	Kocak	bootstrap	1851.0
	0.3273303432907424	Kocak	bootstrap	1852.0
	0.3631272793399871	Kocak	bootstrap	1853.0
	0.10237453378638683	Kocak	bootstrap	1854.0
	0.304733189587294	Kocak	bootstrap	1855.0
	0.4570469046526533	Kocak	bootstrap	1856.0
	0.22564849989359637	Kocak	bootstrap	1857.0
	0.3294754292557176	Kocak	bootstrap	1858.0
	0.3394732072021318	Kocak	bootstrap	1859.0
	0.33943148254370215	Kocak	bootstrap	1860.0
	0.19754693819020908	Kocak	bootstrap	1861.0
	0.05381791022383453	Kocak	bootstrap	1862.0
	0.1479497232401199	Kocak	bootstrap	1863.0
	0.29519619228451166	Kocak	bootstrap	1864.0
	0.19785522196977734	Kocak	bootstrap	1865.0
	0.2279018667540278	Kocak	bootstrap	1866.0
	0.08638322912611596	Kocak	bootstrap	1867.0
	0.2204273168012163	Kocak	bootstrap	1868.0
	0.3056745673148562	Kocak	bootstrap	1869.0
	0.3044338336911183	Kocak	bootstrap	1870.0
	0.22291432868017935	Kocak	bootstrap	1871.0
	0.1195700160258637	Kocak	bootstrap	1872.0
	0.15189188395657371	Kocak	bootstrap	1873.0
	0.3372818345937887	Kocak	bootstrap	1874.0
	0.39816976177336105	Kocak	bootstrap	1875.0
	0.1966734736048661	Kocak	bootstrap	1876.0
	0.3619173347342688	Kocak	bootstrap	1877.0
	0.12208976717498121	Kocak	bootstrap	1878.0
	0.24937889047196293	Kocak	bootstrap	1879.0
	0.043976564466287726	Kocak	bootstrap	1880.0
	0.3078245750067623	Kocak	bootstrap	1881.0
	0.15823637120996725	Kocak	bootstrap	1882.0
	0.32907227659383054	Kocak	bootstrap	1883.0
	0.1461150945346521	Kocak	bootstrap	1884.0
	0.20736262722278642	Kocak	bootstrap	1885.0
	0.24787634546668524	Kocak	bootstrap	1886.0
	0.2250245737701233	Kocak	bootstrap	1887.0
	0.07776430239554699	Kocak	bootstrap	1888.0
	0.2648611878242493	Kocak	bootstrap	1889.0
	0.23028413507295298	Kocak	bootstrap	1890.0
	0.05771383830806798	Kocak	bootstrap	1891.0
	0.2223402641036918	Kocak	bootstrap	1892.0
	0.30765262645847713	Kocak	bootstrap	1893.0
	0.22136216870850411	Kocak	bootstrap	1894.0
	0.11229689190436787	Kocak	bootstrap	1895.0
	0.2376846614032173	Kocak	bootstrap	1896.0
	0.33848337318152577	Kocak	bootstrap	1897.0
	0.4443469744364368	Kocak	bootstrap	1898.0
	0.2703942463283253	Kocak	bootstrap	1899.0
	0.18840682031488587	Kocak	bootstrap	1900.0
	0.48773123320085876	Kocak	bootstrap	1901.0
	0.204562564382468	Kocak	bootstrap	1902.0
	0.2638187486475525	Kocak	bootstrap	1903.0
	0.19528729429210312	Kocak	bootstrap	1904.0
	0.22949150969622156	Kocak	bootstrap	1905.0
	0.12568922141568883	Kocak	bootstrap	1906.0
	0.15491517416020084	Kocak	bootstrap	1907.0
	0.15874490265115337	Kocak	bootstrap	1908.0
	0.1223237753163744	Kocak	bootstrap	1909.0
	0.1770723112625161	Kocak	bootstrap	1910.0
	0.102780750672685	Kocak	bootstrap	1911.0
	0.2058534883343155	Kocak	bootstrap	1912.0
	0.28279488295704525	Kocak	bootstrap	1913.0
	0.057223113659701674	Kocak	bootstrap	1914.0
	0.18780866876472846	Kocak	bootstrap	1915.0
	0.09643043288907105	Kocak	bootstrap	1916.0
	0.21232336025067422	Kocak	bootstrap	1917.0
	0.13248738582404407	Kocak	bootstrap	1918.0
	0.3864021532422601	Kocak	bootstrap	1919.0
	0.36748744264934174	Kocak	bootstrap	1920.0
	0.23899338303669282	Kocak	bootstrap	1921.0
	-0.01838616497918988	Kocak	bootstrap	1922.0
	0.4369909897463966	Kocak	bootstrap	1923.0
	0.15253286624367313	Kocak	bootstrap	1924.0
	0.056082054918870305	Kocak	bootstrap	1925.0
	0.40969100156739646	Kocak	bootstrap	1926.0
	0.27430533357731424	Kocak	bootstrap	1927.0
	0.07328363199912857	Kocak	bootstrap	1928.0
	0.16435134142547447	Kocak	bootstrap	1929.0
	0.18165308149243842	Kocak	bootstrap	1930.0
	0.20961178646125767	Kocak	bootstrap	1931.0
	0.18166966860369804	Kocak	bootstrap	1932.0
	0.1242529211857688	Kocak	bootstrap	1933.0
	0.1875175947442571	Kocak	bootstrap	1934.0
	0.27093262022782305	Kocak	bootstrap	1935.0
	0.12917568645826538	Kocak	bootstrap	1936.0
	0.2322940741081183	Kocak	bootstrap	1937.0
	0.36120410869928765	Kocak	bootstrap	1938.0
	0.174815467454553	Kocak	bootstrap	1939.0
	0.21335940914381712	Kocak	bootstrap	1940.0
	0.2797638643274025	Kocak	bootstrap	1941.0
	0.18562890089387896	Kocak	bootstrap	1942.0
	0.14626148909693804	Kocak	bootstrap	1943.0
	0.22720517187616363	Kocak	bootstrap	1944.0
	0.21441472951557206	Kocak	bootstrap	1945.0
	0.15690697767143025	Kocak	bootstrap	1946.0
	0.3185694084670132	Kocak	bootstrap	1947.0
	0.3550999449231531	Kocak	bootstrap	1948.0
	0.23478412553666939	Kocak	bootstrap	1949.0
	0.27581082597844286	Kocak	bootstrap	1950.0
	0.33258956624543057	Kocak	bootstrap	1951.0
	0.24764714843283464	Kocak	bootstrap	1952.0
	0.18738618823657838	Kocak	bootstrap	1953.0
	0.24771473065135208	Kocak	bootstrap	1954.0
	0.15279541161347332	Kocak	bootstrap	1955.0
	0.1039907754838989	Kocak	bootstrap	1956.0
	0.3552425327709443	Kocak	bootstrap	1957.0
	0.2768211139603851	Kocak	bootstrap	1958.0
	0.16928408105390957	Kocak	bootstrap	1959.0
	0.14626193214754757	Kocak	bootstrap	1960.0
	0.12601032133360768	Kocak	bootstrap	1961.0
	0.21995015161147524	Kocak	bootstrap	1962.0
	0.08181797275322644	Kocak	bootstrap	1963.0
	0.22306097138086933	Kocak	bootstrap	1964.0
	0.0920042177767586	Kocak	bootstrap	1965.0
	0.19451076601814776	Kocak	bootstrap	1966.0
	0.3295240945799929	Kocak	bootstrap	1967.0
	0.15182511097954965	Kocak	bootstrap	1968.0
	-0.0033168143163067043	Kocak	bootstrap	1969.0
	0.1444823001496136	Kocak	bootstrap	1970.0
	0.2252257964843336	Kocak	bootstrap	1971.0
	0.15400473621516308	Kocak	bootstrap	1972.0
	0.28135775021122633	Kocak	bootstrap	1973.0
	0.32036219437524416	Kocak	bootstrap	1974.0
	0.02955514987562946	Kocak	bootstrap	1975.0
	0.3109194830124933	Kocak	bootstrap	1976.0
	0.37094069665649254	Kocak	bootstrap	1977.0
	0.16258348934423772	Kocak	bootstrap	1978.0
	0.2748703912307091	Kocak	bootstrap	1979.0
	0.28313506118318355	Kocak	bootstrap	1980.0
	0.1713469761001125	Kocak	bootstrap	1981.0
	0.22082528487808872	Kocak	bootstrap	1982.0
	0.13139390417483732	Kocak	bootstrap	1983.0
	0.28998805163501906	Kocak	bootstrap	1984.0
	0.14171077856944958	Kocak	bootstrap	1985.0
	0.0707112985925118	Kocak	bootstrap	1986.0
	0.19196626084083057	Kocak	bootstrap	1987.0
	0.2115204652020628	Kocak	bootstrap	1988.0
	0.2979163553160298	Kocak	bootstrap	1989.0
	0.2764512816938387	Kocak	bootstrap	1990.0
	0.3635856058654019	Kocak	bootstrap	1991.0
	0.03387781010299751	Kocak	bootstrap	1992.0
	0.12979695221143572	Kocak	bootstrap	1993.0
	0.3529903905281744	Kocak	bootstrap	1994.0
	0.17515362237461396	Kocak	bootstrap	1995.0
	0.34090121998412304	Kocak	bootstrap	1996.0
	0.22085336462857708	Kocak	bootstrap	1997.0
	0.22203568227895332	Kocak	bootstrap	1998.0
	0.22430070979321393	Kocak	bootstrap	1999.0
	0.07960319392554549	Kocak	bootstrap	2000.0
